   6.000000e-01   5.435640e-04   5.460231e-04
   5.982833e-01   5.436109e-04   5.391670e-04
   5.965665e-01   5.436580e-04   5.512994e-04
   5.948498e-01   5.437052e-04   5.443090e-04
   5.931330e-01   5.437525e-04   5.439214e-04
   5.914163e-01   5.438001e-04   5.481842e-04
   5.896996e-01   5.438477e-04   5.429234e-04
   5.879828e-01   5.438955e-04   5.453838e-04
   5.862661e-01   5.439435e-04   5.484261e-04
   5.845493e-01   5.439916e-04   5.501719e-04
   5.828326e-01   5.440398e-04   5.408434e-04
   5.811159e-01   5.440883e-04   5.393586e-04
   5.793991e-01   5.441368e-04   5.428875e-04
   5.776824e-01   5.441856e-04   5.440579e-04
   5.759656e-01   5.442345e-04   5.492069e-04
   5.742489e-01   5.442835e-04   5.436239e-04
   5.725322e-01   5.443327e-04   5.482467e-04
   5.708154e-01   5.443821e-04   5.484048e-04
   5.690987e-01   5.444317e-04   5.507913e-04
   5.673820e-01   5.444814e-04   5.481333e-04
   5.656652e-01   5.445312e-04   5.460508e-04
   5.639485e-01   5.445813e-04   5.535630e-04
   5.622318e-01   5.446315e-04   5.469528e-04
   5.605150e-01   5.446819e-04   5.458046e-04
   5.587983e-01   5.447324e-04   5.486820e-04
   5.570816e-01   5.447832e-04   5.451454e-04
   5.553648e-01   5.448341e-04   5.422428e-04
   5.536481e-01   5.448851e-04   5.450111e-04
   5.519313e-01   5.449364e-04   5.423059e-04
   5.502146e-01   5.449878e-04   5.485973e-04
   5.484978e-01   5.450394e-04   5.454986e-04
   5.467811e-01   5.450912e-04   5.507975e-04
   5.450644e-01   5.451432e-04   5.430488e-04
   5.433476e-01   5.451954e-04   5.452318e-04
   5.416309e-01   5.452477e-04   5.455705e-04
   5.399141e-01   5.453003e-04   5.510664e-04
   5.381974e-01   5.453530e-04   5.431020e-04
   5.364807e-01   5.454059e-04   5.486452e-04
   5.347639e-01   5.454590e-04   5.460829e-04
   5.330472e-01   5.455123e-04   5.475168e-04
   5.313304e-01   5.455659e-04   5.446246e-04
   5.296137e-01   5.456196e-04   5.481462e-04
   5.278970e-01   5.456735e-04   5.455436e-04
   5.261802e-01   5.457276e-04   5.472644e-04
   5.244635e-01   5.457819e-04   5.483079e-04
   5.227468e-01   5.458364e-04   5.469106e-04
   5.210300e-01   5.458911e-04   5.506079e-04
   5.193133e-01   5.459460e-04   5.453798e-04
   5.175966e-01   5.460011e-04   5.436311e-04
   5.158798e-01   5.460565e-04   5.515990e-04
   5.141631e-01   5.461120e-04   5.429042e-04
   5.124463e-01   5.461678e-04   5.483241e-04
   5.107296e-01   5.462238e-04   5.410791e-04
   5.090129e-01   5.462800e-04   5.486481e-04
   5.072961e-01   5.463364e-04   5.446779e-04
   5.055794e-01   5.463931e-04   5.412273e-04
   5.038626e-01   5.464499e-04   5.445936e-04
   5.021459e-01   5.465070e-04   5.471134e-04
   5.004292e-01   5.465644e-04   5.493034e-04
   4.987124e-01   5.466219e-04   5.446242e-04
   4.969957e-01   5.466797e-04   5.480734e-04
   4.952790e-01   5.467378e-04   5.462184e-04
   4.935622e-01   5.467960e-04   5.464181e-04
   4.918455e-01   5.468545e-04   5.479040e-04
   4.901287e-01   5.469133e-04   5.482440e-04
   4.884120e-01   5.469723e-04   5.415323e-04
   4.866953e-01   5.470315e-04   5.451736e-04
   4.849785e-01   5.470910e-04   5.445165e-04
   4.832618e-01   5.471507e-04   5.459351e-04
   4.815451e-01   5.472107e-04   5.415572e-04
   4.798283e-01   5.472709e-04   5.460399e-04
   4.781116e-01   5.473314e-04   5.427303e-04
   4.763949e-01   5.473922e-04   5.471140e-04
   4.746781e-01   5.474532e-04   5.468251e-04
   4.729614e-01   5.475145e-04   5.500636e-04
   4.712446e-01   5.475760e-04   5.478920e-04
   4.695279e-01   5.476378e-04   5.457191e-04
   4.678112e-01   5.476999e-04   5.485402e-04
   4.660944e-01   5.477623e-04   5.486887e-04
   4.643777e-01   5.478249e-04   5.455631e-04
   4.626609e-01   5.478879e-04   5.492646e-04
   4.609442e-01   5.479511e-04   5.506555e-04
   4.592275e-01   5.480146e-04   5.442934e-04
   4.575107e-01   5.480783e-04   5.504465e-04
   4.557940e-01   5.481424e-04   5.463158e-04
   4.540772e-01   5.482068e-04   5.506184e-04
   4.523605e-01   5.482714e-04   5.474253e-04
   4.506438e-01   5.483364e-04   5.462184e-04
   4.489270e-01   5.484016e-04   5.500970e-04
   4.472103e-01   5.484672e-04   5.499013e-04
   4.454935e-01   5.485331e-04   5.466065e-04
   4.437768e-01   5.485993e-04   5.462277e-04
   4.420601e-01   5.486658e-04   5.518985e-04
   4.403433e-01   5.487326e-04   5.449186e-04
   4.386266e-01   5.487997e-04   5.486324e-04
   4.369099e-01   5.488672e-04   5.480798e-04
   4.351931e-01   5.489350e-04   5.486194e-04
   4.334764e-01   5.490031e-04   5.477900e-04
   4.317597e-01   5.490716e-04   5.462405e-04
   4.300429e-01   5.491404e-04   5.449200e-04
   4.283262e-01   5.492095e-04   5.451807e-04
   4.266094e-01   5.492790e-04   5.463854e-04
   4.248927e-01   5.493488e-04   5.436939e-04
   4.231759e-01   5.494190e-04   5.459052e-04
   4.214592e-01   5.494895e-04   5.515611e-04
   4.197425e-01   5.495604e-04   5.479071e-04
   4.180257e-01   5.496317e-04   5.472382e-04
   4.163090e-01   5.497033e-04   5.506157e-04
   4.145922e-01   5.497753e-04   5.502785e-04
   4.128755e-01   5.498477e-04   5.500990e-04
   4.111588e-01   5.499204e-04   5.524588e-04
   4.094420e-01   5.499936e-04   5.538545e-04
   4.077253e-01   5.500671e-04   5.493302e-04
   4.060086e-01   5.501410e-04   5.543852e-04
   4.042918e-01   5.502153e-04   5.490282e-04
   4.025751e-01   5.502900e-04   5.505432e-04
   4.008584e-01   5.503651e-04   5.496955e-04
   3.991416e-01   5.504407e-04   5.461027e-04
   3.974249e-01   5.505166e-04   5.510426e-04
   3.957082e-01   5.505930e-04   5.550696e-04
   3.939914e-01   5.506697e-04   5.482542e-04
   3.922747e-01   5.507469e-04   5.466696e-04
   3.905579e-01   5.508246e-04   5.475854e-04
   3.888412e-01   5.509027e-04   5.504230e-04
   3.871245e-01   5.509812e-04   5.453720e-04
   3.854077e-01   5.510601e-04   5.492883e-04
   3.836910e-01   5.511396e-04   5.505266e-04
   3.819742e-01   5.512194e-04   5.557518e-04
   3.802575e-01   5.512998e-04   5.539243e-04
   3.785407e-01   5.513806e-04   5.533737e-04
   3.768240e-01   5.514619e-04   5.538739e-04
   3.751073e-01   5.515436e-04   5.546077e-04
   3.733905e-01   5.516259e-04   5.495652e-04
   3.716738e-01   5.517086e-04   5.555640e-04
   3.699571e-01   5.517918e-04   5.568116e-04
   3.682403e-01   5.518756e-04   5.506757e-04
   3.665236e-01   5.519598e-04   5.567933e-04
   3.648069e-01   5.520446e-04   5.519792e-04
   3.630901e-01   5.521299e-04   5.537064e-04
   3.613734e-01   5.522157e-04   5.544401e-04
   3.596567e-01   5.523020e-04   5.464671e-04
   3.579399e-01   5.523889e-04   5.507659e-04
   3.562232e-01   5.524763e-04   5.559792e-04
   3.545065e-01   5.525643e-04   5.491424e-04
   3.527897e-01   5.526528e-04   5.475270e-04
   3.510730e-01   5.527419e-04   5.519810e-04
   3.493562e-01   5.528316e-04   5.497969e-04
   3.476395e-01   5.529219e-04   5.552005e-04
   3.459228e-01   5.530127e-04   5.496967e-04
   3.442060e-01   5.531042e-04   5.538208e-04
   3.424893e-01   5.531963e-04   5.570141e-04
   3.407725e-01   5.532889e-04   5.484747e-04
   3.390558e-01   5.533822e-04   5.573626e-04
   3.373390e-01   5.534761e-04   5.536323e-04
   3.356223e-01   5.535707e-04   5.509132e-04
   3.339056e-01   5.536659e-04   5.510379e-04
   3.321888e-01   5.537617e-04   5.541980e-04
   3.304721e-01   5.538582e-04   5.482396e-04
   3.287553e-01   5.539554e-04   5.570323e-04
   3.270386e-01   5.540533e-04   5.515292e-04
   3.253219e-01   5.541518e-04   5.450094e-04
   3.236051e-01   5.542510e-04   5.576020e-04
   3.218884e-01   5.543510e-04   5.556037e-04
   3.201717e-01   5.544516e-04   5.497255e-04
   3.184549e-01   5.545530e-04   5.543258e-04
   3.167382e-01   5.546552e-04   5.533643e-04
   3.150215e-01   5.547580e-04   5.560238e-04
   3.133047e-01   5.548617e-04   5.528066e-04
   3.115880e-01   5.549660e-04   5.534995e-04
   3.098712e-01   5.550712e-04   5.578851e-04
   3.081545e-01   5.551772e-04   5.567119e-04
   3.064378e-01   5.552839e-04   5.575271e-04
   3.047210e-01   5.553915e-04   5.572523e-04
   3.030043e-01   5.554999e-04   5.490726e-04
   3.012876e-01   5.556091e-04   5.563742e-04
   2.995708e-01   5.557191e-04   5.517675e-04
   2.978541e-01   5.558300e-04   5.530449e-04
   2.961373e-01   5.559418e-04   5.528982e-04
   2.944206e-01   5.560545e-04   5.568441e-04
   2.927039e-01   5.561680e-04   5.550813e-04
   2.909871e-01   5.562825e-04   5.610083e-04
   2.892704e-01   5.563979e-04   5.458085e-04
   2.875536e-01   5.565142e-04   5.555553e-04
   2.858369e-01   5.566315e-04   5.516323e-04
   2.841202e-01   5.567497e-04   5.562078e-04
   2.824034e-01   5.568689e-04   5.637350e-04
   2.806867e-01   5.569891e-04   5.497111e-04
   2.789700e-01   5.571103e-04   5.529273e-04
   2.772532e-01   5.572325e-04   5.541228e-04
   2.755365e-01   5.573557e-04   5.584763e-04
   2.738197e-01   5.574800e-04   5.549234e-04
   2.721030e-01   5.576054e-04   5.607358e-04
   2.703863e-01   5.577318e-04   5.606567e-04
   2.686695e-01   5.578594e-04   5.564478e-04
   2.669528e-01   5.579880e-04   5.599300e-04
   2.652361e-01   5.581178e-04   5.597706e-04
   2.635193e-01   5.582488e-04   5.585522e-04
   2.618026e-01   5.583809e-04   5.569357e-04
   2.600858e-01   5.585142e-04   5.591380e-04
   2.583691e-01   5.586487e-04   5.553577e-04
   2.566524e-01   5.587844e-04   5.563727e-04
   2.549356e-01   5.589214e-04   5.573280e-04
   2.532189e-01   5.590596e-04   5.568012e-04
   2.515021e-01   5.591991e-04   5.523223e-04
   2.497854e-01   5.593399e-04   5.555763e-04
   2.480687e-01   5.594820e-04   5.649534e-04
   2.463519e-01   5.596255e-04   5.586925e-04
   2.446352e-01   5.597703e-04   5.603702e-04
   2.429185e-01   5.599165e-04   5.604471e-04
   2.412017e-01   5.600642e-04   5.600797e-04
   2.394850e-01   5.602132e-04   5.687180e-04
   2.377682e-01   5.603637e-04   5.578645e-04
   2.360515e-01   5.605157e-04   5.588342e-04
   2.343348e-01   5.606692e-04   5.618854e-04
   2.326180e-01   5.608242e-04   5.586928e-04
   2.309013e-01   5.609808e-04   5.663442e-04
   2.291846e-01   5.611389e-04   5.630676e-04
   2.274678e-01   5.612986e-04   5.608996e-04
   2.257511e-01   5.614600e-04   5.561233e-04
   2.240343e-01   5.616230e-04   5.628389e-04
   2.223176e-01   5.617877e-04   5.595674e-04
   2.206009e-01   5.619541e-04   5.540475e-04
   2.188841e-01   5.621222e-04   5.604518e-04
   2.171674e-01   5.622921e-04   5.553523e-04
   2.154506e-01   5.624637e-04   5.589593e-04
   2.137339e-01   5.626372e-04   5.667040e-04
   2.120172e-01   5.628125e-04   5.647414e-04
   2.103004e-01   5.629897e-04   5.638406e-04
   2.085837e-01   5.631688e-04   5.670349e-04
   2.068670e-01   5.633499e-04   5.632928e-04
   2.051502e-01   5.635329e-04   5.642063e-04
   2.034335e-01   5.637179e-04   5.619419e-04
   2.017167e-01   5.639049e-04   5.634542e-04
   2.000000e-01   5.640940e-04   5.633481e-04
   1.982832e-01   5.642852e-04   5.636458e-04
   1.965665e-01   5.644785e-04   5.676915e-04
   1.948498e-01   5.646739e-04   5.654422e-04
   1.931330e-01   5.648716e-04   5.653496e-04
   1.914163e-01   5.650714e-04   5.611476e-04
   1.896996e-01   5.652736e-04   5.615125e-04
   1.879828e-01   5.654780e-04   5.641022e-04
   1.862661e-01   5.656847e-04   5.587825e-04
   1.845493e-01   5.658938e-04   5.682900e-04
   1.828326e-01   5.661053e-04   5.671424e-04
   1.811159e-01   5.663192e-04   5.673110e-04
   1.793991e-01   5.665356e-04   5.652111e-04
   1.776824e-01   5.667544e-04   5.671779e-04
   1.759657e-01   5.669758e-04   5.695581e-04
   1.742489e-01   5.671998e-04   5.685975e-04
   1.725322e-01   5.674263e-04   5.735690e-04
   1.708154e-01   5.676555e-04   5.698341e-04
   1.690987e-01   5.678873e-04   5.680086e-04
   1.673820e-01   5.681219e-04   5.698381e-04
   1.656652e-01   5.683592e-04   5.686351e-04
   1.639485e-01   5.685992e-04   5.756745e-04
   1.622318e-01   5.688420e-04   5.721336e-04
   1.605150e-01   5.690876e-04   5.701163e-04
   1.587983e-01   5.693361e-04   5.714627e-04
   1.570815e-01   5.695875e-04   5.784488e-04
   1.553648e-01   5.698418e-04   5.685200e-04
   1.536481e-01   5.700990e-04   5.727973e-04
   1.519313e-01   5.703592e-04   5.688304e-04
   1.502146e-01   5.706223e-04   5.643506e-04
   1.484979e-01   5.708885e-04   5.741532e-04
   1.467811e-01   5.711577e-04   5.740325e-04
   1.450644e-01   5.714299e-04   5.662072e-04
   1.433476e-01   5.717052e-04   5.676192e-04
   1.416309e-01   5.719836e-04   5.751589e-04
   1.399142e-01   5.722651e-04   5.681354e-04
   1.381974e-01   5.725497e-04   5.673698e-04
   1.364807e-01   5.728374e-04   5.756924e-04
   1.347639e-01   5.731282e-04   5.742702e-04
   1.330472e-01   5.734221e-04   5.751371e-04
   1.313305e-01   5.737191e-04   5.723895e-04
   1.296137e-01   5.740193e-04   5.725472e-04
   1.278970e-01   5.743225e-04   5.740998e-04
   1.261803e-01   5.746289e-04   5.808988e-04
   1.244635e-01   5.749383e-04   5.780025e-04
   1.227468e-01   5.752507e-04   5.740014e-04
   1.210300e-01   5.755662e-04   5.855647e-04
   1.193133e-01   5.758846e-04   5.748420e-04
   1.175966e-01   5.762061e-04   5.760590e-04
   1.158798e-01   5.765304e-04   5.761084e-04
   1.141631e-01   5.768575e-04   5.745492e-04
   1.124464e-01   5.771875e-04   5.797595e-04
   1.107296e-01   5.775202e-04   5.812002e-04
   1.090129e-01   5.778556e-04   5.750076e-04
   1.072961e-01   5.781935e-04   5.786603e-04
   1.055794e-01   5.785340e-04   5.758549e-04
   1.038627e-01   5.788769e-04   5.825815e-04
   1.021459e-01   5.792221e-04   5.768370e-04
   1.004292e-01   5.795695e-04   5.769333e-04
   9.871244e-02   5.799190e-04   5.792953e-04
   9.699571e-02   5.802705e-04   5.757069e-04
   9.527897e-02   5.806238e-04   5.878283e-04
   9.356223e-02   5.809787e-04   5.828515e-04
   9.184550e-02   5.813352e-04   5.824413e-04
   9.012875e-02   5.816931e-04   5.827500e-04
   8.841202e-02   5.820521e-04   5.883951e-04
   8.669527e-02   5.824121e-04   5.846775e-04
   8.497854e-02   5.827730e-04   5.846647e-04
   8.326180e-02   5.831344e-04   5.917046e-04
   8.154506e-02   5.834962e-04   5.863080e-04
   7.982832e-02   5.838581e-04   5.816212e-04
   7.811158e-02   5.842199e-04   5.821994e-04
   7.639485e-02   5.845814e-04   5.870021e-04
   7.467811e-02   5.849422e-04   5.819521e-04
   7.296137e-02   5.853022e-04   5.883647e-04
   7.124464e-02   5.856609e-04   5.951398e-04
   6.952790e-02   5.860182e-04   5.834578e-04
   6.781116e-02   5.863736e-04   5.854490e-04
   6.609442e-02   5.867270e-04   5.859199e-04
   6.437768e-02   5.870779e-04   5.889486e-04
   6.266094e-02   5.874260e-04   5.899577e-04
   6.094420e-02   5.877709e-04   5.874047e-04
   5.922747e-02   5.881124e-04   5.810273e-04
   5.751073e-02   5.884499e-04   5.868246e-04
   5.579399e-02   5.887833e-04   5.867030e-04
   5.407725e-02   5.891120e-04   5.889781e-04
   5.236052e-02   5.894357e-04   5.850569e-04
   5.064378e-02   5.897539e-04   5.931310e-04
   4.892704e-02   5.900663e-04   5.971743e-04
   4.721030e-02   5.903725e-04   5.921195e-04
   4.549356e-02   5.906721e-04   5.929836e-04
   4.377682e-02   5.909646e-04   5.930231e-04
   4.206008e-02   5.912496e-04   5.910575e-04
   4.034335e-02   5.915268e-04   5.880057e-04
   3.862661e-02   5.917957e-04   5.923321e-04
   3.690987e-02   5.920558e-04   5.892821e-04
   3.519313e-02   5.923069e-04   5.860986e-04
   3.347640e-02   5.925484e-04   5.869402e-04
   3.175965e-02   5.927801e-04   5.877532e-04
   3.004292e-02   5.930014e-04   5.877852e-04
   2.832618e-02   5.932120e-04   5.974718e-04
   2.660944e-02   5.934116e-04   5.968140e-04
   2.489270e-02   5.935998e-04   5.879899e-04
   2.317596e-02   5.937762e-04   5.905215e-04
   2.145923e-02   5.939406e-04   5.906959e-04
   1.974249e-02   5.940925e-04   5.954048e-04
   1.802575e-02   5.942317e-04   5.918080e-04
   1.630901e-02   5.943579e-04   5.984315e-04
   1.459227e-02   5.944708e-04   5.978494e-04
   1.287554e-02   5.945702e-04   5.875533e-04
   1.115880e-02   5.946559e-04   5.943071e-04
   9.442060e-03   5.947276e-04   5.947638e-04
   7.725322e-03   5.947851e-04   5.926598e-04
   6.008584e-03   5.948284e-04   5.976582e-04
   4.291845e-03   5.948573e-04   5.965473e-04
   2.575107e-03   5.948716e-04   5.902707e-04
   8.583691e-04   5.948713e-04   5.920623e-04
  -8.583691e-04   5.948562e-04   5.945886e-04
  -2.575107e-03   5.948265e-04   5.949405e-04
  -4.291845e-03   5.947820e-04   5.876585e-04
  -6.008584e-03   5.947228e-04   5.957267e-04
  -7.725322e-03   5.946490e-04   5.918160e-04
  -9.442060e-03   5.945605e-04   5.945281e-04
  -1.115880e-02   5.944575e-04   5.929363e-04
  -1.287554e-02   5.943402e-04   5.949813e-04
  -1.459227e-02   5.942086e-04   5.915253e-04
  -1.630901e-02   5.940630e-04   5.943576e-04
  -1.802575e-02   5.939034e-04   5.961111e-04
  -1.974249e-02   5.937303e-04   5.992487e-04
  -2.145923e-02   5.935437e-04   5.962648e-04
  -2.317596e-02   5.933440e-04   5.931607e-04
  -2.489270e-02   5.931314e-04   5.957855e-04
  -2.660944e-02   5.929063e-04   5.917933e-04
  -2.832618e-02   5.926689e-04   5.934627e-04
  -3.004292e-02   5.924197e-04   5.926589e-04
  -3.175965e-02   5.921590e-04   5.930207e-04
  -3.347640e-02   5.918871e-04   5.849457e-04
  -3.519313e-02   5.916045e-04   5.895312e-04
  -3.690987e-02   5.913115e-04   5.936106e-04
  -3.862661e-02   5.910085e-04   5.997051e-04
  -4.034335e-02   5.906961e-04   5.910590e-04
  -4.206008e-02   5.903746e-04   5.934432e-04
  -4.377682e-02   5.900444e-04   5.954818e-04
  -4.549356e-02   5.897060e-04   5.941291e-04
  -4.721030e-02   5.893599e-04   5.964474e-04
  -4.892704e-02   5.890064e-04   5.908217e-04
  -5.064378e-02   5.886462e-04   5.896315e-04
  -5.236052e-02   5.882795e-04   5.911893e-04
  -5.407725e-02   5.879069e-04   5.828986e-04
  -5.579399e-02   5.875288e-04   5.849843e-04
  -5.751073e-02   5.871457e-04   5.935180e-04
  -5.922747e-02   5.867580e-04   5.806168e-04
  -6.094420e-02   5.863661e-04   5.844657e-04
  -6.266094e-02   5.859706e-04   5.880098e-04
  -6.437768e-02   5.855717e-04   5.860363e-04
  -6.609442e-02   5.851700e-04   5.801070e-04
  -6.781116e-02   5.847658e-04   5.866746e-04
  -6.952790e-02   5.843595e-04   5.884448e-04
  -7.124464e-02   5.839515e-04   5.853604e-04
  -7.296137e-02   5.835423e-04   5.812507e-04
  -7.467811e-02   5.831321e-04   5.812468e-04
  -7.639485e-02   5.827214e-04   5.790445e-04
  -7.811158e-02   5.823104e-04   5.783718e-04
  -7.982832e-02   5.818995e-04   5.861751e-04
  -8.154506e-02   5.814890e-04   5.800419e-04
  -8.326180e-02   5.810793e-04   5.755578e-04
  -8.497854e-02   5.806705e-04   5.818378e-04
  -8.669527e-02   5.802630e-04   5.780893e-04
  -8.841202e-02   5.798571e-04   5.736686e-04
  -9.012875e-02   5.794530e-04   5.818274e-04
  -9.184550e-02   5.790509e-04   5.789311e-04
  -9.356223e-02   5.786510e-04   5.821872e-04
  -9.527897e-02   5.782536e-04   5.741482e-04
  -9.699571e-02   5.778589e-04   5.839002e-04
  -9.871244e-02   5.774670e-04   5.799806e-04
  -1.004292e-01   5.770782e-04   5.736677e-04
  -1.021459e-01   5.766925e-04   5.788857e-04
  -1.038627e-01   5.763101e-04   5.780983e-04
  -1.055794e-01   5.759312e-04   5.738096e-04
  -1.072961e-01   5.755559e-04   5.687821e-04
  -1.090129e-01   5.751843e-04   5.783300e-04
  -1.107296e-01   5.748164e-04   5.746569e-04
  -1.124464e-01   5.744525e-04   5.764630e-04
  -1.141631e-01   5.740926e-04   5.753793e-04
  -1.158798e-01   5.737367e-04   5.757205e-04
  -1.175966e-01   5.733849e-04   5.712373e-04
  -1.193133e-01   5.730373e-04   5.752386e-04
  -1.210300e-01   5.726940e-04   5.655006e-04
  -1.227468e-01   5.723549e-04   5.734420e-04
  -1.244635e-01   5.720201e-04   5.706244e-04
  -1.261803e-01   5.716896e-04   5.747226e-04
  -1.278970e-01   5.713634e-04   5.706241e-04
  -1.296137e-01   5.710416e-04   5.677370e-04
  -1.313305e-01   5.707242e-04   5.678084e-04
  -1.330472e-01   5.704111e-04   5.785162e-04
  -1.347639e-01   5.701024e-04   5.767501e-04
  -1.364807e-01   5.697981e-04   5.650889e-04
  -1.381974e-01   5.694981e-04   5.739846e-04
  -1.399142e-01   5.692024e-04   5.698776e-04
  -1.416309e-01   5.689110e-04   5.644896e-04
  -1.433476e-01   5.686239e-04   5.680578e-04
  -1.450644e-01   5.683410e-04   5.660164e-04
  -1.467811e-01   5.680624e-04   5.728110e-04
  -1.484979e-01   5.677879e-04   5.649662e-04
  -1.502146e-01   5.675176e-04   5.693635e-04
  -1.519313e-01   5.672513e-04   5.734252e-04
  -1.536481e-01   5.669892e-04   5.713571e-04
  -1.553648e-01   5.667310e-04   5.636501e-04
  -1.570815e-01   5.664769e-04   5.679697e-04
  -1.587983e-01   5.662266e-04   5.662118e-04
  -1.605150e-01   5.659803e-04   5.653900e-04
  -1.622318e-01   5.657378e-04   5.631600e-04
  -1.639485e-01   5.654990e-04   5.656562e-04
  -1.656652e-01   5.652640e-04   5.692325e-04
  -1.673820e-01   5.650327e-04   5.578056e-04
  -1.690987e-01   5.648050e-04   5.589564e-04
  -1.708154e-01   5.645809e-04   5.665645e-04
  -1.725322e-01   5.643603e-04   5.660708e-04
  -1.742489e-01   5.641432e-04   5.687798e-04
  -1.759657e-01   5.639294e-04   5.671168e-04
  -1.776824e-01   5.637191e-04   5.705334e-04
  -1.793991e-01   5.635120e-04   5.659609e-04
  -1.811159e-01   5.633082e-04   5.699315e-04
  -1.828326e-01   5.631077e-04   5.677970e-04
  -1.845493e-01   5.629102e-04   5.623321e-04
  -1.862661e-01   5.627159e-04   5.650738e-04
  -1.879828e-01   5.625245e-04   5.559540e-04
  -1.896996e-01   5.623362e-04   5.620185e-04
  -1.914163e-01   5.621508e-04   5.597711e-04
  -1.931330e-01   5.619684e-04   5.586348e-04
  -1.948498e-01   5.617887e-04   5.655792e-04
  -1.965665e-01   5.616118e-04   5.667864e-04
  -1.982832e-01   5.614377e-04   5.635960e-04
  -2.000000e-01   5.612662e-04   5.664166e-04
  -2.017167e-01   5.610974e-04   5.604099e-04
  -2.034335e-01   5.609312e-04   5.627653e-04
  -2.051502e-01   5.607675e-04   5.556232e-04
  -2.068670e-01   5.606064e-04   5.608423e-04
  -2.085837e-01   5.604476e-04   5.602724e-04
  -2.103004e-01   5.602913e-04   5.614502e-04
  -2.120172e-01   5.601374e-04   5.619563e-04
  -2.137339e-01   5.599857e-04   5.550978e-04
  -2.154506e-01   5.598364e-04   5.583311e-04
  -2.171674e-01   5.596893e-04   5.676992e-04
  -2.188841e-01   5.595443e-04   5.602169e-04
  -2.206009e-01   5.594016e-04   5.553293e-04
  -2.223176e-01   5.592609e-04   5.621377e-04
  -2.240343e-01   5.591223e-04   5.537451e-04
  -2.257511e-01   5.589858e-04   5.505166e-04
  -2.274678e-01   5.588512e-04   5.622522e-04
  -2.291846e-01   5.587186e-04   5.571730e-04
  -2.309013e-01   5.585880e-04   5.570577e-04
  -2.326180e-01   5.584592e-04   5.564690e-04
  -2.343348e-01   5.583323e-04   5.590880e-04
  -2.360515e-01   5.582072e-04   5.599785e-04
  -2.377682e-01   5.580838e-04   5.645544e-04
  -2.394850e-01   5.579623e-04   5.574343e-04
  -2.412017e-01   5.578425e-04   5.605416e-04
  -2.429185e-01   5.577243e-04   5.584543e-04
  -2.446352e-01   5.576078e-04   5.519387e-04
  -2.463519e-01   5.574930e-04   5.568747e-04
  -2.480687e-01   5.573797e-04   5.539040e-04
  -2.497854e-01   5.572680e-04   5.546075e-04
  -2.515021e-01   5.571579e-04   5.618531e-04
  -2.532189e-01   5.570492e-04   5.558291e-04
  -2.549356e-01   5.569421e-04   5.564690e-04
  -2.566524e-01   5.568364e-04   5.550884e-04
  -2.583691e-01   5.567322e-04   5.544733e-04
  -2.600858e-01   5.566293e-04   5.543904e-04
  -2.618026e-01   5.565279e-04   5.628735e-04
  -2.635193e-01   5.564278e-04   5.516223e-04
  -2.652361e-01   5.563290e-04   5.593042e-04
  -2.669528e-01   5.562316e-04   5.512775e-04
  -2.686695e-01   5.561354e-04   5.486153e-04
  -2.703863e-01   5.560406e-04   5.530643e-04
  -2.721030e-01   5.559469e-04   5.586081e-04
  -2.738197e-01   5.558545e-04   5.558522e-04
  -2.755365e-01   5.557633e-04   5.570499e-04
  -2.772532e-01   5.556733e-04   5.515024e-04
  -2.789700e-01   5.555844e-04   5.552689e-04
  -2.806867e-01   5.554967e-04   5.511754e-04
  -2.824034e-01   5.554101e-04   5.547669e-04
  -2.841202e-01   5.553246e-04   5.542535e-04
  -2.858369e-01   5.552401e-04   5.583286e-04
  -2.875536e-01   5.551568e-04   5.563875e-04
  -2.892704e-01   5.550745e-04   5.597671e-04
  -2.909871e-01   5.549932e-04   5.533477e-04
  -2.927039e-01   5.549130e-04   5.509431e-04
  -2.944206e-01   5.548337e-04   5.527020e-04
  -2.961373e-01   5.547555e-04   5.492946e-04
  -2.978541e-01   5.546782e-04   5.516774e-04
  -2.995708e-01   5.546018e-04   5.558456e-04
  -3.012876e-01   5.545264e-04   5.515426e-04
  -3.030043e-01   5.544519e-04   5.519802e-04
  -3.047210e-01   5.543783e-04   5.516379e-04
  -3.064378e-01   5.543056e-04   5.473359e-04
  -3.081545e-01   5.542338e-04   5.524880e-04
  -3.098712e-01   5.541628e-04   5.560228e-04
  -3.115880e-01   5.540927e-04   5.425140e-04
  -3.133047e-01   5.540234e-04   5.570943e-04
  -3.150215e-01   5.539550e-04   5.571112e-04
  -3.167382e-01   5.538873e-04   5.574893e-04
  -3.184549e-01   5.538205e-04   5.658596e-04
  -3.201717e-01   5.537544e-04   5.478814e-04
  -3.218884e-01   5.536892e-04   5.506817e-04
  -3.236051e-01   5.536247e-04   5.524560e-04
  -3.253219e-01   5.535609e-04   5.557153e-04
  -3.270386e-01   5.534979e-04   5.546744e-04
  -3.287553e-01   5.534356e-04   5.476013e-04
  -3.304721e-01   5.533740e-04   5.518528e-04
  -3.321888e-01   5.533131e-04   5.518709e-04
  -3.339056e-01   5.532529e-04   5.481224e-04
  -3.356223e-01   5.531935e-04   5.541137e-04
  -3.373390e-01   5.531346e-04   5.534455e-04
  -3.390558e-01   5.530765e-04   5.489454e-04
  -3.407725e-01   5.530190e-04   5.486099e-04
  -3.424893e-01   5.529622e-04   5.538136e-04
  -3.442060e-01   5.529060e-04   5.509029e-04
  -3.459228e-01   5.528504e-04   5.478988e-04
  -3.476395e-01   5.527955e-04   5.513110e-04
  -3.493562e-01   5.527411e-04   5.532283e-04
  -3.510730e-01   5.526874e-04   5.525264e-04
  -3.527897e-01   5.526342e-04   5.491814e-04
  -3.545065e-01   5.525817e-04   5.534838e-04
  -3.562232e-01   5.525297e-04   5.471865e-04
  -3.579399e-01   5.524783e-04   5.556489e-04
  -3.596567e-01   5.524275e-04   5.500798e-04
  -3.613734e-01   5.523772e-04   5.505795e-04
  -3.630901e-01   5.523274e-04   5.595708e-04
  -3.648069e-01   5.522782e-04   5.448601e-04
  -3.665236e-01   5.522296e-04   5.483105e-04
  -3.682403e-01   5.521814e-04   5.520330e-04
  -3.699571e-01   5.521338e-04   5.507362e-04
  -3.716738e-01   5.520867e-04   5.535162e-04
  -3.733905e-01   5.520401e-04   5.518432e-04
  -3.751073e-01   5.519940e-04   5.495494e-04
  -3.768240e-01   5.519484e-04   5.487603e-04
  -3.785407e-01   5.519033e-04   5.510997e-04
  -3.802575e-01   5.518586e-04   5.546441e-04
  -3.819742e-01   5.518144e-04   5.557512e-04
  -3.836910e-01   5.517707e-04   5.543621e-04
  -3.854077e-01   5.517275e-04   5.527794e-04
  -3.871245e-01   5.516847e-04   5.515694e-04
  -3.888412e-01   5.516423e-04   5.544516e-04
  -3.905579e-01   5.516004e-04   5.569366e-04
  -3.922747e-01   5.515590e-04   5.507576e-04
  -3.939914e-01   5.515180e-04   5.490909e-04
  -3.957082e-01   5.514774e-04   5.521954e-04
  -3.974249e-01   5.514372e-04   5.584776e-04
  -3.991416e-01   5.513974e-04   5.499859e-04
  -4.008584e-01   5.513581e-04   5.499871e-04
  -4.025751e-01   5.513191e-04   5.507899e-04
  -4.042918e-01   5.512806e-04   5.551906e-04
  -4.060086e-01   5.512425e-04   5.492347e-04
  -4.077253e-01   5.512047e-04   5.528750e-04
  -4.094420e-01   5.511673e-04   5.468413e-04
  -4.111588e-01   5.511304e-04   5.510260e-04
  -4.128755e-01   5.510938e-04   5.494108e-04
  -4.145922e-01   5.510575e-04   5.457770e-04
  -4.163090e-01   5.510217e-04   5.558212e-04
  -4.180257e-01   5.509862e-04   5.458529e-04
  -4.197425e-01   5.509510e-04   5.540527e-04
  -4.214592e-01   5.509163e-04   5.518546e-04
  -4.231759e-01   5.508818e-04   5.568860e-04
  -4.248927e-01   5.508478e-04   5.490259e-04
  -4.266094e-01   5.508140e-04   5.553838e-04
  -4.283262e-01   5.507807e-04   5.456657e-04
  -4.300429e-01   5.507476e-04   5.590821e-04
  -4.317597e-01   5.507149e-04   5.490026e-04
  -4.334764e-01   5.506825e-04   5.486712e-04
  -4.351931e-01   5.506504e-04   5.464294e-04
  -4.369099e-01   5.506187e-04   5.528920e-04
  -4.386266e-01   5.505873e-04   5.575599e-04
  -4.403433e-01   5.505562e-04   5.535514e-04
  -4.420601e-01   5.505254e-04   5.475419e-04
  -4.437768e-01   5.504949e-04   5.540321e-04
  -4.454935e-01   5.504647e-04   5.522691e-04
  -4.472103e-01   5.504348e-04   5.515826e-04
  -4.489270e-01   5.504052e-04   5.511832e-04
  -4.506438e-01   5.503759e-04   5.529995e-04
  -4.523605e-01   5.503469e-04   5.507603e-04
  -4.540772e-01   5.503182e-04   5.474190e-04
  -4.557940e-01   5.502898e-04   5.484367e-04
  -4.575107e-01   5.502616e-04   5.513079e-04
  -4.592275e-01   5.502337e-04   5.534883e-04
  -4.609442e-01   5.502062e-04   5.511233e-04
  -4.626609e-01   5.501788e-04   5.510453e-04
  -4.643777e-01   5.501518e-04   5.535656e-04
  -4.660944e-01   5.501250e-04   5.489137e-04
  -4.678112e-01   5.500985e-04   5.466099e-04
  -4.695279e-01   5.500722e-04   5.483330e-04
  -4.712446e-01   5.500462e-04   5.438522e-04
  -4.729614e-01   5.500205e-04   5.516848e-04
  -4.746781e-01   5.499950e-04   5.522125e-04
  -4.763949e-01   5.499698e-04   5.503187e-04
  -4.781116e-01   5.499448e-04   5.541383e-04
  -4.798283e-01   5.499201e-04   5.518273e-04
  -4.815451e-01   5.498956e-04   5.421902e-04
  -4.832618e-01   5.498713e-04   5.536784e-04
  -4.849785e-01   5.498473e-04   5.485578e-04
  -4.866953e-01   5.498235e-04   5.526236e-04
  -4.884120e-01   5.498000e-04   5.478022e-04
  -4.901287e-01   5.497767e-04   5.455872e-04
  -4.918455e-01   5.497536e-04   5.511672e-04
  -4.935622e-01   5.497308e-04   5.449991e-04
  -4.952790e-01   5.497081e-04   5.550571e-04
  -4.969957e-01   5.496857e-04   5.540808e-04
  -4.987124e-01   5.496635e-04   5.432346e-04
  -5.004292e-01   5.496416e-04   5.455503e-04
  -5.021459e-01   5.496198e-04   5.511003e-04
  -5.038626e-01   5.495983e-04   5.499110e-04
  -5.055794e-01   5.495770e-04   5.420087e-04
  -5.072961e-01   5.495559e-04   5.542540e-04
  -5.090129e-01   5.495350e-04   5.511421e-04
  -5.107296e-01   5.495143e-04   5.511823e-04
  -5.124463e-01   5.494938e-04   5.468113e-04
  -5.141631e-01   5.494735e-04   5.466972e-04
  -5.158798e-01   5.494534e-04   5.545795e-04
  -5.175966e-01   5.494335e-04   5.519779e-04
  -5.193133e-01   5.494138e-04   5.466631e-04
  -5.210300e-01   5.493943e-04   5.521577e-04
  -5.227468e-01   5.493750e-04   5.520846e-04
  -5.244635e-01   5.493559e-04   5.521263e-04
  -5.261802e-01   5.493370e-04   5.448350e-04
  -5.278970e-01   5.493182e-04   5.590830e-04
  -5.296137e-01   5.492997e-04   5.517603e-04
  -5.313304e-01   5.492813e-04   5.477070e-04
  -5.330472e-01   5.492631e-04   5.586862e-04
  -5.347639e-01   5.492451e-04   5.528859e-04
  -5.364807e-01   5.492273e-04   5.502101e-04
  -5.381974e-01   5.492097e-04   5.456181e-04
  -5.399141e-01   5.491922e-04   5.506127e-04
  -5.416309e-01   5.491749e-04   5.506463e-04
  -5.433476e-01   5.491578e-04   5.482298e-04
  -5.450644e-01   5.491408e-04   5.550059e-04
  -5.467811e-01   5.491241e-04   5.464801e-04
  -5.484978e-01   5.491075e-04   5.438909e-04
  -5.502146e-01   5.490910e-04   5.479352e-04
  -5.519313e-01   5.490747e-04   5.500925e-04
  -5.536481e-01   5.490586e-04   5.485573e-04
  -5.553648e-01   5.490427e-04   5.445810e-04
  -5.570816e-01   5.490269e-04   5.471084e-04
  -5.587983e-01   5.490113e-04   5.489819e-04
  -5.605150e-01   5.489958e-04   5.504919e-04
  -5.622318e-01   5.489805e-04   5.513674e-04
  -5.639485e-01   5.489653e-04   5.478955e-04
  -5.656652e-01   5.489503e-04   5.576064e-04
  -5.673820e-01   5.489355e-04   5.432469e-04
  -5.690987e-01   5.489208e-04   5.474048e-04
  -5.708154e-01   5.489063e-04   5.508169e-04
  -5.725322e-01   5.488919e-04   5.484475e-04
  -5.742489e-01   5.488776e-04   5.443130e-04
  -5.759656e-01   5.488635e-04   5.385265e-04
  -5.776824e-01   5.488496e-04   5.502800e-04
  -5.793991e-01   5.488358e-04   5.426205e-04
  -5.811159e-01   5.488221e-04   5.514742e-04
  -5.828326e-01   5.488086e-04   5.570838e-04
  -5.845493e-01   5.487952e-04   5.507373e-04
  -5.862661e-01   5.487820e-04   5.549506e-04
  -5.879828e-01   5.487689e-04   5.549053e-04
  -5.896996e-01   5.487559e-04   5.446681e-04
  -5.914163e-01   5.487431e-04   5.593176e-04
  -5.931330e-01   5.487304e-04   5.460703e-04
  -5.948498e-01   5.487178e-04   5.505968e-04
  -5.965665e-01   5.487054e-04   5.485430e-04
  -5.982833e-01   5.486931e-04   5.437713e-04
  -6.000000e-01   5.486809e-04   5.545953e-04
