   6.000000e-01   5.429271e-04   5.422341e-04
   5.982833e-01   5.430118e-04   5.408828e-04
   5.965665e-01   5.430967e-04   5.456199e-04
   5.948498e-01   5.431819e-04   5.410371e-04
   5.931330e-01   5.432672e-04   5.414066e-04
   5.914163e-01   5.433528e-04   5.493717e-04
   5.896996e-01   5.434387e-04   5.430231e-04
   5.879828e-01   5.435248e-04   5.470091e-04
   5.862661e-01   5.436111e-04   5.472307e-04
   5.845493e-01   5.436977e-04   5.444740e-04
   5.828326e-01   5.437845e-04   5.404812e-04
   5.811159e-01   5.438715e-04   5.411506e-04
   5.793991e-01   5.439588e-04   5.436844e-04
   5.776824e-01   5.440464e-04   5.388125e-04
   5.759656e-01   5.441342e-04   5.477454e-04
   5.742489e-01   5.442222e-04   5.440118e-04
   5.725322e-01   5.443105e-04   5.474927e-04
   5.708154e-01   5.443991e-04   5.440017e-04
   5.690987e-01   5.444879e-04   5.479756e-04
   5.673820e-01   5.445769e-04   5.399433e-04
   5.656652e-01   5.446662e-04   5.420558e-04
   5.639485e-01   5.447558e-04   5.457243e-04
   5.622318e-01   5.448456e-04   5.472724e-04
   5.605150e-01   5.449357e-04   5.450404e-04
   5.587983e-01   5.450261e-04   5.479480e-04
   5.570816e-01   5.451167e-04   5.446085e-04
   5.553648e-01   5.452076e-04   5.426364e-04
   5.536481e-01   5.452987e-04   5.431797e-04
   5.519313e-01   5.453901e-04   5.423250e-04
   5.502146e-01   5.454818e-04   5.463794e-04
   5.484978e-01   5.455738e-04   5.490392e-04
   5.467811e-01   5.456661e-04   5.552396e-04
   5.450644e-01   5.457586e-04   5.445868e-04
   5.433476e-01   5.458514e-04   5.442752e-04
   5.416309e-01   5.459444e-04   5.426923e-04
   5.399141e-01   5.460378e-04   5.411205e-04
   5.381974e-01   5.461314e-04   5.522913e-04
   5.364807e-01   5.462254e-04   5.439000e-04
   5.347639e-01   5.463196e-04   5.447207e-04
   5.330472e-01   5.464141e-04   5.471684e-04
   5.313304e-01   5.465089e-04   5.420337e-04
   5.296137e-01   5.466039e-04   5.465889e-04
   5.278970e-01   5.466993e-04   5.476852e-04
   5.261802e-01   5.467950e-04   5.455239e-04
   5.244635e-01   5.468910e-04   5.503759e-04
   5.227468e-01   5.469872e-04   5.397767e-04
   5.210300e-01   5.470838e-04   5.482567e-04
   5.193133e-01   5.471807e-04   5.549909e-04
   5.175966e-01   5.472778e-04   5.397525e-04
   5.158798e-01   5.473753e-04   5.444061e-04
   5.141631e-01   5.474731e-04   5.472696e-04
   5.124463e-01   5.475712e-04   5.489673e-04
   5.107296e-01   5.476696e-04   5.428129e-04
   5.090129e-01   5.477683e-04   5.423536e-04
   5.072961e-01   5.478673e-04   5.481419e-04
   5.055794e-01   5.479667e-04   5.499498e-04
   5.038626e-01   5.480664e-04   5.469796e-04
   5.021459e-01   5.481664e-04   5.499490e-04
   5.004292e-01   5.482667e-04   5.576274e-04
   4.987124e-01   5.483673e-04   5.554358e-04
   4.969957e-01   5.484683e-04   5.490442e-04
   4.952790e-01   5.485696e-04   5.441497e-04
   4.935622e-01   5.486712e-04   5.465200e-04
   4.918455e-01   5.487731e-04   5.486772e-04
   4.901287e-01   5.488754e-04   5.519327e-04
   4.884120e-01   5.489781e-04   5.446278e-04
   4.866953e-01   5.490810e-04   5.474383e-04
   4.849785e-01   5.491843e-04   5.439363e-04
   4.832618e-01   5.492880e-04   5.429706e-04
   4.815451e-01   5.493920e-04   5.507095e-04
   4.798283e-01   5.494963e-04   5.449526e-04
   4.781116e-01   5.496010e-04   5.442648e-04
   4.763949e-01   5.497060e-04   5.574246e-04
   4.746781e-01   5.498114e-04   5.417159e-04
   4.729614e-01   5.499171e-04   5.475396e-04
   4.712446e-01   5.500232e-04   5.527091e-04
   4.695279e-01   5.501297e-04   5.525254e-04
   4.678112e-01   5.502365e-04   5.467905e-04
   4.660944e-01   5.503437e-04   5.451893e-04
   4.643777e-01   5.504512e-04   5.551023e-04
   4.626609e-01   5.505591e-04   5.507080e-04
   4.609442e-01   5.506674e-04   5.553032e-04
   4.592275e-01   5.507761e-04   5.505978e-04
   4.575107e-01   5.508851e-04   5.560995e-04
   4.557940e-01   5.509945e-04   5.489049e-04
   4.540772e-01   5.511043e-04   5.483810e-04
   4.523605e-01   5.512144e-04   5.459045e-04
   4.506438e-01   5.513249e-04   5.518538e-04
   4.489270e-01   5.514359e-04   5.529510e-04
   4.472103e-01   5.515471e-04   5.486193e-04
   4.454935e-01   5.516588e-04   5.526678e-04
   4.437768e-01   5.517709e-04   5.594382e-04
   4.420601e-01   5.518834e-04   5.453267e-04
   4.403433e-01   5.519962e-04   5.522933e-04
   4.386266e-01   5.521095e-04   5.504180e-04
   4.369099e-01   5.522231e-04   5.529892e-04
   4.351931e-01   5.523372e-04   5.504017e-04
   4.334764e-01   5.524516e-04   5.504012e-04
   4.317597e-01   5.525665e-04   5.518684e-04
   4.300429e-01   5.526818e-04   5.524132e-04
   4.283262e-01   5.527974e-04   5.442715e-04
   4.266094e-01   5.529135e-04   5.529135e-04
   4.248927e-01   5.530300e-04   5.526463e-04
   4.231759e-01   5.531469e-04   5.537796e-04
   4.214592e-01   5.532642e-04   5.618259e-04
   4.197425e-01   5.533820e-04   5.492443e-04
   4.180257e-01   5.535001e-04   5.540332e-04
   4.163090e-01   5.536187e-04   5.581115e-04
   4.145922e-01   5.537377e-04   5.526117e-04
   4.128755e-01   5.538571e-04   5.558319e-04
   4.111588e-01   5.539770e-04   5.562065e-04
   4.094420e-01   5.540973e-04   5.558109e-04
   4.077253e-01   5.542180e-04   5.571124e-04
   4.060086e-01   5.543391e-04   5.557712e-04
   4.042918e-01   5.544607e-04   5.468151e-04
   4.025751e-01   5.545828e-04   5.575920e-04
   4.008584e-01   5.547052e-04   5.528467e-04
   3.991416e-01   5.548281e-04   5.615198e-04
   3.974249e-01   5.549515e-04   5.533228e-04
   3.957082e-01   5.550753e-04   5.486122e-04
   3.939914e-01   5.551995e-04   5.588560e-04
   3.922747e-01   5.553242e-04   5.571045e-04
   3.905579e-01   5.554493e-04   5.570821e-04
   3.888412e-01   5.555749e-04   5.540643e-04
   3.871245e-01   5.557010e-04   5.541649e-04
   3.854077e-01   5.558275e-04   5.545937e-04
   3.836910e-01   5.559544e-04   5.490020e-04
   3.819742e-01   5.560819e-04   5.554947e-04
   3.802575e-01   5.562097e-04   5.518834e-04
   3.785407e-01   5.563381e-04   5.534009e-04
   3.768240e-01   5.564669e-04   5.547967e-04
   3.751073e-01   5.565962e-04   5.589172e-04
   3.733905e-01   5.567259e-04   5.547672e-04
   3.716738e-01   5.568561e-04   5.607128e-04
   3.699571e-01   5.569868e-04   5.634279e-04
   3.682403e-01   5.571179e-04   5.592615e-04
   3.665236e-01   5.572496e-04   5.556817e-04
   3.648069e-01   5.573816e-04   5.589090e-04
   3.630901e-01   5.575142e-04   5.579269e-04
   3.613734e-01   5.576473e-04   5.585073e-04
   3.596567e-01   5.577808e-04   5.544115e-04
   3.579399e-01   5.579148e-04   5.642810e-04
   3.562232e-01   5.580493e-04   5.538990e-04
   3.545065e-01   5.581842e-04   5.628651e-04
   3.527897e-01   5.583197e-04   5.612732e-04
   3.510730e-01   5.584556e-04   5.604619e-04
   3.493562e-01   5.585920e-04   5.623820e-04
   3.476395e-01   5.587289e-04   5.582390e-04
   3.459228e-01   5.588663e-04   5.563940e-04
   3.442060e-01   5.590042e-04   5.549054e-04
   3.424893e-01   5.591426e-04   5.588291e-04
   3.407725e-01   5.592814e-04   5.657801e-04
   3.390558e-01   5.594207e-04   5.630816e-04
   3.373390e-01   5.595606e-04   5.637134e-04
   3.356223e-01   5.597009e-04   5.677090e-04
   3.339056e-01   5.598417e-04   5.556247e-04
   3.321888e-01   5.599830e-04   5.582292e-04
   3.304721e-01   5.601247e-04   5.639647e-04
   3.287553e-01   5.602670e-04   5.605607e-04
   3.270386e-01   5.604098e-04   5.642165e-04
   3.253219e-01   5.605530e-04   5.642550e-04
   3.236051e-01   5.606968e-04   5.613517e-04
   3.218884e-01   5.608410e-04   5.558042e-04
   3.201717e-01   5.609857e-04   5.579566e-04
   3.184549e-01   5.611309e-04   5.645304e-04
   3.167382e-01   5.612766e-04   5.631105e-04
   3.150215e-01   5.614228e-04   5.621162e-04
   3.133047e-01   5.615695e-04   5.694208e-04
   3.115880e-01   5.617166e-04   5.646006e-04
   3.098712e-01   5.618642e-04   5.604620e-04
   3.081545e-01   5.620124e-04   5.677816e-04
   3.064378e-01   5.621610e-04   5.607949e-04
   3.047210e-01   5.623101e-04   5.597043e-04
   3.030043e-01   5.624596e-04   5.681645e-04
   3.012876e-01   5.626097e-04   5.637474e-04
   2.995708e-01   5.627602e-04   5.655260e-04
   2.978541e-01   5.629112e-04   5.665587e-04
   2.961373e-01   5.630626e-04   5.599699e-04
   2.944206e-01   5.632146e-04   5.614094e-04
   2.927039e-01   5.633670e-04   5.601716e-04
   2.909871e-01   5.635199e-04   5.663347e-04
   2.892704e-01   5.636732e-04   5.583657e-04
   2.875536e-01   5.638270e-04   5.649822e-04
   2.858369e-01   5.639812e-04   5.638697e-04
   2.841202e-01   5.641360e-04   5.631418e-04
   2.824034e-01   5.642911e-04   5.659507e-04
   2.806867e-01   5.644467e-04   5.653435e-04
   2.789700e-01   5.646028e-04   5.727706e-04
   2.772532e-01   5.647593e-04   5.609600e-04
   2.755365e-01   5.649162e-04   5.622493e-04
   2.738197e-01   5.650736e-04   5.680331e-04
   2.721030e-01   5.652314e-04   5.616339e-04
   2.703863e-01   5.653896e-04   5.696089e-04
   2.686695e-01   5.655483e-04   5.662563e-04
   2.669528e-01   5.657073e-04   5.637884e-04
   2.652361e-01   5.658668e-04   5.702466e-04
   2.635193e-01   5.660267e-04   5.704818e-04
   2.618026e-01   5.661870e-04   5.664877e-04
   2.600858e-01   5.663476e-04   5.691592e-04
   2.583691e-01   5.665087e-04   5.647227e-04
   2.566524e-01   5.666701e-04   5.751918e-04
   2.549356e-01   5.668320e-04   5.653692e-04
   2.532189e-01   5.669942e-04   5.635769e-04
   2.515021e-01   5.671567e-04   5.687968e-04
   2.497854e-01   5.673196e-04   5.708875e-04
   2.480687e-01   5.674829e-04   5.670370e-04
   2.463519e-01   5.676465e-04   5.668640e-04
   2.446352e-01   5.678105e-04   5.623933e-04
   2.429185e-01   5.679748e-04   5.713124e-04
   2.412017e-01   5.681393e-04   5.641562e-04
   2.394850e-01   5.683042e-04   5.655231e-04
   2.377682e-01   5.684695e-04   5.674786e-04
   2.360515e-01   5.686350e-04   5.679426e-04
   2.343348e-01   5.688007e-04   5.691985e-04
   2.326180e-01   5.689668e-04   5.742036e-04
   2.309013e-01   5.691331e-04   5.700233e-04
   2.291846e-01   5.692997e-04   5.662731e-04
   2.274678e-01   5.694665e-04   5.692955e-04
   2.257511e-01   5.696336e-04   5.734237e-04
   2.240343e-01   5.698009e-04   5.693162e-04
   2.223176e-01   5.699684e-04   5.746713e-04
   2.206009e-01   5.701360e-04   5.712970e-04
   2.188841e-01   5.703039e-04   5.691891e-04
   2.171674e-01   5.704720e-04   5.678812e-04
   2.154506e-01   5.706402e-04   5.709887e-04
   2.137339e-01   5.708086e-04   5.692288e-04
   2.120172e-01   5.709771e-04   5.712422e-04
   2.103004e-01   5.711457e-04   5.704075e-04
   2.085837e-01   5.713145e-04   5.690474e-04
   2.068670e-01   5.714833e-04   5.685062e-04
   2.051502e-01   5.716523e-04   5.735875e-04
   2.034335e-01   5.718213e-04   5.635283e-04
   2.017167e-01   5.719903e-04   5.705928e-04
   2.000000e-01   5.721594e-04   5.771784e-04
   1.982832e-01   5.723285e-04   5.776328e-04
   1.965665e-01   5.724976e-04   5.762451e-04
   1.948498e-01   5.726667e-04   5.699535e-04
   1.931330e-01   5.728358e-04   5.712846e-04
   1.914163e-01   5.730048e-04   5.713416e-04
   1.896996e-01   5.731738e-04   5.673300e-04
   1.879828e-01   5.733427e-04   5.713051e-04
   1.862661e-01   5.735115e-04   5.709486e-04
   1.845493e-01   5.736802e-04   5.699904e-04
   1.828326e-01   5.738487e-04   5.737356e-04
   1.811159e-01   5.740171e-04   5.748264e-04
   1.793991e-01   5.741853e-04   5.718413e-04
   1.776824e-01   5.743533e-04   5.768275e-04
   1.759657e-01   5.745211e-04   5.734349e-04
   1.742489e-01   5.746887e-04   5.757647e-04
   1.725322e-01   5.748560e-04   5.737062e-04
   1.708154e-01   5.750231e-04   5.715549e-04
   1.690987e-01   5.751898e-04   5.715930e-04
   1.673820e-01   5.753562e-04   5.767995e-04
   1.656652e-01   5.755223e-04   5.772368e-04
   1.639485e-01   5.756879e-04   5.764848e-04
   1.622318e-01   5.758533e-04   5.731822e-04
   1.605150e-01   5.760181e-04   5.770861e-04
   1.587983e-01   5.761826e-04   5.692953e-04
   1.570815e-01   5.763466e-04   5.762470e-04
   1.553648e-01   5.765101e-04   5.753982e-04
   1.536481e-01   5.766730e-04   5.765996e-04
   1.519313e-01   5.768355e-04   5.791047e-04
   1.502146e-01   5.769974e-04   5.703353e-04
   1.484979e-01   5.771587e-04   5.726894e-04
   1.467811e-01   5.773193e-04   5.786175e-04
   1.450644e-01   5.774793e-04   5.756277e-04
   1.433476e-01   5.776387e-04   5.732497e-04
   1.416309e-01   5.777974e-04   5.821811e-04
   1.399142e-01   5.779553e-04   5.750802e-04
   1.381974e-01   5.781124e-04   5.805489e-04
   1.364807e-01   5.782688e-04   5.801415e-04
   1.347639e-01   5.784244e-04   5.789829e-04
   1.330472e-01   5.785791e-04   5.763789e-04
   1.313305e-01   5.787330e-04   5.855082e-04
   1.296137e-01   5.788860e-04   5.743785e-04
   1.278970e-01   5.790380e-04   5.772670e-04
   1.261803e-01   5.791891e-04   5.795633e-04
   1.244635e-01   5.793391e-04   5.720535e-04
   1.227468e-01   5.794882e-04   5.819470e-04
   1.210300e-01   5.796362e-04   5.690131e-04
   1.193133e-01   5.797831e-04   5.797885e-04
   1.175966e-01   5.799289e-04   5.839725e-04
   1.158798e-01   5.800736e-04   5.795077e-04
   1.141631e-01   5.802171e-04   5.791625e-04
   1.124464e-01   5.803594e-04   5.783562e-04
   1.107296e-01   5.805004e-04   5.825909e-04
   1.090129e-01   5.806401e-04   5.857204e-04
   1.072961e-01   5.807786e-04   5.733514e-04
   1.055794e-01   5.809157e-04   5.819790e-04
   1.038627e-01   5.810515e-04   5.767006e-04
   1.021459e-01   5.811858e-04   5.824419e-04
   1.004292e-01   5.813187e-04   5.764229e-04
   9.871244e-02   5.814501e-04   5.788948e-04
   9.699571e-02   5.815801e-04   5.840427e-04
   9.527897e-02   5.817085e-04   5.797570e-04
   9.356223e-02   5.818353e-04   5.804886e-04
   9.184550e-02   5.819605e-04   5.861659e-04
   9.012875e-02   5.820841e-04   5.863980e-04
   8.841202e-02   5.822061e-04   5.833843e-04
   8.669527e-02   5.823263e-04   5.836005e-04
   8.497854e-02   5.824448e-04   5.802941e-04
   8.326180e-02   5.825615e-04   5.749378e-04
   8.154506e-02   5.826765e-04   5.860143e-04
   7.982832e-02   5.827896e-04   5.826248e-04
   7.811158e-02   5.829008e-04   5.833257e-04
   7.639485e-02   5.830102e-04   5.807425e-04
   7.467811e-02   5.831176e-04   5.799498e-04
   7.296137e-02   5.832230e-04   5.830710e-04
   7.124464e-02   5.833265e-04   5.864008e-04
   6.952790e-02   5.834280e-04   5.876205e-04
   6.781116e-02   5.835274e-04   5.833842e-04
   6.609442e-02   5.836247e-04   5.867219e-04
   6.437768e-02   5.837199e-04   5.834724e-04
   6.266094e-02   5.838130e-04   5.891982e-04
   6.094420e-02   5.839039e-04   5.837768e-04
   5.922747e-02   5.839926e-04   5.823048e-04
   5.751073e-02   5.840790e-04   5.817505e-04
   5.579399e-02   5.841632e-04   5.902088e-04
   5.407725e-02   5.842451e-04   5.828249e-04
   5.236052e-02   5.843247e-04   5.874445e-04
   5.064378e-02   5.844019e-04   5.734230e-04
   4.892704e-02   5.844768e-04   5.842708e-04
   4.721030e-02   5.845493e-04   5.853228e-04
   4.549356e-02   5.846193e-04   5.845983e-04
   4.377682e-02   5.846869e-04   5.818083e-04
   4.206008e-02   5.847521e-04   5.829787e-04
   4.034335e-02   5.848147e-04   5.820402e-04
   3.862661e-02   5.848748e-04   5.852473e-04
   3.690987e-02   5.849324e-04   5.860770e-04
   3.519313e-02   5.849874e-04   5.809741e-04
   3.347640e-02   5.850398e-04   5.805257e-04
   3.175965e-02   5.850896e-04   5.890161e-04
   3.004292e-02   5.851368e-04   5.873217e-04
   2.832618e-02   5.851813e-04   5.898407e-04
   2.660944e-02   5.852231e-04   5.872939e-04
   2.489270e-02   5.852623e-04   5.871886e-04
   2.317596e-02   5.852987e-04   5.889032e-04
   2.145923e-02   5.853325e-04   5.795413e-04
   1.974249e-02   5.853635e-04   5.905355e-04
   1.802575e-02   5.853917e-04   5.832089e-04
   1.630901e-02   5.854172e-04   5.835022e-04
   1.459227e-02   5.854399e-04   5.863170e-04
   1.287554e-02   5.854598e-04   5.878948e-04
   1.115880e-02   5.854769e-04   5.936300e-04
   9.442060e-03   5.854912e-04   5.854147e-04
   7.725322e-03   5.855027e-04   5.844399e-04
   6.008584e-03   5.855113e-04   5.819439e-04
   4.291845e-03   5.855171e-04   5.894594e-04
   2.575107e-03   5.855201e-04   5.872341e-04
   8.583691e-04   5.855202e-04   5.849740e-04
  -8.583691e-04   5.855174e-04   5.915820e-04
  -2.575107e-03   5.855118e-04   5.890570e-04
  -4.291845e-03   5.855033e-04   5.843886e-04
  -6.008584e-03   5.854919e-04   5.845658e-04
  -7.725322e-03   5.854777e-04   5.887186e-04
  -9.442060e-03   5.854605e-04   5.818893e-04
  -1.115880e-02   5.854406e-04   5.874935e-04
  -1.287554e-02   5.854177e-04   5.898371e-04
  -1.459227e-02   5.853920e-04   5.807235e-04
  -1.630901e-02   5.853634e-04   5.882542e-04
  -1.802575e-02   5.853320e-04   5.907496e-04
  -1.974249e-02   5.852977e-04   5.859420e-04
  -2.145923e-02   5.852605e-04   5.898501e-04
  -2.317596e-02   5.852206e-04   5.828689e-04
  -2.489270e-02   5.851777e-04   5.844911e-04
  -2.660944e-02   5.851321e-04   5.833547e-04
  -2.832618e-02   5.850837e-04   5.912230e-04
  -3.004292e-02   5.850324e-04   5.826899e-04
  -3.175965e-02   5.849784e-04   5.871908e-04
  -3.347640e-02   5.849216e-04   5.823403e-04
  -3.519313e-02   5.848620e-04   5.818368e-04
  -3.690987e-02   5.847997e-04   5.798385e-04
  -3.862661e-02   5.847346e-04   5.864453e-04
  -4.034335e-02   5.846669e-04   5.874701e-04
  -4.206008e-02   5.845964e-04   5.823006e-04
  -4.377682e-02   5.845233e-04   5.889925e-04
  -4.549356e-02   5.844475e-04   5.864113e-04
  -4.721030e-02   5.843691e-04   5.830021e-04
  -4.892704e-02   5.842881e-04   5.821027e-04
  -5.064378e-02   5.842044e-04   5.889201e-04
  -5.236052e-02   5.841182e-04   5.850267e-04
  -5.407725e-02   5.840295e-04   5.888725e-04
  -5.579399e-02   5.839382e-04   5.894302e-04
  -5.751073e-02   5.838445e-04   5.786861e-04
  -5.922747e-02   5.837482e-04   5.810075e-04
  -6.094420e-02   5.836496e-04   5.839264e-04
  -6.266094e-02   5.835485e-04   5.840080e-04
  -6.437768e-02   5.834450e-04   5.845513e-04
  -6.609442e-02   5.833392e-04   5.837506e-04
  -6.781116e-02   5.832310e-04   5.781198e-04
  -6.952790e-02   5.831205e-04   5.812008e-04
  -7.124464e-02   5.830078e-04   5.828440e-04
  -7.296137e-02   5.828929e-04   5.824669e-04
  -7.467811e-02   5.827757e-04   5.839572e-04
  -7.639485e-02   5.826564e-04   5.873472e-04
  -7.811158e-02   5.825349e-04   5.814286e-04
  -7.982832e-02   5.824113e-04   5.835424e-04
  -8.154506e-02   5.822857e-04   5.870956e-04
  -8.326180e-02   5.821580e-04   5.875191e-04
  -8.497854e-02   5.820284e-04   5.759870e-04
  -8.669527e-02   5.818967e-04   5.781059e-04
  -8.841202e-02   5.817632e-04   5.844699e-04
  -9.012875e-02   5.816277e-04   5.849515e-04
  -9.184550e-02   5.814904e-04   5.815540e-04
  -9.356223e-02   5.813513e-04   5.782593e-04
  -9.527897e-02   5.812104e-04   5.816095e-04
  -9.699571e-02   5.810678e-04   5.772387e-04
  -9.871244e-02   5.809235e-04   5.772161e-04
  -1.004292e-01   5.807775e-04   5.760365e-04
  -1.021459e-01   5.806299e-04   5.794415e-04
  -1.038627e-01   5.804807e-04   5.838240e-04
  -1.055794e-01   5.803299e-04   5.844344e-04
  -1.072961e-01   5.801776e-04   5.776889e-04
  -1.090129e-01   5.800239e-04   5.832401e-04
  -1.107296e-01   5.798687e-04   5.827592e-04
  -1.124464e-01   5.797122e-04   5.816961e-04
  -1.141631e-01   5.795543e-04   5.723069e-04
  -1.158798e-01   5.793951e-04   5.798494e-04
  -1.175966e-01   5.792346e-04   5.834175e-04
  -1.193133e-01   5.790729e-04   5.813134e-04
  -1.210300e-01   5.789100e-04   5.814034e-04
  -1.227468e-01   5.787459e-04   5.763829e-04
  -1.244635e-01   5.785807e-04   5.764675e-04
  -1.261803e-01   5.784145e-04   5.756031e-04
  -1.278970e-01   5.782472e-04   5.806721e-04
  -1.296137e-01   5.780789e-04   5.753328e-04
  -1.313305e-01   5.779097e-04   5.798924e-04
  -1.330472e-01   5.777395e-04   5.784623e-04
  -1.347639e-01   5.775685e-04   5.802157e-04
  -1.364807e-01   5.773966e-04   5.786935e-04
  -1.381974e-01   5.772239e-04   5.790558e-04
  -1.399142e-01   5.770505e-04   5.756391e-04
  -1.416309e-01   5.768763e-04   5.788011e-04
  -1.433476e-01   5.767014e-04   5.743158e-04
  -1.450644e-01   5.765259e-04   5.709649e-04
  -1.467811e-01   5.763498e-04   5.743063e-04
  -1.484979e-01   5.761731e-04   5.722381e-04
  -1.502146e-01   5.759958e-04   5.701926e-04
  -1.519313e-01   5.758181e-04   5.753317e-04
  -1.536481e-01   5.756398e-04   5.813422e-04
  -1.553648e-01   5.754612e-04   5.771019e-04
  -1.570815e-01   5.752821e-04   5.652612e-04
  -1.587983e-01   5.751027e-04   5.739923e-04
  -1.605150e-01   5.749229e-04   5.706605e-04
  -1.622318e-01   5.747429e-04   5.711751e-04
  -1.639485e-01   5.745625e-04   5.723134e-04
  -1.656652e-01   5.743820e-04   5.755984e-04
  -1.673820e-01   5.742012e-04   5.754533e-04
  -1.690987e-01   5.740203e-04   5.741358e-04
  -1.708154e-01   5.738392e-04   5.701555e-04
  -1.725322e-01   5.736581e-04   5.763920e-04
  -1.742489e-01   5.734768e-04   5.714036e-04
  -1.759657e-01   5.732956e-04   5.733975e-04
  -1.776824e-01   5.731143e-04   5.728370e-04
  -1.793991e-01   5.729330e-04   5.746396e-04
  -1.811159e-01   5.727518e-04   5.776410e-04
  -1.828326e-01   5.725706e-04   5.744948e-04
  -1.845493e-01   5.723895e-04   5.731943e-04
  -1.862661e-01   5.722086e-04   5.703248e-04
  -1.879828e-01   5.720278e-04   5.742111e-04
  -1.896996e-01   5.718472e-04   5.770893e-04
  -1.914163e-01   5.716668e-04   5.704599e-04
  -1.931330e-01   5.714867e-04   5.702585e-04
  -1.948498e-01   5.713068e-04   5.771839e-04
  -1.965665e-01   5.711271e-04   5.742995e-04
  -1.982832e-01   5.709478e-04   5.665304e-04
  -2.000000e-01   5.707688e-04   5.704054e-04
  -2.017167e-01   5.705902e-04   5.621212e-04
  -2.034335e-01   5.704119e-04   5.681389e-04
  -2.051502e-01   5.702340e-04   5.659969e-04
  -2.068670e-01   5.700566e-04   5.704143e-04
  -2.085837e-01   5.698796e-04   5.729554e-04
  -2.103004e-01   5.697030e-04   5.604262e-04
  -2.120172e-01   5.695269e-04   5.669217e-04
  -2.137339e-01   5.693513e-04   5.703752e-04
  -2.154506e-01   5.691763e-04   5.691494e-04
  -2.171674e-01   5.690017e-04   5.751479e-04
  -2.188841e-01   5.688277e-04   5.682341e-04
  -2.206009e-01   5.686543e-04   5.689942e-04
  -2.223176e-01   5.684815e-04   5.651101e-04
  -2.240343e-01   5.683092e-04   5.641774e-04
  -2.257511e-01   5.681376e-04   5.641305e-04
  -2.274678e-01   5.679666e-04   5.688531e-04
  -2.291846e-01   5.677963e-04   5.670674e-04
  -2.309013e-01   5.676266e-04   5.707835e-04
  -2.326180e-01   5.674576e-04   5.726705e-04
  -2.343348e-01   5.672893e-04   5.675842e-04
  -2.360515e-01   5.671217e-04   5.684964e-04
  -2.377682e-01   5.669548e-04   5.604361e-04
  -2.394850e-01   5.667887e-04   5.694333e-04
  -2.412017e-01   5.666233e-04   5.638590e-04
  -2.429185e-01   5.664586e-04   5.599175e-04
  -2.446352e-01   5.662947e-04   5.697633e-04
  -2.463519e-01   5.661315e-04   5.680068e-04
  -2.480687e-01   5.659692e-04   5.631782e-04
  -2.497854e-01   5.658076e-04   5.763384e-04
  -2.515021e-01   5.656469e-04   5.653081e-04
  -2.532189e-01   5.654869e-04   5.664043e-04
  -2.549356e-01   5.653278e-04   5.693102e-04
  -2.566524e-01   5.651695e-04   5.658929e-04
  -2.583691e-01   5.650120e-04   5.717534e-04
  -2.600858e-01   5.648554e-04   5.613130e-04
  -2.618026e-01   5.646996e-04   5.608662e-04
  -2.635193e-01   5.645447e-04   5.645809e-04
  -2.652361e-01   5.643906e-04   5.618029e-04
  -2.669528e-01   5.642374e-04   5.659063e-04
  -2.686695e-01   5.640851e-04   5.666548e-04
  -2.703863e-01   5.639336e-04   5.655681e-04
  -2.721030e-01   5.637831e-04   5.643822e-04
  -2.738197e-01   5.636334e-04   5.612493e-04
  -2.755365e-01   5.634846e-04   5.631663e-04
  -2.772532e-01   5.633368e-04   5.587809e-04
  -2.789700e-01   5.631898e-04   5.651894e-04
  -2.806867e-01   5.630437e-04   5.598666e-04
  -2.824034e-01   5.628985e-04   5.615872e-04
  -2.841202e-01   5.627543e-04   5.600636e-04
  -2.858369e-01   5.626109e-04   5.551235e-04
  -2.875536e-01   5.624685e-04   5.657127e-04
  -2.892704e-01   5.623270e-04   5.626940e-04
  -2.909871e-01   5.621864e-04   5.625578e-04
  -2.927039e-01   5.620467e-04   5.527495e-04
  -2.944206e-01   5.619080e-04   5.595515e-04
  -2.961373e-01   5.617702e-04   5.616390e-04
  -2.978541e-01   5.616333e-04   5.643816e-04
  -2.995708e-01   5.614973e-04   5.667811e-04
  -3.012876e-01   5.613622e-04   5.581652e-04
  -3.030043e-01   5.612281e-04   5.601420e-04
  -3.047210e-01   5.610949e-04   5.595041e-04
  -3.064378e-01   5.609626e-04   5.638427e-04
  -3.081545e-01   5.608313e-04   5.631806e-04
  -3.098712e-01   5.607009e-04   5.577530e-04
  -3.115880e-01   5.605714e-04   5.581060e-04
  -3.133047e-01   5.604428e-04   5.632476e-04
  -3.150215e-01   5.603151e-04   5.585046e-04
  -3.167382e-01   5.601884e-04   5.620153e-04
  -3.184549e-01   5.600626e-04   5.649190e-04
  -3.201717e-01   5.599377e-04   5.531876e-04
  -3.218884e-01   5.598137e-04   5.603613e-04
  -3.236051e-01   5.596906e-04   5.630481e-04
  -3.253219e-01   5.595685e-04   5.621240e-04
  -3.270386e-01   5.594472e-04   5.575371e-04
  -3.287553e-01   5.593269e-04   5.627675e-04
  -3.304721e-01   5.592075e-04   5.625310e-04
  -3.321888e-01   5.590889e-04   5.635310e-04
  -3.339056e-01   5.589713e-04   5.554424e-04
  -3.356223e-01   5.588546e-04   5.594673e-04
  -3.373390e-01   5.587387e-04   5.572630e-04
  -3.390558e-01   5.586238e-04   5.560990e-04
  -3.407725e-01   5.585097e-04   5.629481e-04
  -3.424893e-01   5.583966e-04   5.584000e-04
  -3.442060e-01   5.582843e-04   5.635044e-04
  -3.459228e-01   5.581728e-04   5.630138e-04
  -3.476395e-01   5.580623e-04   5.533978e-04
  -3.493562e-01   5.579526e-04   5.559898e-04
  -3.510730e-01   5.578438e-04   5.554614e-04
  -3.527897e-01   5.577359e-04   5.595787e-04
  -3.545065e-01   5.576288e-04   5.618486e-04
  -3.562232e-01   5.575226e-04   5.578894e-04
  -3.579399e-01   5.574172e-04   5.552923e-04
  -3.596567e-01   5.573127e-04   5.557507e-04
  -3.613734e-01   5.572090e-04   5.578803e-04
  -3.630901e-01   5.571062e-04   5.584615e-04
  -3.648069e-01   5.570041e-04   5.588036e-04
  -3.665236e-01   5.569030e-04   5.585307e-04
  -3.682403e-01   5.568026e-04   5.593566e-04
  -3.699571e-01   5.567031e-04   5.550403e-04
  -3.716738e-01   5.566044e-04   5.541040e-04
  -3.733905e-01   5.565065e-04   5.534510e-04
  -3.751073e-01   5.564094e-04   5.556713e-04
  -3.768240e-01   5.563131e-04   5.553016e-04
  -3.785407e-01   5.562176e-04   5.602310e-04
  -3.802575e-01   5.561229e-04   5.590547e-04
  -3.819742e-01   5.560290e-04   5.583979e-04
  -3.836910e-01   5.559359e-04   5.542206e-04
  -3.854077e-01   5.558436e-04   5.511015e-04
  -3.871245e-01   5.557520e-04   5.562814e-04
  -3.888412e-01   5.556612e-04   5.569704e-04
  -3.905579e-01   5.555712e-04   5.533623e-04
  -3.922747e-01   5.554819e-04   5.576333e-04
  -3.939914e-01   5.553934e-04   5.519381e-04
  -3.957082e-01   5.553057e-04   5.576459e-04
  -3.974249e-01   5.552187e-04   5.531588e-04
  -3.991416e-01   5.551324e-04   5.580054e-04
  -4.008584e-01   5.550469e-04   5.573627e-04
  -4.025751e-01   5.549621e-04   5.639623e-04
  -4.042918e-01   5.548780e-04   5.514221e-04
  -4.060086e-01   5.547947e-04   5.577795e-04
  -4.077253e-01   5.547121e-04   5.555118e-04
  -4.094420e-01   5.546302e-04   5.554910e-04
  -4.111588e-01   5.545490e-04   5.497350e-04
  -4.128755e-01   5.544685e-04   5.492062e-04
  -4.145922e-01   5.543887e-04   5.602239e-04
  -4.163090e-01   5.543096e-04   5.595023e-04
  -4.180257e-01   5.542312e-04   5.544671e-04
  -4.197425e-01   5.541534e-04   5.562884e-04
  -4.214592e-01   5.540764e-04   5.548413e-04
  -4.231759e-01   5.540000e-04   5.518432e-04
  -4.248927e-01   5.539243e-04   5.511274e-04
  -4.266094e-01   5.538493e-04   5.557763e-04
  -4.283262e-01   5.537749e-04   5.472413e-04
  -4.300429e-01   5.537011e-04   5.566971e-04
  -4.317597e-01   5.536281e-04   5.480506e-04
  -4.334764e-01   5.535556e-04   5.514784e-04
  -4.351931e-01   5.534838e-04   5.525355e-04
  -4.369099e-01   5.534127e-04   5.586227e-04
  -4.386266e-01   5.533422e-04   5.581940e-04
  -4.403433e-01   5.532723e-04   5.521278e-04
  -4.420601e-01   5.532030e-04   5.655528e-04
  -4.437768e-01   5.531343e-04   5.580677e-04
  -4.454935e-01   5.530663e-04   5.602458e-04
  -4.472103e-01   5.529988e-04   5.442764e-04
  -4.489270e-01   5.529320e-04   5.457667e-04
  -4.506438e-01   5.528658e-04   5.539544e-04
  -4.523605e-01   5.528001e-04   5.542558e-04
  -4.540772e-01   5.527351e-04   5.517922e-04
  -4.557940e-01   5.526706e-04   5.552825e-04
  -4.575107e-01   5.526067e-04   5.540610e-04
  -4.592275e-01   5.525434e-04   5.563382e-04
  -4.609442e-01   5.524807e-04   5.520919e-04
  -4.626609e-01   5.524185e-04   5.613429e-04
  -4.643777e-01   5.523569e-04   5.528291e-04
  -4.660944e-01   5.522958e-04   5.508423e-04
  -4.678112e-01   5.522354e-04   5.491282e-04
  -4.695279e-01   5.521754e-04   5.505141e-04
  -4.712446e-01   5.521160e-04   5.540722e-04
  -4.729614e-01   5.520571e-04   5.528120e-04
  -4.746781e-01   5.519988e-04   5.479578e-04
  -4.763949e-01   5.519410e-04   5.584606e-04
  -4.781116e-01   5.518838e-04   5.508424e-04
  -4.798283e-01   5.518270e-04   5.534054e-04
  -4.815451e-01   5.517708e-04   5.451579e-04
  -4.832618e-01   5.517151e-04   5.462067e-04
  -4.849785e-01   5.516599e-04   5.517801e-04
  -4.866953e-01   5.516052e-04   5.464108e-04
  -4.884120e-01   5.515511e-04   5.525423e-04
  -4.901287e-01   5.514974e-04   5.520671e-04
  -4.918455e-01   5.514442e-04   5.551220e-04
  -4.935622e-01   5.513915e-04   5.530127e-04
  -4.952790e-01   5.513393e-04   5.515095e-04
  -4.969957e-01   5.512876e-04   5.527749e-04
  -4.987124e-01   5.512364e-04   5.460571e-04
  -5.004292e-01   5.511856e-04   5.536661e-04
  -5.021459e-01   5.511353e-04   5.571525e-04
  -5.038626e-01   5.510855e-04   5.441757e-04
  -5.055794e-01   5.510361e-04   5.511136e-04
  -5.072961e-01   5.509872e-04   5.479743e-04
  -5.090129e-01   5.509388e-04   5.580486e-04
  -5.107296e-01   5.508908e-04   5.535757e-04
  -5.124463e-01   5.508433e-04   5.545665e-04
  -5.141631e-01   5.507962e-04   5.488943e-04
  -5.158798e-01   5.507495e-04   5.507465e-04
  -5.175966e-01   5.507033e-04   5.559664e-04
  -5.193133e-01   5.506576e-04   5.448368e-04
  -5.210300e-01   5.506122e-04   5.422031e-04
  -5.227468e-01   5.505673e-04   5.548950e-04
  -5.244635e-01   5.505228e-04   5.504346e-04
  -5.261802e-01   5.504788e-04   5.498786e-04
  -5.278970e-01   5.504351e-04   5.452270e-04
  -5.296137e-01   5.503919e-04   5.466730e-04
  -5.313304e-01   5.503491e-04   5.528024e-04
  -5.330472e-01   5.503067e-04   5.417946e-04
  -5.347639e-01   5.502647e-04   5.589840e-04
  -5.364807e-01   5.502231e-04   5.456877e-04
  -5.381974e-01   5.501819e-04   5.490665e-04
  -5.399141e-01   5.501411e-04   5.587747e-04
  -5.416309e-01   5.501007e-04   5.537596e-04
  -5.433476e-01   5.500607e-04   5.505631e-04
  -5.450644e-01   5.500210e-04   5.492462e-04
  -5.467811e-01   5.499818e-04   5.506634e-04
  -5.484978e-01   5.499429e-04   5.499205e-04
  -5.502146e-01   5.499044e-04   5.507510e-04
  -5.519313e-01   5.498663e-04   5.545379e-04
  -5.536481e-01   5.498285e-04   5.515461e-04
  -5.553648e-01   5.497911e-04   5.458964e-04
  -5.570816e-01   5.497541e-04   5.442396e-04
  -5.587983e-01   5.497175e-04   5.406311e-04
  -5.605150e-01   5.496812e-04   5.464711e-04
  -5.622318e-01   5.496452e-04   5.555034e-04
  -5.639485e-01   5.496096e-04   5.592694e-04
  -5.656652e-01   5.495744e-04   5.507952e-04
  -5.673820e-01   5.495395e-04   5.517636e-04
  -5.690987e-01   5.495050e-04   5.505472e-04
  -5.708154e-01   5.494708e-04   5.481074e-04
  -5.725322e-01   5.494369e-04   5.487670e-04
  -5.742489e-01   5.494034e-04   5.428112e-04
  -5.759656e-01   5.493702e-04   5.467014e-04
  -5.776824e-01   5.493373e-04   5.462219e-04
  -5.793991e-01   5.493048e-04   5.467566e-04
  -5.811159e-01   5.492726e-04   5.538919e-04
  -5.828326e-01   5.492407e-04   5.503319e-04
  -5.845493e-01   5.492092e-04   5.475099e-04
  -5.862661e-01   5.491779e-04   5.463648e-04
  -5.879828e-01   5.491470e-04   5.466509e-04
  -5.896996e-01   5.491164e-04   5.466747e-04
  -5.914163e-01   5.490861e-04   5.458056e-04
  -5.931330e-01   5.490561e-04   5.527817e-04
  -5.948498e-01   5.490265e-04   5.597686e-04
  -5.965665e-01   5.489971e-04   5.439154e-04
  -5.982833e-01   5.489680e-04   5.433736e-04
  -6.000000e-01   5.489392e-04   5.425221e-04
