   6.000000e-01   5.470146e-04   5.474171e-04
   5.982833e-01   5.470536e-04   5.473464e-04
   5.965665e-01   5.470927e-04   5.491290e-04
   5.948498e-01   5.471320e-04   5.452319e-04
   5.931330e-01   5.471715e-04   5.391241e-04
   5.914163e-01   5.472111e-04   5.468413e-04
   5.896996e-01   5.472508e-04   5.491228e-04
   5.879828e-01   5.472907e-04   5.507406e-04
   5.862661e-01   5.473308e-04   5.535921e-04
   5.845493e-01   5.473710e-04   5.466821e-04
   5.828326e-01   5.474114e-04   5.540120e-04
   5.811159e-01   5.474519e-04   5.516287e-04
   5.793991e-01   5.474926e-04   5.484967e-04
   5.776824e-01   5.475335e-04   5.466202e-04
   5.759656e-01   5.475745e-04   5.571418e-04
   5.742489e-01   5.476157e-04   5.496134e-04
   5.725322e-01   5.476570e-04   5.561153e-04
   5.708154e-01   5.476985e-04   5.546422e-04
   5.690987e-01   5.477402e-04   5.505331e-04
   5.673820e-01   5.477821e-04   5.491256e-04
   5.656652e-01   5.478241e-04   5.531806e-04
   5.639485e-01   5.478663e-04   5.519962e-04
   5.622318e-01   5.479086e-04   5.404231e-04
   5.605150e-01   5.479512e-04   5.541557e-04
   5.587983e-01   5.479939e-04   5.464316e-04
   5.570816e-01   5.480367e-04   5.504414e-04
   5.553648e-01   5.480798e-04   5.552995e-04
   5.536481e-01   5.481230e-04   5.404490e-04
   5.519313e-01   5.481665e-04   5.465846e-04
   5.502146e-01   5.482101e-04   5.489730e-04
   5.484978e-01   5.482539e-04   5.495832e-04
   5.467811e-01   5.482978e-04   5.477688e-04
   5.450644e-01   5.483420e-04   5.532306e-04
   5.433476e-01   5.483863e-04   5.481127e-04
   5.416309e-01   5.484309e-04   5.503867e-04
   5.399141e-01   5.484756e-04   5.476566e-04
   5.381974e-01   5.485205e-04   5.516692e-04
   5.364807e-01   5.485657e-04   5.455120e-04
   5.347639e-01   5.486110e-04   5.470746e-04
   5.330472e-01   5.486565e-04   5.506812e-04
   5.313304e-01   5.487022e-04   5.457971e-04
   5.296137e-01   5.487481e-04   5.468731e-04
   5.278970e-01   5.487942e-04   5.483794e-04
   5.261802e-01   5.488406e-04   5.516690e-04
   5.244635e-01   5.488871e-04   5.460661e-04
   5.227468e-01   5.489338e-04   5.525546e-04
   5.210300e-01   5.489808e-04   5.450214e-04
   5.193133e-01   5.490279e-04   5.577246e-04
   5.175966e-01   5.490753e-04   5.506376e-04
   5.158798e-01   5.491229e-04   5.414283e-04
   5.141631e-01   5.491707e-04   5.556089e-04
   5.124463e-01   5.492187e-04   5.494421e-04
   5.107296e-01   5.492670e-04   5.430738e-04
   5.090129e-01   5.493155e-04   5.450924e-04
   5.072961e-01   5.493642e-04   5.538391e-04
   5.055794e-01   5.494131e-04   5.511365e-04
   5.038626e-01   5.494623e-04   5.558178e-04
   5.021459e-01   5.495116e-04   5.486025e-04
   5.004292e-01   5.495613e-04   5.469838e-04
   4.987124e-01   5.496111e-04   5.592589e-04
   4.969957e-01   5.496612e-04   5.512927e-04
   4.952790e-01   5.497116e-04   5.476056e-04
   4.935622e-01   5.497621e-04   5.488430e-04
   4.918455e-01   5.498130e-04   5.532393e-04
   4.901287e-01   5.498640e-04   5.525511e-04
   4.884120e-01   5.499154e-04   5.412690e-04
   4.866953e-01   5.499669e-04   5.497489e-04
   4.849785e-01   5.500188e-04   5.487352e-04
   4.832618e-01   5.500708e-04   5.481681e-04
   4.815451e-01   5.501232e-04   5.532195e-04
   4.798283e-01   5.501758e-04   5.527805e-04
   4.781116e-01   5.502286e-04   5.462432e-04
   4.763949e-01   5.502818e-04   5.544055e-04
   4.746781e-01   5.503352e-04   5.482573e-04
   4.729614e-01   5.503888e-04   5.507510e-04
   4.712446e-01   5.504428e-04   5.518127e-04
   4.695279e-01   5.504970e-04   5.510118e-04
   4.678112e-01   5.505515e-04   5.509581e-04
   4.660944e-01   5.506063e-04   5.510460e-04
   4.643777e-01   5.506614e-04   5.512628e-04
   4.626609e-01   5.507167e-04   5.487947e-04
   4.609442e-01   5.507724e-04   5.452543e-04
   4.592275e-01   5.508283e-04   5.481644e-04
   4.575107e-01   5.508845e-04   5.467510e-04
   4.557940e-01   5.509411e-04   5.506337e-04
   4.540772e-01   5.509979e-04   5.553847e-04
   4.523605e-01   5.510550e-04   5.519399e-04
   4.506438e-01   5.511125e-04   5.509364e-04
   4.489270e-01   5.511702e-04   5.457655e-04
   4.472103e-01   5.512283e-04   5.483455e-04
   4.454935e-01   5.512867e-04   5.481777e-04
   4.437768e-01   5.513454e-04   5.511000e-04
   4.420601e-01   5.514044e-04   5.493115e-04
   4.403433e-01   5.514638e-04   5.458500e-04
   4.386266e-01   5.515235e-04   5.546762e-04
   4.369099e-01   5.515835e-04   5.471435e-04
   4.351931e-01   5.516439e-04   5.471294e-04
   4.334764e-01   5.517046e-04   5.483939e-04
   4.317597e-01   5.517656e-04   5.530346e-04
   4.300429e-01   5.518270e-04   5.469562e-04
   4.283262e-01   5.518887e-04   5.498233e-04
   4.266094e-01   5.519508e-04   5.505426e-04
   4.248927e-01   5.520133e-04   5.512934e-04
   4.231759e-01   5.520761e-04   5.504859e-04
   4.214592e-01   5.521393e-04   5.492761e-04
   4.197425e-01   5.522028e-04   5.455645e-04
   4.180257e-01   5.522668e-04   5.538143e-04
   4.163090e-01   5.523311e-04   5.533082e-04
   4.145922e-01   5.523958e-04   5.519651e-04
   4.128755e-01   5.524609e-04   5.489003e-04
   4.111588e-01   5.525263e-04   5.528891e-04
   4.094420e-01   5.525922e-04   5.463454e-04
   4.077253e-01   5.526585e-04   5.519510e-04
   4.060086e-01   5.527251e-04   5.570171e-04
   4.042918e-01   5.527922e-04   5.524367e-04
   4.025751e-01   5.528597e-04   5.545846e-04
   4.008584e-01   5.529276e-04   5.494124e-04
   3.991416e-01   5.529959e-04   5.492184e-04
   3.974249e-01   5.530647e-04   5.455937e-04
   3.957082e-01   5.531339e-04   5.518435e-04
   3.939914e-01   5.532035e-04   5.476755e-04
   3.922747e-01   5.532736e-04   5.483315e-04
   3.905579e-01   5.533441e-04   5.491630e-04
   3.888412e-01   5.534151e-04   5.491664e-04
   3.871245e-01   5.534865e-04   5.525173e-04
   3.854077e-01   5.535584e-04   5.539897e-04
   3.836910e-01   5.536308e-04   5.492630e-04
   3.819742e-01   5.537036e-04   5.498229e-04
   3.802575e-01   5.537769e-04   5.561972e-04
   3.785407e-01   5.538507e-04   5.571576e-04
   3.768240e-01   5.539250e-04   5.567031e-04
   3.751073e-01   5.539998e-04   5.494850e-04
   3.733905e-01   5.540751e-04   5.532058e-04
   3.716738e-01   5.541509e-04   5.555198e-04
   3.699571e-01   5.542272e-04   5.495651e-04
   3.682403e-01   5.543040e-04   5.521873e-04
   3.665236e-01   5.543814e-04   5.514739e-04
   3.648069e-01   5.544593e-04   5.506504e-04
   3.630901e-01   5.545377e-04   5.585570e-04
   3.613734e-01   5.546167e-04   5.521726e-04
   3.596567e-01   5.546963e-04   5.524238e-04
   3.579399e-01   5.547764e-04   5.562787e-04
   3.562232e-01   5.548570e-04   5.557097e-04
   3.545065e-01   5.549383e-04   5.529790e-04
   3.527897e-01   5.550201e-04   5.491310e-04
   3.510730e-01   5.551025e-04   5.524667e-04
   3.493562e-01   5.551855e-04   5.571798e-04
   3.476395e-01   5.552691e-04   5.490601e-04
   3.459228e-01   5.553534e-04   5.495948e-04
   3.442060e-01   5.554382e-04   5.531950e-04
   3.424893e-01   5.555237e-04   5.443166e-04
   3.407725e-01   5.556098e-04   5.636955e-04
   3.390558e-01   5.556966e-04   5.592947e-04
   3.373390e-01   5.557840e-04   5.565452e-04
   3.356223e-01   5.558721e-04   5.557830e-04
   3.339056e-01   5.559609e-04   5.560123e-04
   3.321888e-01   5.560503e-04   5.593426e-04
   3.304721e-01   5.561404e-04   5.603154e-04
   3.287553e-01   5.562313e-04   5.571010e-04
   3.270386e-01   5.563228e-04   5.556446e-04
   3.253219e-01   5.564150e-04   5.526915e-04
   3.236051e-01   5.565080e-04   5.559775e-04
   3.218884e-01   5.566018e-04   5.554135e-04
   3.201717e-01   5.566962e-04   5.568644e-04
   3.184549e-01   5.567915e-04   5.565165e-04
   3.167382e-01   5.568875e-04   5.542469e-04
   3.150215e-01   5.569842e-04   5.610071e-04
   3.133047e-01   5.570818e-04   5.562674e-04
   3.115880e-01   5.571802e-04   5.605065e-04
   3.098712e-01   5.572794e-04   5.564978e-04
   3.081545e-01   5.573794e-04   5.503232e-04
   3.064378e-01   5.574802e-04   5.597908e-04
   3.047210e-01   5.575819e-04   5.648740e-04
   3.030043e-01   5.576845e-04   5.608321e-04
   3.012876e-01   5.577879e-04   5.568965e-04
   2.995708e-01   5.578923e-04   5.534078e-04
   2.978541e-01   5.579975e-04   5.607019e-04
   2.961373e-01   5.581036e-04   5.585093e-04
   2.944206e-01   5.582107e-04   5.593563e-04
   2.927039e-01   5.583187e-04   5.600523e-04
   2.909871e-01   5.584277e-04   5.601483e-04
   2.892704e-01   5.585376e-04   5.557552e-04
   2.875536e-01   5.586485e-04   5.616557e-04
   2.858369e-01   5.587605e-04   5.540558e-04
   2.841202e-01   5.588734e-04   5.627818e-04
   2.824034e-01   5.589874e-04   5.597568e-04
   2.806867e-01   5.591024e-04   5.545644e-04
   2.789700e-01   5.592185e-04   5.571519e-04
   2.772532e-01   5.593356e-04   5.610114e-04
   2.755365e-01   5.594539e-04   5.574891e-04
   2.738197e-01   5.595733e-04   5.687195e-04
   2.721030e-01   5.596938e-04   5.638257e-04
   2.703863e-01   5.598154e-04   5.562302e-04
   2.686695e-01   5.599383e-04   5.579224e-04
   2.669528e-01   5.600623e-04   5.671577e-04
   2.652361e-01   5.601875e-04   5.554932e-04
   2.635193e-01   5.603139e-04   5.697222e-04
   2.618026e-01   5.604416e-04   5.605763e-04
   2.600858e-01   5.605706e-04   5.644926e-04
   2.583691e-01   5.607008e-04   5.589681e-04
   2.566524e-01   5.608324e-04   5.645133e-04
   2.549356e-01   5.609653e-04   5.635589e-04
   2.532189e-01   5.610995e-04   5.580013e-04
   2.515021e-01   5.612351e-04   5.606824e-04
   2.497854e-01   5.613721e-04   5.555188e-04
   2.480687e-01   5.615106e-04   5.641300e-04
   2.463519e-01   5.616505e-04   5.632000e-04
   2.446352e-01   5.617918e-04   5.635985e-04
   2.429185e-01   5.619347e-04   5.586490e-04
   2.412017e-01   5.620791e-04   5.657600e-04
   2.394850e-01   5.622250e-04   5.598395e-04
   2.377682e-01   5.623725e-04   5.682165e-04
   2.360515e-01   5.625216e-04   5.623759e-04
   2.343348e-01   5.626724e-04   5.666682e-04
   2.326180e-01   5.628248e-04   5.586766e-04
   2.309013e-01   5.629789e-04   5.643112e-04
   2.291846e-01   5.631347e-04   5.594828e-04
   2.274678e-01   5.632923e-04   5.605102e-04
   2.257511e-01   5.634516e-04   5.680895e-04
   2.240343e-01   5.636128e-04   5.641515e-04
   2.223176e-01   5.637758e-04   5.666645e-04
   2.206009e-01   5.639407e-04   5.679050e-04
   2.188841e-01   5.641076e-04   5.565570e-04
   2.171674e-01   5.642763e-04   5.645714e-04
   2.154506e-01   5.644471e-04   5.663780e-04
   2.137339e-01   5.646199e-04   5.624980e-04
   2.120172e-01   5.647947e-04   5.656317e-04
   2.103004e-01   5.649716e-04   5.659657e-04
   2.085837e-01   5.651507e-04   5.625438e-04
   2.068670e-01   5.653320e-04   5.626456e-04
   2.051502e-01   5.655154e-04   5.656780e-04
   2.034335e-01   5.657012e-04   5.673669e-04
   2.017167e-01   5.658892e-04   5.645335e-04
   2.000000e-01   5.660796e-04   5.675466e-04
   1.982832e-01   5.662723e-04   5.624230e-04
   1.965665e-01   5.664675e-04   5.648536e-04
   1.948498e-01   5.666652e-04   5.592643e-04
   1.931330e-01   5.668654e-04   5.705592e-04
   1.914163e-01   5.670682e-04   5.661055e-04
   1.896996e-01   5.672736e-04   5.711886e-04
   1.879828e-01   5.674816e-04   5.675407e-04
   1.862661e-01   5.676924e-04   5.662544e-04
   1.845493e-01   5.679059e-04   5.700349e-04
   1.828326e-01   5.681223e-04   5.755105e-04
   1.811159e-01   5.683415e-04   5.710575e-04
   1.793991e-01   5.685637e-04   5.664735e-04
   1.776824e-01   5.687888e-04   5.722078e-04
   1.759657e-01   5.690170e-04   5.730031e-04
   1.742489e-01   5.692483e-04   5.733217e-04
   1.725322e-01   5.694827e-04   5.746834e-04
   1.708154e-01   5.697203e-04   5.714967e-04
   1.690987e-01   5.699612e-04   5.694009e-04
   1.673820e-01   5.702054e-04   5.748512e-04
   1.656652e-01   5.704529e-04   5.744747e-04
   1.639485e-01   5.707040e-04   5.678300e-04
   1.622318e-01   5.709585e-04   5.670248e-04
   1.605150e-01   5.712165e-04   5.738271e-04
   1.587983e-01   5.714782e-04   5.684117e-04
   1.570815e-01   5.717435e-04   5.777735e-04
   1.553648e-01   5.720126e-04   5.747160e-04
   1.536481e-01   5.722855e-04   5.735814e-04
   1.519313e-01   5.725623e-04   5.770783e-04
   1.502146e-01   5.728429e-04   5.732377e-04
   1.484979e-01   5.731276e-04   5.718473e-04
   1.467811e-01   5.734162e-04   5.723334e-04
   1.450644e-01   5.737090e-04   5.719061e-04
   1.433476e-01   5.740059e-04   5.766142e-04
   1.416309e-01   5.743070e-04   5.767164e-04
   1.399142e-01   5.746124e-04   5.791566e-04
   1.381974e-01   5.749221e-04   5.780541e-04
   1.364807e-01   5.752362e-04   5.783362e-04
   1.347639e-01   5.755547e-04   5.734841e-04
   1.330472e-01   5.758776e-04   5.683110e-04
   1.313305e-01   5.762050e-04   5.687996e-04
   1.296137e-01   5.765370e-04   5.824065e-04
   1.278970e-01   5.768736e-04   5.764981e-04
   1.261803e-01   5.772148e-04   5.692186e-04
   1.244635e-01   5.775606e-04   5.814795e-04
   1.227468e-01   5.779111e-04   5.764372e-04
   1.210300e-01   5.782663e-04   5.769205e-04
   1.193133e-01   5.786262e-04   5.840262e-04
   1.175966e-01   5.789908e-04   5.794040e-04
   1.158798e-01   5.793601e-04   5.764974e-04
   1.141631e-01   5.797341e-04   5.841037e-04
   1.124464e-01   5.801128e-04   5.783983e-04
   1.107296e-01   5.804962e-04   5.845927e-04
   1.090129e-01   5.808843e-04   5.798341e-04
   1.072961e-01   5.812769e-04   5.854738e-04
   1.055794e-01   5.816741e-04   5.869133e-04
   1.038627e-01   5.820758e-04   5.779216e-04
   1.021459e-01   5.824819e-04   5.795317e-04
   1.004292e-01   5.828923e-04   5.869378e-04
   9.871244e-02   5.833069e-04   5.812617e-04
   9.699571e-02   5.837257e-04   5.852550e-04
   9.527897e-02   5.841485e-04   5.867711e-04
   9.356223e-02   5.845751e-04   5.800903e-04
   9.184550e-02   5.850055e-04   5.857453e-04
   9.012875e-02   5.854393e-04   5.856105e-04
   8.841202e-02   5.858765e-04   5.850991e-04
   8.669527e-02   5.863168e-04   5.918093e-04
   8.497854e-02   5.867601e-04   5.873723e-04
   8.326180e-02   5.872059e-04   5.847671e-04
   8.154506e-02   5.876542e-04   5.850295e-04
   7.982832e-02   5.881045e-04   5.894344e-04
   7.811158e-02   5.885566e-04   5.821549e-04
   7.639485e-02   5.890102e-04   5.908198e-04
   7.467811e-02   5.894648e-04   5.930111e-04
   7.296137e-02   5.899202e-04   5.913105e-04
   7.124464e-02   5.903760e-04   5.864910e-04
   6.952790e-02   5.908316e-04   5.940291e-04
   6.781116e-02   5.912867e-04   5.910440e-04
   6.609442e-02   5.917408e-04   5.945420e-04
   6.437768e-02   5.921934e-04   5.883868e-04
   6.266094e-02   5.926440e-04   5.847563e-04
   6.094420e-02   5.930921e-04   5.923097e-04
   5.922747e-02   5.935372e-04   5.887534e-04
   5.751073e-02   5.939786e-04   5.939126e-04
   5.579399e-02   5.944158e-04   5.875240e-04
   5.407725e-02   5.948481e-04   5.893627e-04
   5.236052e-02   5.952750e-04   5.959687e-04
   5.064378e-02   5.956959e-04   5.926301e-04
   4.892704e-02   5.961100e-04   6.001280e-04
   4.721030e-02   5.965167e-04   5.922956e-04
   4.549356e-02   5.969154e-04   5.909575e-04
   4.377682e-02   5.973053e-04   5.981405e-04
   4.206008e-02   5.976858e-04   5.969027e-04
   4.034335e-02   5.980563e-04   6.019297e-04
   3.862661e-02   5.984159e-04   5.974471e-04
   3.690987e-02   5.987641e-04   5.946019e-04
   3.519313e-02   5.991001e-04   6.039179e-04
   3.347640e-02   5.994234e-04   5.935174e-04
   3.175965e-02   5.997332e-04   5.975595e-04
   3.004292e-02   6.000289e-04   5.985732e-04
   2.832618e-02   6.003098e-04   6.047720e-04
   2.660944e-02   6.005754e-04   5.998101e-04
   2.489270e-02   6.008251e-04   6.039536e-04
   2.317596e-02   6.010582e-04   6.017137e-04
   2.145923e-02   6.012743e-04   6.047534e-04
   1.974249e-02   6.014729e-04   6.001852e-04
   1.802575e-02   6.016534e-04   6.038719e-04
   1.630901e-02   6.018155e-04   5.992607e-04
   1.459227e-02   6.019587e-04   6.061762e-04
   1.287554e-02   6.020827e-04   6.066632e-04
   1.115880e-02   6.021870e-04   6.018997e-04
   9.442060e-03   6.022716e-04   6.072312e-04
   7.725322e-03   6.023360e-04   6.046357e-04
   6.008584e-03   6.023801e-04   5.953984e-04
   4.291845e-03   6.024038e-04   6.011676e-04
   2.575107e-03   6.024069e-04   5.980983e-04
   8.583691e-04   6.023895e-04   6.034044e-04
  -8.583691e-04   6.023514e-04   5.975625e-04
  -2.575107e-03   6.022927e-04   6.020842e-04
  -4.291845e-03   6.022135e-04   6.055451e-04
  -6.008584e-03   6.021140e-04   6.002551e-04
  -7.725322e-03   6.019942e-04   6.050639e-04
  -9.442060e-03   6.018546e-04   6.075892e-04
  -1.115880e-02   6.016952e-04   6.027989e-04
  -1.287554e-02   6.015164e-04   6.035319e-04
  -1.459227e-02   6.013187e-04   6.049834e-04
  -1.630901e-02   6.011023e-04   6.033136e-04
  -1.802575e-02   6.008677e-04   5.957209e-04
  -1.974249e-02   6.006154e-04   6.058814e-04
  -2.145923e-02   6.003459e-04   6.007241e-04
  -2.317596e-02   6.000598e-04   5.981969e-04
  -2.489270e-02   5.997575e-04   5.989238e-04
  -2.660944e-02   5.994398e-04   5.976286e-04
  -2.832618e-02   5.991071e-04   5.990415e-04
  -3.004292e-02   5.987603e-04   6.004776e-04
  -3.175965e-02   5.983998e-04   5.991865e-04
  -3.347640e-02   5.980265e-04   6.075002e-04
  -3.519313e-02   5.976409e-04   5.948283e-04
  -3.690987e-02   5.972438e-04   6.003898e-04
  -3.862661e-02   5.968359e-04   5.971041e-04
  -4.034335e-02   5.964179e-04   5.991421e-04
  -4.206008e-02   5.959906e-04   5.910435e-04
  -4.377682e-02   5.955545e-04   6.016568e-04
  -4.549356e-02   5.951106e-04   5.906733e-04
  -4.721030e-02   5.946593e-04   6.016177e-04
  -4.892704e-02   5.942015e-04   5.941244e-04
  -5.064378e-02   5.937379e-04   5.908408e-04
  -5.236052e-02   5.932690e-04   5.992092e-04
  -5.407725e-02   5.927957e-04   5.784862e-04
  -5.579399e-02   5.923184e-04   5.925064e-04
  -5.751073e-02   5.918378e-04   5.920584e-04
  -5.922747e-02   5.913547e-04   5.897348e-04
  -6.094420e-02   5.908694e-04   5.913997e-04
  -6.266094e-02   5.903827e-04   5.929108e-04
  -6.437768e-02   5.898949e-04   5.941319e-04
  -6.609442e-02   5.894068e-04   5.908866e-04
  -6.781116e-02   5.889187e-04   5.825578e-04
  -6.952790e-02   5.884312e-04   5.874865e-04
  -7.124464e-02   5.879447e-04   5.885349e-04
  -7.296137e-02   5.874595e-04   5.808194e-04
  -7.467811e-02   5.869762e-04   5.865350e-04
  -7.639485e-02   5.864952e-04   5.768330e-04
  -7.811158e-02   5.860166e-04   5.813557e-04
  -7.982832e-02   5.855410e-04   5.841987e-04
  -8.154506e-02   5.850685e-04   5.881714e-04
  -8.326180e-02   5.845996e-04   5.834432e-04
  -8.497854e-02   5.841343e-04   5.836589e-04
  -8.669527e-02   5.836731e-04   5.822583e-04
  -8.841202e-02   5.832161e-04   5.815168e-04
  -9.012875e-02   5.827635e-04   5.830189e-04
  -9.184550e-02   5.823154e-04   5.831147e-04
  -9.356223e-02   5.818722e-04   5.862708e-04
  -9.527897e-02   5.814338e-04   5.796642e-04
  -9.699571e-02   5.810005e-04   5.790935e-04
  -9.871244e-02   5.805723e-04   5.809495e-04
  -1.004292e-01   5.801493e-04   5.826496e-04
  -1.021459e-01   5.797316e-04   5.808394e-04
  -1.038627e-01   5.793194e-04   5.810285e-04
  -1.055794e-01   5.789125e-04   5.830256e-04
  -1.072961e-01   5.785112e-04   5.735878e-04
  -1.090129e-01   5.781153e-04   5.728383e-04
  -1.107296e-01   5.777250e-04   5.776305e-04
  -1.124464e-01   5.773403e-04   5.748506e-04
  -1.141631e-01   5.769611e-04   5.788811e-04
  -1.158798e-01   5.765874e-04   5.778651e-04
  -1.175966e-01   5.762193e-04   5.728930e-04
  -1.193133e-01   5.758566e-04   5.791582e-04
  -1.210300e-01   5.754995e-04   5.725682e-04
  -1.227468e-01   5.751477e-04   5.787227e-04
  -1.244635e-01   5.748014e-04   5.798234e-04
  -1.261803e-01   5.744605e-04   5.746636e-04
  -1.278970e-01   5.741248e-04   5.735289e-04
  -1.296137e-01   5.737944e-04   5.754622e-04
  -1.313305e-01   5.734692e-04   5.741078e-04
  -1.330472e-01   5.731491e-04   5.708738e-04
  -1.347639e-01   5.728341e-04   5.762774e-04
  -1.364807e-01   5.725241e-04   5.773743e-04
  -1.381974e-01   5.722191e-04   5.714915e-04
  -1.399142e-01   5.719189e-04   5.681155e-04
  -1.416309e-01   5.716235e-04   5.697170e-04
  -1.433476e-01   5.713328e-04   5.732774e-04
  -1.450644e-01   5.710468e-04   5.738914e-04
  -1.467811e-01   5.707654e-04   5.758595e-04
  -1.484979e-01   5.704885e-04   5.664990e-04
  -1.502146e-01   5.702160e-04   5.713978e-04
  -1.519313e-01   5.699479e-04   5.710027e-04
  -1.536481e-01   5.696840e-04   5.692597e-04
  -1.553648e-01   5.694243e-04   5.631553e-04
  -1.570815e-01   5.691688e-04   5.634854e-04
  -1.587983e-01   5.689174e-04   5.707629e-04
  -1.605150e-01   5.686699e-04   5.672246e-04
  -1.622318e-01   5.684263e-04   5.732589e-04
  -1.639485e-01   5.681865e-04   5.694696e-04
  -1.656652e-01   5.679505e-04   5.708048e-04
  -1.673820e-01   5.677182e-04   5.644358e-04
  -1.690987e-01   5.674896e-04   5.679477e-04
  -1.708154e-01   5.672644e-04   5.694926e-04
  -1.725322e-01   5.670428e-04   5.647420e-04
  -1.742489e-01   5.668246e-04   5.649513e-04
  -1.759657e-01   5.666097e-04   5.647416e-04
  -1.776824e-01   5.663981e-04   5.700177e-04
  -1.793991e-01   5.661897e-04   5.594268e-04
  -1.811159e-01   5.659845e-04   5.678750e-04
  -1.828326e-01   5.657823e-04   5.686309e-04
  -1.845493e-01   5.655832e-04   5.688035e-04
  -1.862661e-01   5.653871e-04   5.607349e-04
  -1.879828e-01   5.651938e-04   5.610053e-04
  -1.896996e-01   5.650035e-04   5.662436e-04
  -1.914163e-01   5.648159e-04   5.675814e-04
  -1.931330e-01   5.646311e-04   5.687620e-04
  -1.948498e-01   5.644489e-04   5.662844e-04
  -1.965665e-01   5.642694e-04   5.671641e-04
  -1.982832e-01   5.640925e-04   5.646986e-04
  -2.000000e-01   5.639181e-04   5.611898e-04
  -2.017167e-01   5.637462e-04   5.652968e-04
  -2.034335e-01   5.635767e-04   5.673785e-04
  -2.051502e-01   5.634096e-04   5.683319e-04
  -2.068670e-01   5.632448e-04   5.585901e-04
  -2.085837e-01   5.630824e-04   5.597941e-04
  -2.103004e-01   5.629222e-04   5.664658e-04
  -2.120172e-01   5.627642e-04   5.635455e-04
  -2.137339e-01   5.626083e-04   5.591284e-04
  -2.154506e-01   5.624546e-04   5.623112e-04
  -2.171674e-01   5.623029e-04   5.643875e-04
  -2.188841e-01   5.621533e-04   5.644290e-04
  -2.206009e-01   5.620057e-04   5.550063e-04
  -2.223176e-01   5.618601e-04   5.633105e-04
  -2.240343e-01   5.617163e-04   5.600232e-04
  -2.257511e-01   5.615745e-04   5.591957e-04
  -2.274678e-01   5.614345e-04   5.596964e-04
  -2.291846e-01   5.612964e-04   5.614240e-04
  -2.309013e-01   5.611600e-04   5.596128e-04
  -2.326180e-01   5.610254e-04   5.583047e-04
  -2.343348e-01   5.608925e-04   5.563239e-04
  -2.360515e-01   5.607612e-04   5.635622e-04
  -2.377682e-01   5.606317e-04   5.610186e-04
  -2.394850e-01   5.605037e-04   5.611714e-04
  -2.412017e-01   5.603774e-04   5.620209e-04
  -2.429185e-01   5.602526e-04   5.636937e-04
  -2.446352e-01   5.601294e-04   5.616532e-04
  -2.463519e-01   5.600077e-04   5.596314e-04
  -2.480687e-01   5.598874e-04   5.574339e-04
  -2.497854e-01   5.597686e-04   5.691092e-04
  -2.515021e-01   5.596513e-04   5.619832e-04
  -2.532189e-01   5.595354e-04   5.552918e-04
  -2.549356e-01   5.594208e-04   5.576787e-04
  -2.566524e-01   5.593076e-04   5.601504e-04
  -2.583691e-01   5.591957e-04   5.611078e-04
  -2.600858e-01   5.590852e-04   5.549002e-04
  -2.618026e-01   5.589759e-04   5.579386e-04
  -2.635193e-01   5.588679e-04   5.604936e-04
  -2.652361e-01   5.587612e-04   5.586112e-04
  -2.669528e-01   5.586556e-04   5.569179e-04
  -2.686695e-01   5.585513e-04   5.541675e-04
  -2.703863e-01   5.584482e-04   5.559585e-04
  -2.721030e-01   5.583462e-04   5.613004e-04
  -2.738197e-01   5.582454e-04   5.587288e-04
  -2.755365e-01   5.581457e-04   5.577449e-04
  -2.772532e-01   5.580471e-04   5.544553e-04
  -2.789700e-01   5.579496e-04   5.548012e-04
  -2.806867e-01   5.578532e-04   5.534646e-04
  -2.824034e-01   5.577578e-04   5.577076e-04
  -2.841202e-01   5.576635e-04   5.544783e-04
  -2.858369e-01   5.575701e-04   5.622464e-04
  -2.875536e-01   5.574778e-04   5.545592e-04
  -2.892704e-01   5.573865e-04   5.604003e-04
  -2.909871e-01   5.572962e-04   5.624396e-04
  -2.927039e-01   5.572068e-04   5.518457e-04
  -2.944206e-01   5.571183e-04   5.567673e-04
  -2.961373e-01   5.570308e-04   5.618456e-04
  -2.978541e-01   5.569442e-04   5.534054e-04
  -2.995708e-01   5.568585e-04   5.565238e-04
  -3.012876e-01   5.567737e-04   5.560012e-04
  -3.030043e-01   5.566897e-04   5.580653e-04
  -3.047210e-01   5.566067e-04   5.562660e-04
  -3.064378e-01   5.565244e-04   5.608325e-04
  -3.081545e-01   5.564430e-04   5.528622e-04
  -3.098712e-01   5.563624e-04   5.603547e-04
  -3.115880e-01   5.562827e-04   5.616784e-04
  -3.133047e-01   5.562037e-04   5.504909e-04
  -3.150215e-01   5.561255e-04   5.586133e-04
  -3.167382e-01   5.560481e-04   5.604293e-04
  -3.184549e-01   5.559715e-04   5.550671e-04
  -3.201717e-01   5.558956e-04   5.520030e-04
  -3.218884e-01   5.558204e-04   5.574605e-04
  -3.236051e-01   5.557460e-04   5.587747e-04
  -3.253219e-01   5.556723e-04   5.551934e-04
  -3.270386e-01   5.555993e-04   5.582357e-04
  -3.287553e-01   5.555270e-04   5.529993e-04
  -3.304721e-01   5.554554e-04   5.587600e-04
  -3.321888e-01   5.553845e-04   5.526280e-04
  -3.339056e-01   5.553143e-04   5.549094e-04
  -3.356223e-01   5.552447e-04   5.596642e-04
  -3.373390e-01   5.551757e-04   5.568509e-04
  -3.390558e-01   5.551075e-04   5.630174e-04
  -3.407725e-01   5.550398e-04   5.552246e-04
  -3.424893e-01   5.549728e-04   5.551115e-04
  -3.442060e-01   5.549064e-04   5.548990e-04
  -3.459228e-01   5.548406e-04   5.495446e-04
  -3.476395e-01   5.547754e-04   5.534938e-04
  -3.493562e-01   5.547108e-04   5.567032e-04
  -3.510730e-01   5.546468e-04   5.532509e-04
  -3.527897e-01   5.545834e-04   5.550683e-04
  -3.545065e-01   5.545205e-04   5.487650e-04
  -3.562232e-01   5.544582e-04   5.488450e-04
  -3.579399e-01   5.543964e-04   5.544384e-04
  -3.596567e-01   5.543353e-04   5.534771e-04
  -3.613734e-01   5.542746e-04   5.512652e-04
  -3.630901e-01   5.542145e-04   5.593283e-04
  -3.648069e-01   5.541549e-04   5.481735e-04
  -3.665236e-01   5.540958e-04   5.556461e-04
  -3.682403e-01   5.540373e-04   5.555067e-04
  -3.699571e-01   5.539792e-04   5.506821e-04
  -3.716738e-01   5.539217e-04   5.503695e-04
  -3.733905e-01   5.538646e-04   5.553137e-04
  -3.751073e-01   5.538081e-04   5.545311e-04
  -3.768240e-01   5.537520e-04   5.516081e-04
  -3.785407e-01   5.536964e-04   5.472693e-04
  -3.802575e-01   5.536413e-04   5.560403e-04
  -3.819742e-01   5.535866e-04   5.475905e-04
  -3.836910e-01   5.535324e-04   5.505865e-04
  -3.854077e-01   5.534787e-04   5.553830e-04
  -3.871245e-01   5.534254e-04   5.533253e-04
  -3.888412e-01   5.533726e-04   5.498697e-04
  -3.905579e-01   5.533202e-04   5.565499e-04
  -3.922747e-01   5.532682e-04   5.586187e-04
  -3.939914e-01   5.532166e-04   5.597060e-04
  -3.957082e-01   5.531655e-04   5.535414e-04
  -3.974249e-01   5.531148e-04   5.532186e-04
  -3.991416e-01   5.530645e-04   5.580958e-04
  -4.008584e-01   5.530146e-04   5.575032e-04
  -4.025751e-01   5.529651e-04   5.543237e-04
  -4.042918e-01   5.529161e-04   5.584812e-04
  -4.060086e-01   5.528674e-04   5.532303e-04
  -4.077253e-01   5.528191e-04   5.572521e-04
  -4.094420e-01   5.527712e-04   5.512477e-04
  -4.111588e-01   5.527236e-04   5.523911e-04
  -4.128755e-01   5.526765e-04   5.511582e-04
  -4.145922e-01   5.526297e-04   5.486874e-04
  -4.163090e-01   5.525833e-04   5.532838e-04
  -4.180257e-01   5.525373e-04   5.526391e-04
  -4.197425e-01   5.524916e-04   5.485738e-04
  -4.214592e-01   5.524462e-04   5.450546e-04
  -4.231759e-01   5.524013e-04   5.543589e-04
  -4.248927e-01   5.523566e-04   5.533387e-04
  -4.266094e-01   5.523124e-04   5.505847e-04
  -4.283262e-01   5.522684e-04   5.525817e-04
  -4.300429e-01   5.522248e-04   5.512393e-04
  -4.317597e-01   5.521815e-04   5.433932e-04
  -4.334764e-01   5.521386e-04   5.534626e-04
  -4.351931e-01   5.520960e-04   5.583286e-04
  -4.369099e-01   5.520537e-04   5.539709e-04
  -4.386266e-01   5.520117e-04   5.593634e-04
  -4.403433e-01   5.519701e-04   5.504592e-04
  -4.420601e-01   5.519287e-04   5.534610e-04
  -4.437768e-01   5.518877e-04   5.462744e-04
  -4.454935e-01   5.518470e-04   5.545606e-04
  -4.472103e-01   5.518066e-04   5.567110e-04
  -4.489270e-01   5.517664e-04   5.491654e-04
  -4.506438e-01   5.517266e-04   5.590146e-04
  -4.523605e-01   5.516871e-04   5.519008e-04
  -4.540772e-01   5.516479e-04   5.450612e-04
  -4.557940e-01   5.516089e-04   5.432147e-04
  -4.575107e-01   5.515702e-04   5.458348e-04
  -4.592275e-01   5.515319e-04   5.488113e-04
  -4.609442e-01   5.514938e-04   5.515378e-04
  -4.626609e-01   5.514559e-04   5.536262e-04
  -4.643777e-01   5.514184e-04   5.472120e-04
  -4.660944e-01   5.513811e-04   5.509496e-04
  -4.678112e-01   5.513441e-04   5.564851e-04
  -4.695279e-01   5.513073e-04   5.609005e-04
  -4.712446e-01   5.512709e-04   5.571010e-04
  -4.729614e-01   5.512346e-04   5.589057e-04
  -4.746781e-01   5.511987e-04   5.494328e-04
  -4.763949e-01   5.511630e-04   5.604599e-04
  -4.781116e-01   5.511275e-04   5.458983e-04
  -4.798283e-01   5.510923e-04   5.586911e-04
  -4.815451e-01   5.510574e-04   5.516415e-04
  -4.832618e-01   5.510226e-04   5.538586e-04
  -4.849785e-01   5.509882e-04   5.476594e-04
  -4.866953e-01   5.509539e-04   5.543515e-04
  -4.884120e-01   5.509200e-04   5.496995e-04
  -4.901287e-01   5.508862e-04   5.581172e-04
  -4.918455e-01   5.508527e-04   5.528298e-04
  -4.935622e-01   5.508194e-04   5.513010e-04
  -4.952790e-01   5.507864e-04   5.522571e-04
  -4.969957e-01   5.507535e-04   5.459618e-04
  -4.987124e-01   5.507209e-04   5.472323e-04
  -5.004292e-01   5.506885e-04   5.514794e-04
  -5.021459e-01   5.506564e-04   5.564552e-04
  -5.038626e-01   5.506245e-04   5.435288e-04
  -5.055794e-01   5.505927e-04   5.471952e-04
  -5.072961e-01   5.505612e-04   5.545887e-04
  -5.090129e-01   5.505299e-04   5.471551e-04
  -5.107296e-01   5.504989e-04   5.509360e-04
  -5.124463e-01   5.504680e-04   5.488702e-04
  -5.141631e-01   5.504373e-04   5.518855e-04
  -5.158798e-01   5.504069e-04   5.517552e-04
  -5.175966e-01   5.503766e-04   5.455990e-04
  -5.193133e-01   5.503466e-04   5.510037e-04
  -5.210300e-01   5.503167e-04   5.499935e-04
  -5.227468e-01   5.502871e-04   5.474697e-04
  -5.244635e-01   5.502576e-04   5.502189e-04
  -5.261802e-01   5.502284e-04   5.514739e-04
  -5.278970e-01   5.501993e-04   5.446920e-04
  -5.296137e-01   5.501704e-04   5.527693e-04
  -5.313304e-01   5.501417e-04   5.452609e-04
  -5.330472e-01   5.501132e-04   5.499009e-04
  -5.347639e-01   5.500849e-04   5.491856e-04
  -5.364807e-01   5.500568e-04   5.466909e-04
  -5.381974e-01   5.500289e-04   5.528426e-04
  -5.399141e-01   5.500011e-04   5.480222e-04
  -5.416309e-01   5.499735e-04   5.447116e-04
  -5.433476e-01   5.499461e-04   5.508731e-04
  -5.450644e-01   5.499189e-04   5.487333e-04
  -5.467811e-01   5.498919e-04   5.441933e-04
  -5.484978e-01   5.498650e-04   5.526486e-04
  -5.502146e-01   5.498383e-04   5.507191e-04
  -5.519313e-01   5.498118e-04   5.467168e-04
  -5.536481e-01   5.497854e-04   5.530605e-04
  -5.553648e-01   5.497592e-04   5.493574e-04
  -5.570816e-01   5.497332e-04   5.565280e-04
  -5.587983e-01   5.497074e-04   5.515916e-04
  -5.605150e-01   5.496817e-04   5.502794e-04
  -5.622318e-01   5.496561e-04   5.475224e-04
  -5.639485e-01   5.496308e-04   5.489989e-04
  -5.656652e-01   5.496056e-04   5.520671e-04
  -5.673820e-01   5.495805e-04   5.463173e-04
  -5.690987e-01   5.495556e-04   5.549795e-04
  -5.708154e-01   5.495309e-04   5.485603e-04
  -5.725322e-01   5.495063e-04   5.528205e-04
  -5.742489e-01   5.494819e-04   5.542930e-04
  -5.759656e-01   5.494576e-04   5.561720e-04
  -5.776824e-01   5.494335e-04   5.525848e-04
  -5.793991e-01   5.494095e-04   5.466773e-04
  -5.811159e-01   5.493857e-04   5.499868e-04
  -5.828326e-01   5.493621e-04   5.528511e-04
  -5.845493e-01   5.493385e-04   5.498156e-04
  -5.862661e-01   5.493151e-04   5.492275e-04
  -5.879828e-01   5.492919e-04   5.505680e-04
  -5.896996e-01   5.492688e-04   5.437361e-04
  -5.914163e-01   5.492459e-04   5.459876e-04
  -5.931330e-01   5.492231e-04   5.469674e-04
  -5.948498e-01   5.492004e-04   5.493255e-04
  -5.965665e-01   5.491779e-04   5.490574e-04
  -5.982833e-01   5.491555e-04   5.409097e-04
  -6.000000e-01   5.491332e-04   5.433347e-04
