# [DATA]
1.000000000000000021e-03	4.279623199999999963e-11	5.504562219544151909e-04
9.918367899999999421e-04	4.234318548305132094e-11	5.450412053956019088e-04
9.836734799999998294e-04	4.202013294387290022e-11	5.540606680151610817e-04
9.755101800000000019e-04	4.177709830558323528e-11	5.482218337984035798e-04
9.673469500000000032e-04	4.145858783143294455e-11	5.562245993676059137e-04
9.591837200000000044e-04	4.096488490341191225e-11	5.504090139467991954e-04
9.510204199999999601e-04	4.056418157082348212e-11	5.496363139616233491e-04
9.428571199999999158e-04	4.018651005074303337e-11	5.490343661573555229e-04
9.346938900000000255e-04	3.996213557309142884e-11	5.507007541118469655e-04
9.265306600000000267e-04	3.967258056452556508e-11	5.580989269503456186e-04
9.183673599999999824e-04	3.929198242272981951e-11	5.468917306620488554e-04
9.102040499999999781e-04	3.882518763497822149e-11	5.490300245156981129e-04
9.020408200000000877e-04	3.855541159085704477e-11	5.566859437243622342e-04
8.938775999999999406e-04	3.830515891325278576e-11	5.578815364558836016e-04
8.857142899999999363e-04	3.815328830996328094e-11	5.569677274807655239e-04
8.775509900000000004e-04	3.772620337682729212e-11	5.501131118272025236e-04
8.693877600000000016e-04	3.726281072182068168e-11	5.556184181277231109e-04
8.612245300000000029e-04	3.699900826074730171e-11	5.525181032380278249e-04
8.530612299999999586e-04	3.670875235417081955e-11	5.554839847093747578e-04
8.448979299999999143e-04	3.633111249901891664e-11	5.548209678031756301e-04
8.367347000000000239e-04	3.580940088348605981e-11	5.494994841784681030e-04
8.285714700000000252e-04	3.545048014759742675e-11	5.562046363812176092e-04
8.204081699999999809e-04	3.518418741800867378e-11	5.525504975667147860e-04
8.122448599999999765e-04	3.490195017080756677e-11	5.597496561322072789e-04
8.040816300000000862e-04	3.454534619058381680e-11	5.508667124975072903e-04
7.959184099999999391e-04	3.414832802082883173e-11	5.463601962748271951e-04
7.877551000000000431e-04	3.374395288233357597e-11	5.525238558241255113e-04
7.795917999999999988e-04	3.343895339253422297e-11	5.505574116033339028e-04
7.714285700000000001e-04	3.315213683505668571e-11	5.540940186187681867e-04
7.632653400000000013e-04	3.290194281997537242e-11	5.548546826633367996e-04
7.551020399999999570e-04	3.258388760599047495e-11	5.535998580472613860e-04
7.469387399999999127e-04	3.217856096557165272e-11	5.592972562377256400e-04
7.387755100000000224e-04	3.178311288539319513e-11	5.471563213350843320e-04
7.306122800000000236e-04	3.151992829579293880e-11	5.543583262137315041e-04
7.224489700000000193e-04	3.122528077406800540e-11	5.539762869079573222e-04
7.142856699999999750e-04	3.085141843960566633e-11	5.537916286163114404e-04
7.061224400000000847e-04	3.048144900689547832e-11	5.547552016335772227e-04
6.979592099999999775e-04	3.007938543528778514e-11	5.540964443124398288e-04
6.897959100000000416e-04	2.972728353159759756e-11	5.449362931618725869e-04
6.816326099999999973e-04	2.940568526922511265e-11	5.469435890386174001e-04
6.734693799999999985e-04	2.905398450831647906e-11	5.479335568355053450e-04
6.653061499999999998e-04	2.867096439242888427e-11	5.547986291652366297e-04
6.571428499999999555e-04	2.838000871734893883e-11	5.570564611162129223e-04
6.489795399999999511e-04	2.805952767399665977e-11	5.604860242981232060e-04
6.408163200000000208e-04	2.770889170006326039e-11	5.582804367551203253e-04
6.326530900000000221e-04	2.736061627220693183e-11	5.505935671702071130e-04
6.244897800000000177e-04	2.703176600671504348e-11	5.509521072565168797e-04
6.163265200000000305e-04	2.668590274798077012e-11	5.466696002024293765e-04
6.081632499999999747e-04	2.635707874538519036e-11	5.634754113033563043e-04
5.999999899999999874e-04	2.606646385970584911e-11	5.635757198935578216e-04
5.982832600000000632e-04	2.594350358756472196e-11	5.574089190316961363e-04
5.965664999999999336e-04	2.589616565603583739e-11	5.555315139933777579e-04
5.948497700000000095e-04	2.574926336660106051e-11	5.521969528409609957e-04
5.931330499999999369e-04	2.567447884717819856e-11	5.503555378939171093e-04
5.914162800000000641e-04	2.568045092273741528e-11	5.590866371390872374e-04
5.896995599999999916e-04	2.560430298748823405e-11	5.546454243045054709e-04
5.879828299999999590e-04	2.562385224091482673e-11	5.511587141728512256e-04
5.862660699999999378e-04	2.555463572678865025e-11	5.569062818569369029e-04
5.845493499999999737e-04	2.550665788057997126e-11	5.588175943191806471e-04
5.828326200000000495e-04	2.532157774788876764e-11	5.637560902472628973e-04
5.811158600000000283e-04	2.524095440240028418e-11	5.566374448853592550e-04
5.793991299999999957e-04	2.523921964149228762e-11	5.570558540171081019e-04
5.776824100000000316e-04	2.512132966639265154e-11	5.554335290030807401e-04
5.759656400000000504e-04	2.503792045611692456e-11	5.567155676464926890e-04
5.742489199999999778e-04	2.493110339375085586e-11	5.590654084581601728e-04
5.725321900000000536e-04	2.483049868168530694e-11	5.621345880021542864e-04
5.708154300000000325e-04	2.478669912345843189e-11	5.533646028009115998e-04
5.690986999999999999e-04	2.476151426901944824e-11	5.621264254298903498e-04
5.673819799999999273e-04	2.470598881637715421e-11	5.599274005496569133e-04
5.656652200000000146e-04	2.458582338295458183e-11	5.552130520082715348e-04
5.639484899999999820e-04	2.448484134636631237e-11	5.568374447604573264e-04
5.622317599999999494e-04	2.445459485658648205e-11	5.574847001143018368e-04
5.605149999999999282e-04	2.437738103444812508e-11	5.608177215461758024e-04
5.587982799999999641e-04	2.426831744331138876e-11	5.582558384851977378e-04
5.570815500000000399e-04	2.415692835395723811e-11	5.644564804412837257e-04
5.553647900000000187e-04	2.411623214580713553e-11	5.564978547823530618e-04
5.536480599999999861e-04	2.410436056935508405e-11	5.593855872425178765e-04
5.519313400000000220e-04	2.403223775532908939e-11	5.569917811472697598e-04
5.502145700000000408e-04	2.397114574438924973e-11	5.654623112841986954e-04
5.484978499999999682e-04	2.388049432412973110e-11	5.493526450290343302e-04
5.467810900000000555e-04	2.379452715746061050e-11	5.531598265829307986e-04
5.450643600000000229e-04	2.374936036705062175e-11	5.640798903690575532e-04
5.433476299999999903e-04	2.371095981254870760e-11	5.548997965257220898e-04
5.416308699999999691e-04	2.360425605623316859e-11	5.638792787655286590e-04
5.399141500000000050e-04	2.348283512263115521e-11	5.641730105609008483e-04
5.381974199999999724e-04	2.339463188403126973e-11	5.608935312623923933e-04
5.364806600000000597e-04	2.335088781057332068e-11	5.569277949643327815e-04
5.347639299999999186e-04	2.328825985399013175e-11	5.689744456018025042e-04
5.330472099999999545e-04	2.323682046270250234e-11	5.658610365463023024e-04
5.313304399999999733e-04	2.313788205220128344e-11	5.481028793759554815e-04
5.296137200000000092e-04	2.303673534185635152e-11	5.577836991422804825e-04
5.278969899999999766e-04	2.292707150143033546e-11	5.578792313798690977e-04
5.261802299999999554e-04	2.288332183729469576e-11	5.566360368341793713e-04
5.244635000000000312e-04	2.285973129695606170e-11	5.620232732450309134e-04
5.227467799999999587e-04	2.274887963785702425e-11	5.517725523212464256e-04
5.210300200000000459e-04	2.267331040649756094e-11	5.553493928245639049e-04
5.193132900000000133e-04	2.263886189249872979e-11	5.596923737136669805e-04
5.175965700000000492e-04	2.256119434382367219e-11	5.654453373910791909e-04
5.158797999999999596e-04	2.244980109506203442e-11	5.515155860618572818e-04
5.141630799999999954e-04	2.236384993114191887e-11	5.555141156906092271e-04
5.124463499999999628e-04	2.228170955695740899e-11	5.602385781534689052e-04
5.107295900000000501e-04	2.224704122386646326e-11	5.570903489665395784e-04
5.090128600000000175e-04	2.220048177814717923e-11	5.525578150471141797e-04
5.072961399999999449e-04	2.210258643429730913e-11	5.518556649646098183e-04
5.055793699999999637e-04	2.201047008441589148e-11	5.543842558505127560e-04
5.038626499999999996e-04	2.194103771593276064e-11	5.571156358820331805e-04
5.021459200000000754e-04	2.185138781455716123e-11	5.532403102682551888e-04
5.004291599999999458e-04	2.178029745633450727e-11	5.562170813826764404e-04
4.987124399999999817e-04	2.168657956297628238e-11	5.554781562580437052e-04
4.969957099999999491e-04	2.159798467579951762e-11	5.555923969310721470e-04
4.952789500000000364e-04	2.155010353118681343e-11	5.497014172258028308e-04
4.935622200000000038e-04	2.150703638363216398e-11	5.514887948770818421e-04
4.918455000000000396e-04	2.145754902635598069e-11	5.532073995939684871e-04
4.901287299999999500e-04	2.135741089050351994e-11	5.588297584067073885e-04
4.884120099999999859e-04	2.126546702577253919e-11	5.544071710586177164e-04
4.866952799999999532e-04	2.121349458792250202e-11	5.594405444411854099e-04
4.849785199999999863e-04	2.117169927087641330e-11	5.573485116966189323e-04
4.832617899999999537e-04	2.110395024123814843e-11	5.583870306373588934e-04
4.815450699999999896e-04	2.101729520490566063e-11	5.569816710917909830e-04
4.798283099999999684e-04	2.098066613373553849e-11	5.642417389876032549e-04
4.781115799999999900e-04	2.091520457755352492e-11	5.537263994443574096e-04
4.763948500000000116e-04	2.077656687468020867e-11	5.566336587860244928e-04
4.746780899999999905e-04	2.070556120882689477e-11	5.611718857597416607e-04
4.729613700000000263e-04	2.061250598070343969e-11	5.611677472450326718e-04
4.712446399999999937e-04	2.051366348036958927e-11	5.601325479694374814e-04
4.695278800000000268e-04	2.047240380323783661e-11	5.646564071892439885e-04
4.678111499999999942e-04	2.042486495584781261e-11	5.605420115317068241e-04
4.660944300000000300e-04	2.036004983220096929e-11	5.534171370100163462e-04
4.643776599999999946e-04	2.031082546041733048e-11	5.580144600408357353e-04
4.626609400000000305e-04	2.022538824054331855e-11	5.581600239447919321e-04
4.609442099999999437e-04	2.016441293796383485e-11	5.674477981399260072e-04
4.592274500000000309e-04	2.004579373667978589e-11	5.582890533888909719e-04
4.575107199999999441e-04	2.001137157476331475e-11	5.571647037576578018e-04
4.557939999999999800e-04	1.994589468326667726e-11	5.578968256994275591e-04
4.540772399999999588e-04	1.987209366704663185e-11	5.640785544265103195e-04
4.523605099999999804e-04	1.978525510512737076e-11	5.613361203071449501e-04
4.506437900000000163e-04	1.971700782033685792e-11	5.599491166130186274e-04
4.489270199999999809e-04	1.963861171940225094e-11	5.593425266694705125e-04
4.472103000000000167e-04	1.961579816058512841e-11	5.604730242109790591e-04
4.454935299999999813e-04	1.954300858747495026e-11	5.556241952357691798e-04
4.437768100000000172e-04	1.943596528878573487e-11	5.631238094124620857e-04
4.420600799999999846e-04	1.936940830193254371e-11	5.600326716016726250e-04
4.403433200000000177e-04	1.930735430608042715e-11	5.530098022871003920e-04
4.386265899999999851e-04	1.922447514383564582e-11	5.626938062243513460e-04
4.369098700000000209e-04	1.920035632748952959e-11	5.622499935802221290e-04
4.351931099999999998e-04	1.905973314097027289e-11	5.587119176455156025e-04
4.334763800000000214e-04	1.894310753381199165e-11	5.614534725055480950e-04
4.317596600000000572e-04	1.887361664656831904e-11	5.582893058690307402e-04
4.300428900000000218e-04	1.878014396888178633e-11	5.645742667909898864e-04
4.283261700000000577e-04	1.867427053839056218e-11	5.588336202803927035e-04
4.266094399999999709e-04	1.867472801267545478e-11	5.599970061474212344e-04
4.248926799999999497e-04	1.859340515785757934e-11	5.618177710217424825e-04
4.231759499999999713e-04	1.855973856678470734e-11	5.587198337130830014e-04
4.214592300000000072e-04	1.843663225275048465e-11	5.637366408170059158e-04
4.197424699999999860e-04	1.836180103113569314e-11	5.669634218083140524e-04
4.180257400000000076e-04	1.828211651236637364e-11	5.642010214840939781e-04
4.163090099999999750e-04	1.822015580393740131e-11	5.607270303009847167e-04
4.145922500000000081e-04	1.817477464549375143e-11	5.664219212139874745e-04
4.128755299999999897e-04	1.802104626458722438e-11	5.629652582889904710e-04
4.111588000000000113e-04	1.795289591569513621e-11	5.615894325049181979e-04
4.094420399999999902e-04	1.793138651713953973e-11	5.614878442991097377e-04
4.077253100000000118e-04	1.783346582589490073e-11	5.640881904175897065e-04
4.060085900000000476e-04	1.775269064354436658e-11	5.648563993323180545e-04
4.042918200000000122e-04	1.768335300445413565e-11	5.673557815323999583e-04
4.025751000000000481e-04	1.759163918845956413e-11	5.613965457816705393e-04
4.008583700000000155e-04	1.755170167972597140e-11	5.672349270168293043e-04
3.991416099999999401e-04	1.747579841755177275e-11	5.569005500976555081e-04
3.974248800000000159e-04	1.742174154162170258e-11	5.543284061381405703e-04
3.957081599999999976e-04	1.730338195986234524e-11	5.553275017894453809e-04
3.939913999999999764e-04	1.722104997481075255e-11	5.609972881203376290e-04
3.922746699999999980e-04	1.724294679329803235e-11	5.626851614117341820e-04
3.905579399999999654e-04	1.719711747583362387e-11	5.650568127273071983e-04
3.888411799999999985e-04	1.709892874622202846e-11	5.640835625204529066e-04
3.871244599999999801e-04	1.704873178092984537e-11	5.636436668922473279e-04
3.854077300000000018e-04	1.697968597595745794e-11	5.601361486471322874e-04
3.836909699999999806e-04	1.690054760084295575e-11	5.671386760918265295e-04
3.819742400000000022e-04	1.680308052091169519e-11	5.627597061181480263e-04
3.802575200000000381e-04	1.670776692145633467e-11	5.664567432547683995e-04
3.785407500000000027e-04	1.664682661927803762e-11	5.710338372911741983e-04
3.768240300000000385e-04	1.658160364227447481e-11	5.644579313150053460e-04
3.751073000000000059e-04	1.651921838220653667e-11	5.645924814954283175e-04
3.733905400000000390e-04	1.641216745947217169e-11	5.665475618036900848e-04
3.716738100000000064e-04	1.634081628170166112e-11	5.611682921530136052e-04
3.699570900000000422e-04	1.626003150530042089e-11	5.653924291379267561e-04
3.682403299999999669e-04	1.617648259363103365e-11	5.678193301345628137e-04
3.665236000000000427e-04	1.610876082848559793e-11	5.593657825102111777e-04
3.648068799999999701e-04	1.605882002076147852e-11	5.688524993232235098e-04
3.630901100000000431e-04	1.595693714077579237e-11	5.705393062399374956e-04
3.613733899999999706e-04	1.591323003334550199e-11	5.662754818609555237e-04
3.596566599999999922e-04	1.585870512536405519e-11	5.624806257047768043e-04
3.579398999999999710e-04	1.577217972107461581e-11	5.647708175223612511e-04
3.562231699999999926e-04	1.567755332878252880e-11	5.631613799510286041e-04
3.545064500000000285e-04	1.561123836645717580e-11	5.693413016992929449e-04
3.527896900000000073e-04	1.549780101943070062e-11	5.626218900125658359e-04
3.510729600000000289e-04	1.541499320076195468e-11	5.722133434604416381e-04
3.493562000000000078e-04	1.534261895920003859e-11	5.622949315800603465e-04
3.476394700000000294e-04	1.530897190182279369e-11	5.655022062394624190e-04
3.459227500000000110e-04	1.524265171545687752e-11	5.634649023253565344e-04
3.442059799999999756e-04	1.513961904450889108e-11	5.656501997366974576e-04
3.424892600000000115e-04	1.505052721383461805e-11	5.643078553242561945e-04
3.407725300000000331e-04	1.501005029174325924e-11	5.701060925643615775e-04
3.390557700000000120e-04	1.493810735174302801e-11	5.608513914314519361e-04
3.373390400000000336e-04	1.484770826062076900e-11	5.659648195429535381e-04
3.356223199999999610e-04	1.475589107706344713e-11	5.657151364899750843e-04
3.339055599999999941e-04	1.467899505484202564e-11	5.751296281106356217e-04
3.321888299999999614e-04	1.463768817366676717e-11	5.607782699840015758e-04
3.304720999999999831e-04	1.456166090789036124e-11	5.660597422092118920e-04
3.287553399999999619e-04	1.454372741050413757e-11	5.685540763794479915e-04
3.270386199999999978e-04	1.440378284928757401e-11	5.581163369520165214e-04
3.253218900000000194e-04	1.432442892303643354e-11	5.636346024091709725e-04
3.236051299999999982e-04	1.426604704517194760e-11	5.576236710631690468e-04
3.218884000000000198e-04	1.421178086259090136e-11	5.683205979749155487e-04
3.201716800000000015e-04	1.417242212583621449e-11	5.656367540317878582e-04
3.184549099999999661e-04	1.408558875167205963e-11	5.656297832125641413e-04
3.167381900000000019e-04	1.405156918029805749e-11	5.695600108601399239e-04
3.150214600000000235e-04	1.394399089624339717e-11	5.593438763144906048e-04
3.133047000000000024e-04	1.384696239332202104e-11	5.696080443324950168e-04
3.115879699999999698e-04	1.380105248802073026e-11	5.646441431066452372e-04
3.098712299999999771e-04	1.369669541092412417e-11	5.587125734239652662e-04
3.081544999999999987e-04	1.362019847646313992e-11	5.676073689099285675e-04
3.064377600000000061e-04	1.352732202961351921e-11	5.599727085508383884e-04
3.047210200000000134e-04	1.345843973270925505e-11	5.706759435737144767e-04
3.030042899999999808e-04	1.339813302493103635e-11	5.683672264617308390e-04
3.012875499999999882e-04	1.329792896239991909e-11	5.635676850533543822e-04
2.995707999999999813e-04	1.324824498075953597e-11	5.573823490807043764e-04
2.978540800000000171e-04	1.316824739046530180e-11	5.630994898336316203e-04
2.961373300000000102e-04	1.309687271268003705e-11	5.647760846256844047e-04
2.944205900000000176e-04	1.304666961999968226e-11	5.631316257147034928e-04
2.927038599999999850e-04	1.295089890774590651e-11	5.673066256912225264e-04
2.909871199999999923e-04	1.288611028309698795e-11	5.625926019009989823e-04
2.892703699999999854e-04	1.279751704155808234e-11	5.585262210249440596e-04
2.875536500000000213e-04	1.270805205138740053e-11	5.596720995868008190e-04
2.858369100000000287e-04	1.268021293344293984e-11	5.719598389763129323e-04
2.841201599999999675e-04	1.258947754106565531e-11	5.690099692643899813e-04
2.824034400000000034e-04	1.254194043654703989e-11	5.614716561296878182e-04
2.806866899999999965e-04	1.245138530059046118e-11	5.628319662859976877e-04
2.789699500000000039e-04	1.236021188966272973e-11	5.688082526795215860e-04
2.772532200000000255e-04	1.228483077733771209e-11	5.640370568714080622e-04
2.755364799999999786e-04	1.225251679692425667e-11	5.737484413718725454e-04
2.738197300000000259e-04	1.217500945900858487e-11	5.695038516348761848e-04
2.721029899999999791e-04	1.206725331183058207e-11	5.603722278637102757e-04
2.703862600000000007e-04	1.199591694339028962e-11	5.720646378983463990e-04
2.686695200000000080e-04	1.189696627365622875e-11	5.626544354038108759e-04
2.669527800000000154e-04	1.185650342409714708e-11	5.652940071364943430e-04
2.652360499999999828e-04	1.179629307286026366e-11	5.653446726063211846e-04
2.635193099999999901e-04	1.173431714978445523e-11	5.702116013039417982e-04
2.618025599999999832e-04	1.167832022981785450e-11	5.646464219135679131e-04
2.600858400000000191e-04	1.153757040153641156e-11	5.695700691303296447e-04
2.583690900000000122e-04	1.148231719895377353e-11	5.644469381869385337e-04
2.566523500000000195e-04	1.140821072147147160e-11	5.596603088227176340e-04
2.549356199999999869e-04	1.135370212598706113e-11	5.692678221616048924e-04
2.532188799999999943e-04	1.125442952681773613e-11	5.697887859602538026e-04
2.515021299999999874e-04	1.117675616201301673e-11	5.735029581865951033e-04
2.497854100000000232e-04	1.113772599516556447e-11	5.707550770281995126e-04
2.480686600000000163e-04	1.103737981391123057e-11	5.705806346934252059e-04
2.463519200000000237e-04	1.093840820684176777e-11	5.694170106957592873e-04
2.446351899999999911e-04	1.087512309125879754e-11	5.634563300248409453e-04
2.429184499999999984e-04	1.078713635322962687e-11	5.664244550155013479e-04
2.412017100000000058e-04	1.073118430574891008e-11	5.609696605788867590e-04
2.394849799999999732e-04	1.065789599763084867e-11	5.716973190874592801e-04
2.377682399999999805e-04	1.058741040735411411e-11	5.658289805163287112e-04
2.360514900000000007e-04	1.052445363166104407e-11	5.720149223077922347e-04
2.343347700000000095e-04	1.044591392315541239e-11	5.698113881971724696e-04
2.326180200000000026e-04	1.034148324054450158e-11	5.627322469673526339e-04
2.309012800000000100e-04	1.025488985983906989e-11	5.613275298720488268e-04
2.291845500000000045e-04	1.021485499926410561e-11	5.676717149165447533e-04
2.274678100000000118e-04	1.016822068703381714e-11	5.667350207576120607e-04
2.257510600000000049e-04	1.007405034435201974e-11	5.629250725581244749e-04
2.240343200000000123e-04	9.986684429067884161e-12	5.696414159679590418e-04
2.223175999999999939e-04	9.891972460701623837e-12	5.618116217713248076e-04
2.206008500000000141e-04	9.845302423624872261e-12	5.667252849764723441e-04
2.188841099999999944e-04	9.780659829744038684e-12	5.666173814966175533e-04
2.171673799999999889e-04	9.682924735067209727e-12	5.654254102024153716e-04
2.154506399999999962e-04	9.626070445993939913e-12	5.713765467428671930e-04
2.137338899999999893e-04	9.536866622165218118e-12	5.699224478066361151e-04
2.120171699999999710e-04	9.473476312519804302e-12	5.759689434661723192e-04
2.103004199999999912e-04	9.426284979811648374e-12	5.659947245864477023e-04
2.085836799999999985e-04	9.334840265345070335e-12	5.689317450323812253e-04
2.068669500000000201e-04	9.272217714661364111e-12	5.670838511059189419e-04
2.051502100000000004e-04	9.198271426204109367e-12	5.712455082807490429e-04
2.034334700000000077e-04	9.135524128937438474e-12	5.726980811739245270e-04
2.017167400000000022e-04	9.044560806681980783e-12	5.710460965815833010e-04
2.000000000000000096e-04	8.961824146533515717e-12	5.774461232579032469e-04
1.982832500000000027e-04	8.895790882316731297e-12	5.661974541971520570e-04
1.965665299999999843e-04	8.809036538923118821e-12	5.715057658378992116e-04
1.948497800000000045e-04	8.745966076294157085e-12	5.727845122399576007e-04
1.931330400000000119e-04	8.656318700400357105e-12	5.670408383347433053e-04
1.914163099999999793e-04	8.601752589863890396e-12	5.720998575476236902e-04
1.896995699999999866e-04	8.524672454781633112e-12	5.703630155561528834e-04
1.879828200000000068e-04	8.446258788883073153e-12	5.752008341554085873e-04
1.862660999999999885e-04	8.386894126796616075e-12	5.732082669487889928e-04
1.845493499999999816e-04	8.312233289251663488e-12	5.735590962429977990e-04
1.828326099999999889e-04	8.243676109957262191e-12	5.737533234870163422e-04
1.811158800000000106e-04	8.174491001247406548e-12	5.692607236564727795e-04
1.793991400000000179e-04	8.108849046673135701e-12	5.691285290870329912e-04
1.776823999999999982e-04	8.027079921674316025e-12	5.774859865987836587e-04
1.759656699999999927e-04	7.945725042071953538e-12	5.717596124250865809e-04
1.742489300000000000e-04	7.851077760282931822e-12	5.699143649630647934e-04
1.725321800000000202e-04	7.779081656748977273e-12	5.724198154895404882e-04
1.708154400000000005e-04	7.719518774885806573e-12	5.722813404101266327e-04
1.690987099999999950e-04	7.626107331768972207e-12	5.797388294999335830e-04
1.673819700000000023e-04	7.560578708505171768e-12	5.697005998225298856e-04
1.656652199999999954e-04	7.502568853757726175e-12	5.727031477387976854e-04
1.639484999999999771e-04	7.431737050686294861e-12	5.756173656272158424e-04
1.622317499999999973e-04	7.355645359682121006e-12	5.759651451926675733e-04
1.605150100000000046e-04	7.282025989175024511e-12	5.804375718522636210e-04
1.587982799999999991e-04	7.198687910006900961e-12	5.768780292667032798e-04
1.570815399999999794e-04	7.106561499438360541e-12	5.702175032636873754e-04
1.553648100000000010e-04	7.042988826576312807e-12	5.771868808413174604e-04
1.536480599999999941e-04	6.960484329027250300e-12	5.756660410989601325e-04
1.519313299999999886e-04	6.876822747810818189e-12	5.808084026396690422e-04
1.502145899999999959e-04	6.782405518815898198e-12	5.754529221187946846e-04
1.484978500000000033e-04	6.729254109538086127e-12	5.760406622902037926e-04
1.467811100000000106e-04	6.665864843622123655e-12	5.788205774225872475e-04
1.450643800000000051e-04	6.580731466880518310e-12	5.795667643250473726e-04
1.433476299999999982e-04	6.493836408299079323e-12	5.786808306399819635e-04
1.416308999999999927e-04	6.423102169172477454e-12	5.772542427420297370e-04
1.399141600000000001e-04	6.369697862984950172e-12	5.734206694629287188e-04
1.381974200000000074e-04	6.290234500941670527e-12	5.813713364752320228e-04
1.364806900000000019e-04	6.211657387799197362e-12	5.775433756720602151e-04
1.347639399999999950e-04	6.131528565651110419e-12	5.753354471170309603e-04
1.330472099999999895e-04	6.054684759634599232e-12	5.799838721154341840e-04
1.313304699999999969e-04	5.961784068191666611e-12	5.794685347846787555e-04
1.296137300000000043e-04	5.906369811866636426e-12	5.811091026446820428e-04
1.278969900000000116e-04	5.825402243063254784e-12	5.760443359005246828e-04
1.261802599999999790e-04	5.759475803984373117e-12	5.795543369223112593e-04
1.244635099999999992e-04	5.698500465771607837e-12	5.824906502713990799e-04
1.227467799999999937e-04	5.628316334394595454e-12	5.827445158525675333e-04
1.210300400000000011e-04	5.562647815639217755e-12	5.724634317793160206e-04
1.193133000000000084e-04	5.482829341528386138e-12	5.763476086652687428e-04
1.175965600000000022e-04	5.411911503174515391e-12	5.836922800169743646e-04
1.158798299999999967e-04	5.331260149857542909e-12	5.823925690748688695e-04
1.141630899999999905e-04	5.228661700090622149e-12	5.827030190773845909e-04
1.124463499999999979e-04	5.181460602612273492e-12	5.836953552915518902e-04
1.107296099999999917e-04	5.113331581118400217e-12	5.856814907449786221e-04
1.090128700000000126e-04	5.022764984285801865e-12	5.889069123403887183e-04
1.072961400000000071e-04	4.960027071857361672e-12	5.795563938572450549e-04
1.055793900000000002e-04	4.897471494645740462e-12	5.903042711492180331e-04
1.038626599999999947e-04	4.817612550734851388e-12	5.843195950449739341e-04
1.021459200000000020e-04	4.731071764352645225e-12	5.847735687369345209e-04
1.004291799999999958e-04	4.655042334709513131e-12	5.858780159729713895e-04
9.871244400000000075e-05	4.584682785658689699e-12	5.783264613667051402e-04
9.699570899999998812e-05	4.517797471810705135e-12	5.834931503897246860e-04
9.527896500000001146e-05	4.440582112851680255e-12	5.833645834122056515e-04
9.356222999999999883e-05	4.341876398020894871e-12	5.841148281484420191e-04
9.184549599999999577e-05	4.267668061467715978e-12	5.864224887051868503e-04
9.012875099999999599e-05	4.195220634210269519e-12	5.841739997568796104e-04
8.841201700000000648e-05	4.119491186339573166e-12	5.803182689041891948e-04
8.669527200000000670e-05	4.056886226966740586e-12	5.862790524293801618e-04
8.497853800000000363e-05	3.981425492884930995e-12	5.855461140389820818e-04
8.326180299999999101e-05	3.905028556611108106e-12	5.872834544506953585e-04
8.154505899999998724e-05	3.827257482760703572e-12	6.017227996527829649e-04
7.982832400000000172e-05	3.746747805676943680e-12	5.894149254431717668e-04
7.811158399999999552e-05	3.673356303473308668e-12	5.914561958865867603e-04
7.639484899999999645e-05	3.602688287518160503e-12	5.882244474728178440e-04
7.467810999999999980e-05	3.519871033208656269e-12	5.915723493605738433e-04
7.296137000000000716e-05	3.440710767057360292e-12	5.870811681442728502e-04
7.124463600000000409e-05	3.368021622238331661e-12	5.916648181215827329e-04
6.952789599999999789e-05	3.296278853412246758e-12	5.931282466657920166e-04
6.781115700000000125e-05	3.202116253756567997e-12	5.914344452222867208e-04
6.609441700000000860e-05	3.124207839079732850e-12	5.955505582809976321e-04
6.437768199999999597e-05	3.056117880029336574e-12	5.906756185685945989e-04
6.266094299999999933e-05	2.982368871088735140e-12	5.962839740385159374e-04
6.094420299999999991e-05	2.905655866880464580e-12	5.894953876747343214e-04
5.922746800000000083e-05	2.815853484960668970e-12	5.954381980162299325e-04
5.751072900000000419e-05	2.743116454653020292e-12	5.915691918293241409e-04
5.579398899999999799e-05	2.661979736071975043e-12	5.856148820789405232e-04
5.407725000000000135e-05	2.595383044653637197e-12	5.959777897640570251e-04
5.236051500000000228e-05	2.515676667882980559e-12	5.988560454976726193e-04
5.064377600000000563e-05	2.435321625566582264e-12	5.917693511450618313e-04
4.892703599999999943e-05	2.361934468502250287e-12	5.998562406125586971e-04
4.721030100000000036e-05	2.288988946383095139e-12	5.995682682517938008e-04
4.549356200000000372e-05	2.202802360557194690e-12	5.969689504800753093e-04
4.377682199999999752e-05	2.126784192429240301e-12	5.972615372492246812e-04
4.206008300000000087e-05	2.056474749657301997e-12	5.980122614100240319e-04
4.034334800000000180e-05	1.982727676428330735e-12	6.015681849488335080e-04
3.862660799999999560e-05	1.903425027407999155e-12	6.064364248933719163e-04
3.690987100000000452e-05	1.827416923797108283e-12	6.017649087696148652e-04
3.519313200000000110e-05	1.746166090519026052e-12	6.031200889375115020e-04
3.347639500000000324e-05	1.667460984717591621e-12	6.079154556769200213e-04
3.175965499999999704e-05	1.589161328398170263e-12	6.043104688044242554e-04
3.004291799999999919e-05	1.507580964969262643e-12	6.045550451626983436e-04
2.832618099999999794e-05	1.426027908456989704e-12	6.083118082412761500e-04
2.660944100000000190e-05	1.352087618310676002e-12	6.181421841301165546e-04
2.489270400000000066e-05	1.274032903781259505e-12	6.109154409700531850e-04
2.317596500000000063e-05	1.200381141209662740e-12	6.070057219722883564e-04
2.145922699999999999e-05	1.119561932730049503e-12	6.055337303370385716e-04
1.974248799999999996e-05	1.029614954123008983e-12	6.094281355419984897e-04
1.802575100000000210e-05	9.633824850061038712e-13	6.140354611422981466e-04
1.630901199999999868e-05	8.803608992385281550e-13	6.138133099475979147e-04
1.459227399999999974e-05	8.070135036265976122e-13	6.112453978103285761e-04
1.287553600000000079e-05	7.218626766108159467e-13	6.045418547453191172e-04
1.115879900000000124e-05	6.326138856853479843e-13	6.048821275559196570e-04
9.442059699999999698e-06	5.540475757186022121e-13	6.103653980408489535e-04
7.725321900000000632e-06	4.863912163901397497e-13	6.095259674237230290e-04
6.008583600000000176e-06	4.101063857930316138e-13	6.121706316483742187e-04
4.291845299999999720e-06	3.285156234268691798e-13	6.128542136178234331e-04
2.575107199999999989e-06	2.519311412915760750e-13	6.134321810441341295e-04
8.583690900000000104e-07	1.745921121826700849e-13	6.079820054280186785e-04
-8.583690900000000104e-07	1.016284064015790231e-13	6.073328024963250667e-04
-2.575107199999999989e-06	1.855588949870799765e-14	6.149215231578173497e-04
-4.291845299999999720e-06	-5.714430591241265161e-14	6.142020097912837765e-04
-6.008583600000000176e-06	-1.368416457476402860e-13	6.101562682405059154e-04
-7.725321900000000632e-06	-2.232217502053596611e-13	6.084868738645862578e-04
-9.442059699999999698e-06	-2.962120079778439885e-13	6.117290627992555798e-04
-1.115879900000000124e-05	-3.849857132128863624e-13	6.062514811580016049e-04
-1.287553600000000079e-05	-4.620915913069436836e-13	6.087193494119720908e-04
-1.459227399999999974e-05	-5.401098094745971086e-13	6.087385581551727409e-04
-1.630901199999999868e-05	-6.203991596006874064e-13	6.118459586397967430e-04
-1.802575100000000210e-05	-6.970160656008073333e-13	6.102313872237150397e-04
-1.974248799999999996e-05	-7.755576594903293349e-13	6.097424294327251967e-04
-2.145922699999999999e-05	-8.537406750184744824e-13	6.166772827353402854e-04
-2.317596500000000063e-05	-9.337292910992990172e-13	6.126636718154429562e-04
-2.489270400000000066e-05	-1.010837074857514595e-12	6.162974240536940942e-04
-2.660944100000000190e-05	-1.096528889392147316e-12	6.108314606117463833e-04
-2.832618099999999794e-05	-1.171272052440144930e-12	6.064121891116167409e-04
-3.004291799999999919e-05	-1.254555937329378989e-12	6.108432783888039994e-04
-3.175965499999999704e-05	-1.332266069265793448e-12	6.032884084352280228e-04
-3.347639500000000324e-05	-1.407769734716771921e-12	6.097965322741894737e-04
-3.519313200000000110e-05	-1.487611371179282786e-12	6.047293771610729113e-04
-3.690987100000000452e-05	-1.558691339799104145e-12	6.120489484120566993e-04
-3.862660799999999560e-05	-1.633761356875780382e-12	6.083378184723139308e-04
-4.034334800000000180e-05	-1.718312081403231135e-12	6.114327935072326557e-04
-4.206008300000000087e-05	-1.790773374975919251e-12	6.139867058224430943e-04
-4.377682199999999752e-05	-1.862750611760441023e-12	6.058986771595624779e-04
-4.549356200000000372e-05	-1.947356731317642842e-12	6.031187496244587876e-04
-4.721030100000000036e-05	-2.027351488634074606e-12	6.077303237517460172e-04
-4.892703599999999943e-05	-2.098646925266201091e-12	6.103224820074824863e-04
-5.064377600000000563e-05	-2.172398751377275913e-12	6.033858738654283805e-04
-5.236051500000000228e-05	-2.259597246972647208e-12	6.032343833420334821e-04
-5.407725000000000135e-05	-2.325257739135453641e-12	6.064344848040832594e-04
-5.579398899999999799e-05	-2.408053695622252569e-12	5.985752807045825784e-04
-5.751072900000000419e-05	-2.485516644043050923e-12	6.006735161624284728e-04
-5.922746800000000083e-05	-2.566537194411746795e-12	6.070004636936684322e-04
-6.094420299999999991e-05	-2.650507897344972156e-12	6.016650554260840039e-04
-6.266094299999999933e-05	-2.731350358333375211e-12	6.054918619721334208e-04
-6.437768199999999597e-05	-2.819423952970430192e-12	6.046073471011074660e-04
-6.609441700000000860e-05	-2.883931027469582047e-12	6.029092963617049220e-04
-6.781115700000000125e-05	-2.961037353034165289e-12	6.045732212356152904e-04
-6.952789599999999789e-05	-3.029617811075933974e-12	6.050997377524270759e-04
-7.124463600000000409e-05	-3.098599439797758121e-12	5.949632721797277601e-04
-7.296137000000000716e-05	-3.185688044449095058e-12	5.984321246533175946e-04
-7.467810999999999980e-05	-3.266407965955150431e-12	5.977871706392438519e-04
-7.639484899999999645e-05	-3.329512823877009050e-12	5.929819730821327952e-04
-7.811158399999999552e-05	-3.405452404012463286e-12	5.938701182949966597e-04
-7.982832400000000172e-05	-3.483257576886304665e-12	5.966501879860551093e-04
-8.154505899999998724e-05	-3.573135063482610835e-12	5.953018784520026658e-04
-8.326180299999999101e-05	-3.646703322982209321e-12	5.871252380264522543e-04
-8.497853800000000363e-05	-3.720268462699268719e-12	5.875582274414464963e-04
-8.669527200000000670e-05	-3.799720263528120514e-12	5.922773650497228665e-04
-8.841201700000000648e-05	-3.882316365616970313e-12	5.940981412514585985e-04
-9.012875099999999599e-05	-3.959034474996170354e-12	5.958809763906312363e-04
-9.184549599999999577e-05	-4.032782152448850974e-12	5.913167440848979056e-04
-9.356222999999999883e-05	-4.114310524872419876e-12	5.939203835129108332e-04
-9.527896500000001146e-05	-4.197123127040623854e-12	5.967652756817047556e-04
-9.699570899999998812e-05	-4.271302894122570185e-12	5.932360332649985269e-04
-9.871244400000000075e-05	-4.345383707911854043e-12	5.912114131420803491e-04
-1.004291799999999958e-04	-4.420887292387123420e-12	5.961719246057545305e-04
-1.021459200000000020e-04	-4.492159023365551248e-12	5.887925422566554681e-04
-1.038626599999999947e-04	-4.577217879307146558e-12	5.867495053025800680e-04
-1.055793900000000002e-04	-4.644433705066195240e-12	5.878349886536116380e-04
-1.072961400000000071e-04	-4.731103872196120378e-12	5.897390491523322011e-04
-1.090128700000000126e-04	-4.806853689111005297e-12	5.872240652506753198e-04
-1.107296099999999917e-04	-4.901648910108964564e-12	5.835380958245659291e-04
-1.124463499999999979e-04	-4.955654753971864128e-12	5.823546846608730143e-04
-1.141630899999999905e-04	-5.034564919750969036e-12	5.909192733923058355e-04
-1.158798299999999967e-04	-5.116120439537015526e-12	5.905551362260727261e-04
-1.175965600000000022e-04	-5.200626511270147856e-12	5.981062387602043657e-04
-1.193133000000000084e-04	-5.260757505216772116e-12	5.830443440477395267e-04
-1.210300400000000011e-04	-5.359327146560643512e-12	5.910955838826335721e-04
-1.227467799999999937e-04	-5.456262763698478479e-12	5.856149569077945738e-04
-1.244635099999999992e-04	-5.506558616625236069e-12	5.865054258298733935e-04
-1.261802599999999790e-04	-5.568730993349708611e-12	5.919305317106515881e-04
-1.278969900000000116e-04	-5.646898166148125248e-12	5.801481923724711998e-04
-1.296137300000000043e-04	-5.708922790517600380e-12	5.874545506271502699e-04
-1.313304699999999969e-04	-5.787238934359817699e-12	5.864806964945074768e-04
-1.330472099999999895e-04	-5.872499171327912411e-12	5.907867130451194141e-04
-1.347639399999999950e-04	-5.935670225094420586e-12	5.808371074430702377e-04
-1.364806900000000019e-04	-6.020362091463516684e-12	5.770080712428327617e-04
-1.381974200000000074e-04	-6.088583260481121279e-12	5.862635652322397643e-04
-1.399141600000000001e-04	-6.163314422733175396e-12	5.900601711074770356e-04
-1.416308999999999927e-04	-6.242640535554309289e-12	5.837867649218725710e-04
-1.433476299999999982e-04	-6.331278676299659576e-12	5.840627385426956338e-04
-1.450643800000000051e-04	-6.397750166112975443e-12	5.869159607305199063e-04
-1.467811100000000106e-04	-6.462233592118252022e-12	5.876648810502729976e-04
-1.484978500000000033e-04	-6.530632784614864711e-12	5.902195453489093770e-04
-1.502145899999999959e-04	-6.617233205657253298e-12	5.894316423992582068e-04
-1.519313299999999886e-04	-6.711240847840447175e-12	5.826714972668272079e-04
-1.536480599999999941e-04	-6.772918150326993953e-12	5.808705434666805532e-04
-1.553648100000000010e-04	-6.845573597334538046e-12	5.746672309203957121e-04
-1.570815399999999794e-04	-6.922579742803696722e-12	5.827511055738679576e-04
-1.587982799999999991e-04	-6.997485159634256536e-12	5.853598995188575432e-04
-1.605150100000000046e-04	-7.073942274800225125e-12	5.806432920603797230e-04
-1.622317499999999973e-04	-7.148762578410145574e-12	5.925552502916798863e-04
-1.639484999999999771e-04	-7.212773398365526769e-12	5.871557880469497562e-04
-1.656652199999999954e-04	-7.314055290976525956e-12	5.812151314736920113e-04
-1.673819700000000023e-04	-7.380137141198500676e-12	5.838739385878219910e-04
-1.690987099999999950e-04	-7.462679860677470478e-12	5.783545915211149666e-04
-1.708154400000000005e-04	-7.534586948012288587e-12	5.848336283472650504e-04
-1.725321800000000202e-04	-7.598171924868945617e-12	5.766554202127677133e-04
-1.742489300000000000e-04	-7.678174666699938932e-12	5.815659337282761548e-04
-1.759656699999999927e-04	-7.742368463841580908e-12	5.838303430945579985e-04
-1.776823999999999982e-04	-7.802346483795461289e-12	5.766657600760688928e-04
-1.793991400000000179e-04	-7.887210705808858357e-12	5.810039906077101935e-04
-1.811158800000000106e-04	-7.949779275963914279e-12	5.822194441314145104e-04
-1.828326099999999889e-04	-8.020993551079931308e-12	5.771976040021071152e-04
-1.845493499999999816e-04	-8.103543502424879989e-12	5.796048117374959620e-04
-1.862660999999999885e-04	-8.188647463766326679e-12	5.801078703872420512e-04
-1.879828200000000068e-04	-8.282242029751558502e-12	5.774149503537192750e-04
-1.896995699999999866e-04	-8.340102354403578102e-12	5.833397791725394160e-04
-1.914163099999999793e-04	-8.406228159544937618e-12	5.808533332997301447e-04
-1.931330400000000119e-04	-8.513310804662639256e-12	5.830609726250506400e-04
-1.948497800000000045e-04	-8.555344863947439809e-12	5.802170075318248323e-04
-1.965665299999999843e-04	-8.634028389845531609e-12	5.760021201149280326e-04
-1.982832500000000027e-04	-8.690995595864942605e-12	5.797697397588267307e-04
-2.000000000000000096e-04	-8.740462074748884126e-12	5.789287863039464712e-04
-2.017167400000000022e-04	-8.818377910237973075e-12	5.711502536033762328e-04
-2.034334700000000077e-04	-8.903768781349027857e-12	5.819044253374269044e-04
-2.051502100000000004e-04	-8.991794575993299133e-12	5.763259258781245307e-04
-2.068669500000000201e-04	-9.084737979456996122e-12	5.767896598804284807e-04
-2.085836799999999985e-04	-9.148252545201652674e-12	5.817829169214136682e-04
-2.103004199999999912e-04	-9.206651048221615355e-12	5.755153409580356441e-04
-2.120171699999999710e-04	-9.266449991256870523e-12	5.819501666153726726e-04
-2.137338899999999893e-04	-9.361139225960707063e-12	5.794585166618191566e-04
-2.154506399999999962e-04	-9.442271230143055451e-12	5.747580567944033563e-04
-2.171673799999999889e-04	-9.499217452107939060e-12	5.765017225761809522e-04
-2.188841099999999944e-04	-9.585042160198201678e-12	5.739143596539084558e-04
-2.206008500000000141e-04	-9.665021884776173232e-12	5.783985062600609326e-04
-2.223175999999999939e-04	-9.727070884768640912e-12	5.755134188100996008e-04
-2.240343200000000123e-04	-9.817221827573589399e-12	5.761595510701745431e-04
-2.257510600000000049e-04	-9.898243198648335047e-12	5.806572356373527772e-04
-2.274678100000000118e-04	-9.941816942294662745e-12	5.692330545962471632e-04
-2.291845500000000045e-04	-1.005262163164374076e-11	5.796590841436762400e-04
-2.309012800000000100e-04	-1.014241700003058569e-11	5.840514245307440368e-04
-2.326180200000000026e-04	-1.021170985777118679e-11	5.745030033471916356e-04
-2.343347700000000095e-04	-1.026386416169646131e-11	5.783909584178249449e-04
-2.360514900000000007e-04	-1.038462068350967853e-11	5.740799070187065783e-04
-2.377682399999999805e-04	-1.043877926669244947e-11	5.711167888175176918e-04
-2.394849799999999732e-04	-1.047926196829727012e-11	5.765170343723322608e-04
-2.412017100000000058e-04	-1.057115201145313932e-11	5.755501329609153663e-04
-2.429184499999999984e-04	-1.065795573376892422e-11	5.756927839669712457e-04
-2.446351899999999911e-04	-1.071656025545839792e-11	5.796971183812661644e-04
-2.463519200000000237e-04	-1.082105787155596438e-11	5.720925320003164777e-04
-2.480686600000000163e-04	-1.089314937544464545e-11	5.761484319892972664e-04
-2.497854100000000232e-04	-1.094539891648936564e-11	5.808881440956800484e-04
-2.515021299999999874e-04	-1.106739911188186603e-11	5.827804913460251464e-04
-2.532188799999999943e-04	-1.114631480901599921e-11	5.754901175326939799e-04
-2.549356199999999869e-04	-1.120629114338094977e-11	5.756938889220009547e-04
-2.566523500000000195e-04	-1.128919427621104243e-11	5.691236337033365967e-04
-2.583690900000000122e-04	-1.131902161960702888e-11	5.764989866627289990e-04
-2.600858400000000191e-04	-1.134238566575030122e-11	5.709382373501096196e-04
-2.618025599999999832e-04	-1.147252493700368930e-11	5.772594536368694934e-04
-2.635193099999999901e-04	-1.155568157965786129e-11	5.724744389718604970e-04
-2.652360499999999828e-04	-1.160449734607556009e-11	5.704568249868752564e-04
-2.669527800000000154e-04	-1.166830122642671952e-11	5.750861558968915765e-04
-2.686695200000000080e-04	-1.175983782716238993e-11	5.705466359684837219e-04
-2.703862600000000007e-04	-1.182143384043053636e-11	5.720901642740071910e-04
-2.721029899999999791e-04	-1.187947542687585536e-11	5.784163301465784779e-04
-2.738197300000000259e-04	-1.195519081117631446e-11	5.683192078197578942e-04
-2.755364799999999786e-04	-1.200131249551215634e-11	5.706465204115026939e-04
-2.772532200000000255e-04	-1.211908934968794312e-11	5.708348388440914007e-04
-2.789699500000000039e-04	-1.218939443726688225e-11	5.744018860747184723e-04
-2.806866899999999965e-04	-1.226549063777850303e-11	5.755506681501591998e-04
-2.824034400000000034e-04	-1.238160073546695373e-11	5.744622796682444851e-04
-2.841201599999999675e-04	-1.242219967238728211e-11	5.773808608492208509e-04
-2.858369100000000287e-04	-1.248049235872981216e-11	5.740656548640372513e-04
-2.875536500000000213e-04	-1.259683231098486227e-11	5.625500713269179906e-04
-2.892703699999999854e-04	-1.268303848292899345e-11	5.715574987746758475e-04
-2.909871199999999923e-04	-1.267177454465024981e-11	5.701286444210221195e-04
-2.927038599999999850e-04	-1.275541294093515845e-11	5.731459450372410102e-04
-2.944205900000000176e-04	-1.282478015804329010e-11	5.685641567510765554e-04
-2.961373300000000102e-04	-1.287149993745165052e-11	5.704115919076380809e-04
-2.978540800000000171e-04	-1.297457115555521774e-11	5.631966658772765691e-04
-2.995707999999999813e-04	-1.306688689577676405e-11	5.686304042704038103e-04
-3.012875499999999882e-04	-1.309834567081085945e-11	5.629454631792795696e-04
-3.030042899999999808e-04	-1.318420038219036170e-11	5.695395798616852351e-04
-3.047210200000000134e-04	-1.327793174823998740e-11	5.663110025068118216e-04
-3.064377600000000061e-04	-1.335561904742197111e-11	5.711081456625813563e-04
-3.081544999999999987e-04	-1.342318506067651291e-11	5.683790920954939242e-04
-3.098712299999999771e-04	-1.347261196927378830e-11	5.705566823209500156e-04
-3.115879699999999698e-04	-1.356130957651844375e-11	5.669962149351094821e-04
-3.133047000000000024e-04	-1.366928082004226610e-11	5.739484337494786233e-04
-3.150214600000000235e-04	-1.375891264945531964e-11	5.575982363148325807e-04
-3.167381900000000019e-04	-1.382799440856649209e-11	5.725177358476764462e-04
-3.184549099999999661e-04	-1.385885558064532396e-11	5.631241735250318249e-04
-3.201716800000000015e-04	-1.395712277701206049e-11	5.720638600496808206e-04
-3.218884000000000198e-04	-1.402534813948319050e-11	5.605643148603097490e-04
-3.236051299999999982e-04	-1.411636489906232680e-11	5.646389311639657144e-04
-3.253218900000000194e-04	-1.419981851096262174e-11	5.650978877721961162e-04
-3.270386199999999978e-04	-1.422581644176620786e-11	5.651628611167785988e-04
-3.287553399999999619e-04	-1.431961933904883021e-11	5.649728781242533901e-04
-3.304720999999999831e-04	-1.438143476431261158e-11	5.679667815149958823e-04
-3.321888299999999614e-04	-1.448114812734320484e-11	5.615084383854571180e-04
-3.339055599999999941e-04	-1.459459595945791216e-11	5.716834421888611784e-04
-3.356223199999999610e-04	-1.463836788946044466e-11	5.673327583142706793e-04
-3.373390400000000336e-04	-1.466510431679272351e-11	5.694726578847172016e-04
-3.390557700000000120e-04	-1.475583735908537576e-11	5.655558808219375523e-04
-3.407725300000000331e-04	-1.484280529323518887e-11	5.640576154750432964e-04
-3.424892600000000115e-04	-1.491868981546654393e-11	5.698431532781019068e-04
-3.442059799999999756e-04	-1.499372494455798328e-11	5.665884878056157018e-04
-3.459227500000000110e-04	-1.506303653871145733e-11	5.667195869413756354e-04
-3.476394700000000294e-04	-1.511466291147307931e-11	5.731761320671224314e-04
-3.493562000000000078e-04	-1.519047406781524281e-11	5.715926459842194567e-04
-3.510729600000000289e-04	-1.526965555579927204e-11	5.623926504076225000e-04
-3.527896900000000073e-04	-1.536614141782220709e-11	5.621801389989495180e-04
-3.545064500000000285e-04	-1.541351239231060980e-11	5.649849929618860379e-04
-3.562231699999999926e-04	-1.549871812061042446e-11	5.637166421725589658e-04
-3.579398999999999710e-04	-1.551720152044411964e-11	5.660301693076180826e-04
-3.596566599999999922e-04	-1.557442166165745550e-11	5.675377035807279780e-04
-3.613733899999999706e-04	-1.563454322449799183e-11	5.602978850736185269e-04
-3.630901100000000431e-04	-1.572592455555554684e-11	5.618563790417605529e-04
-3.648068799999999701e-04	-1.578564118136930651e-11	5.660649801272167126e-04
-3.665236000000000427e-04	-1.585550466475362117e-11	5.594173400529400039e-04
-3.682403299999999669e-04	-1.596101077721761155e-11	5.654110301736412934e-04
-3.699570900000000422e-04	-1.605368303118371271e-11	5.649608840458168963e-04
-3.716738100000000064e-04	-1.611760455682868303e-11	5.491528378857808484e-04
-3.733905400000000390e-04	-1.616252660695391056e-11	5.602295220304393626e-04
-3.751073000000000059e-04	-1.625696046505583632e-11	5.625729098655545424e-04
-3.768240300000000385e-04	-1.629816052453512934e-11	5.567699918422254653e-04
-3.785407500000000027e-04	-1.637554534494403761e-11	5.635834156028450949e-04
-3.802575200000000381e-04	-1.649642547558662941e-11	5.638157916984801654e-04
-3.819742400000000022e-04	-1.655093902066377907e-11	5.639134315341376132e-04
-3.836909699999999806e-04	-1.662053934593444224e-11	5.615680673388744135e-04
-3.854077300000000018e-04	-1.667668220788110711e-11	5.656702148107912217e-04
-3.871244599999999801e-04	-1.677305554895572515e-11	5.630761613576337711e-04
-3.888411799999999985e-04	-1.687388824136424037e-11	5.565260705297641079e-04
-3.905579399999999654e-04	-1.695137670935041746e-11	5.696087095674175031e-04
-3.922746699999999980e-04	-1.703329791192015945e-11	5.633390915993484894e-04
-3.939913999999999764e-04	-1.702277018954807161e-11	5.570709687442745818e-04
-3.957081599999999976e-04	-1.710177621595378611e-11	5.605532376633037351e-04
-3.974248800000000159e-04	-1.726436735890783649e-11	5.601749196320431317e-04
-3.991416099999999401e-04	-1.731098803862126756e-11	5.602097266378296483e-04
-4.008583700000000155e-04	-1.735829186040955728e-11	5.606139478631127137e-04
-4.025751000000000481e-04	-1.742021667942465651e-11	5.631549060538318515e-04
-4.042918200000000122e-04	-1.742782046082729844e-11	5.558805596950425068e-04
-4.060085900000000476e-04	-1.752492604317715891e-11	5.601277144184604786e-04
-4.077253100000000118e-04	-1.760973170646106384e-11	5.549884571897123779e-04
-4.094420399999999902e-04	-1.761867328241840490e-11	5.575740413042676487e-04
-4.111588000000000113e-04	-1.777783526049752438e-11	5.611916128029650029e-04
-4.128755299999999897e-04	-1.793094958728312097e-11	5.628784948618625883e-04
-4.145922500000000081e-04	-1.794722338377241586e-11	5.636655394748485599e-04
-4.163090099999999750e-04	-1.801686311766795569e-11	5.592789399269617505e-04
-4.180257400000000076e-04	-1.804784052111499264e-11	5.653007633222749883e-04
-4.197424699999999860e-04	-1.810640094867058284e-11	5.602199150308965776e-04
-4.214592300000000072e-04	-1.822824583734889779e-11	5.586119303994064797e-04
-4.231759499999999713e-04	-1.831850652960834686e-11	5.702019375417934381e-04
-4.248926799999999497e-04	-1.834477911526168990e-11	5.597040987583690565e-04
-4.266094399999999709e-04	-1.848568471339280611e-11	5.640559030292505984e-04
-4.283261700000000577e-04	-1.856416556998641299e-11	5.627350905568896493e-04
-4.300428900000000218e-04	-1.855174105059193020e-11	5.545828256489730972e-04
-4.317596600000000572e-04	-1.865745586380766711e-11	5.565948919357340289e-04
-4.334763800000000214e-04	-1.880425022587325645e-11	5.573656695256209125e-04
-4.351931099999999998e-04	-1.886507071956464681e-11	5.640091978015715360e-04
-4.369098700000000209e-04	-1.889660243403916464e-11	5.640987426954081766e-04
-4.386265899999999851e-04	-1.899765426195404300e-11	5.560047843120917519e-04
-4.403433200000000177e-04	-1.904315384185833860e-11	5.607628049874055325e-04
-4.420600799999999846e-04	-1.911815472731281111e-11	5.595371905004081249e-04
-4.437768100000000172e-04	-1.917422886099570554e-11	5.669006161722874113e-04
-4.454935299999999813e-04	-1.922772061274019089e-11	5.565637501631224204e-04
-4.472103000000000167e-04	-1.931491815141560289e-11	5.627257056631426420e-04
-4.489270199999999809e-04	-1.939754501702331584e-11	5.682739450971624213e-04
-4.506437900000000163e-04	-1.951341697181260626e-11	5.700037077542885770e-04
-4.523605099999999804e-04	-1.961624642701361904e-11	5.644300266901113722e-04
-4.540772399999999588e-04	-1.965340097640309300e-11	5.611949113285458245e-04
-4.557939999999999800e-04	-1.971035189945159400e-11	5.613537984335989712e-04
-4.575107199999999441e-04	-1.980235918169354994e-11	5.632202176109706027e-04
-4.592274500000000309e-04	-1.979858627920866045e-11	5.618702466075499316e-04
-4.609442099999999437e-04	-1.989233617820164845e-11	5.635797966151860671e-04
-4.626609400000000305e-04	-2.000051145957526020e-11	5.605012413377333594e-04
-4.643776599999999946e-04	-2.009615424798004936e-11	5.608636839844457827e-04
-4.660944300000000300e-04	-2.017121590020668268e-11	5.637057889046382959e-04
-4.678111499999999942e-04	-2.023322632950919548e-11	5.623617434335912097e-04
-4.695278800000000268e-04	-2.028474401905788118e-11	5.674790057080777474e-04
-4.712446399999999937e-04	-2.031583406659988133e-11	5.689327107698493018e-04
-4.729613700000000263e-04	-2.043818871592592869e-11	5.620357776595313968e-04
-4.746780899999999905e-04	-2.055743493766254503e-11	5.651078369805876160e-04
-4.763948500000000116e-04	-2.062564669278294122e-11	5.657750643116885936e-04
-4.781115799999999900e-04	-2.065491540510981612e-11	5.694842751308436561e-04
-4.798283099999999684e-04	-2.072320334964279036e-11	5.687822807729146736e-04
-4.815450699999999896e-04	-2.083046192532171992e-11	5.678998282758595390e-04
-4.832617899999999537e-04	-2.089225999272631096e-11	5.619805093176564190e-04
-4.849785199999999863e-04	-2.096876095583774654e-11	5.654211807642422040e-04
-4.866952799999999532e-04	-2.096351963883040785e-11	5.612971152045676633e-04
-4.884120099999999859e-04	-2.102568133862938840e-11	5.656908342462440122e-04
-4.901287299999999500e-04	-2.112433213739828015e-11	5.633256633192887559e-04
-4.918455000000000396e-04	-2.118513501275152176e-11	5.612695650925149729e-04
-4.935622200000000038e-04	-2.129157105704738709e-11	5.693641709809772527e-04
-4.952789500000000364e-04	-2.144645879247739534e-11	5.687800002252831836e-04
-4.969957099999999491e-04	-2.146489233383352837e-11	5.555319246819400173e-04
-4.987124399999999817e-04	-2.157210769811371936e-11	5.574132474815002292e-04
-5.004291599999999458e-04	-2.170741113014719208e-11	5.680779331230349522e-04
-5.021459200000000754e-04	-2.175585665536046827e-11	5.663305094507700699e-04
-5.038626499999999996e-04	-2.178951613390474229e-11	5.637339563527192033e-04
-5.055793699999999637e-04	-2.183511838725467374e-11	5.628258199447845741e-04
-5.072961399999999449e-04	-2.184345330877816877e-11	5.650503486269695163e-04
-5.090128600000000175e-04	-2.199109430584200651e-11	5.602309087907290800e-04
-5.107295900000000501e-04	-2.211222070492189354e-11	5.578377900150921281e-04
-5.124463499999999628e-04	-2.224479834672054688e-11	5.635787376190588404e-04
-5.141630799999999954e-04	-2.228416639596224779e-11	5.748941227682669627e-04
-5.158797999999999596e-04	-2.226127612168333696e-11	5.658396572269647467e-04
-5.175965700000000492e-04	-2.233524301481950388e-11	5.676293771748857752e-04
-5.193132900000000133e-04	-2.241319031236849880e-11	5.624289856872385527e-04
-5.210300200000000459e-04	-2.253030690146232424e-11	5.724526520235191478e-04
-5.227467799999999587e-04	-2.260249032740942237e-11	5.710904709142364342e-04
-5.244635000000000312e-04	-2.265115187299334782e-11	5.665557865707943367e-04
-5.261802299999999554e-04	-2.269364727921314507e-11	5.668566460250547626e-04
-5.278969899999999766e-04	-2.279408426192134655e-11	5.628901431258134195e-04
-5.296137200000000092e-04	-2.288971436155199680e-11	5.692310451546394798e-04
-5.313304399999999733e-04	-2.297735585630985789e-11	5.636335293113147382e-04
-5.330472099999999545e-04	-2.298249346285312749e-11	5.602701397686768578e-04
-5.347639299999999186e-04	-2.300507473357292182e-11	5.612535162271759708e-04
-5.364806600000000597e-04	-2.313823577480372934e-11	5.633959549513622989e-04
-5.381974199999999724e-04	-2.327791089718758777e-11	5.582932145141445823e-04
-5.399141500000000050e-04	-2.330585960713817689e-11	5.697383793373360372e-04
-5.416308699999999691e-04	-2.339098791458925050e-11	5.600350290359922120e-04
-5.433476299999999903e-04	-2.342869126697921889e-11	5.565151625097537486e-04
-5.450643600000000229e-04	-2.353806654999628790e-11	5.661548929611139340e-04
-5.467810900000000555e-04	-2.361295977344595044e-11	5.695559679377222876e-04
-5.484978499999999682e-04	-2.370155108239180301e-11	5.644831833590680100e-04
-5.502145700000000408e-04	-2.376873456104868743e-11	5.614871879456796895e-04
-5.519313400000000220e-04	-2.381405407875664542e-11	5.704969236301335109e-04
-5.536480599999999861e-04	-2.389780110643077677e-11	5.655963822126919673e-04
-5.553647900000000187e-04	-2.394393016505667011e-11	5.547993795891635127e-04
-5.570815500000000399e-04	-2.404738077060852530e-11	5.716604246762640833e-04
-5.587982799999999641e-04	-2.418689042004912369e-11	5.704556832375884531e-04
-5.605149999999999282e-04	-2.417974097003253231e-11	5.626753760630427963e-04
-5.622317599999999494e-04	-2.430663971837126473e-11	5.633831510974866104e-04
-5.639484899999999820e-04	-2.440381079188072837e-11	5.617475287228337714e-04
-5.656652200000000146e-04	-2.452833972028037754e-11	5.652418920232898328e-04
-5.673819799999999273e-04	-2.465148532101301260e-11	5.612084303166466797e-04
-5.690986999999999999e-04	-2.458513960216831318e-11	5.657579194457923542e-04
-5.708154300000000325e-04	-2.455732319401691826e-11	5.704167057550680155e-04
-5.725321900000000536e-04	-2.469034551761738955e-11	5.621503773517594078e-04
-5.742489199999999778e-04	-2.481629679889627869e-11	5.610276366417218377e-04
-5.759656400000000504e-04	-2.487882522471368746e-11	5.647205480576607782e-04
-5.776824100000000316e-04	-2.494076088275108355e-11	5.639714838840517762e-04
-5.793991299999999957e-04	-2.496079612121700600e-11	5.620801063344963962e-04
-5.811158600000000283e-04	-2.499732960356203101e-11	5.705194121854428044e-04
-5.828326200000000495e-04	-2.509929239202993501e-11	5.629729080934553747e-04
-5.845493499999999737e-04	-2.516764255877534893e-11	5.663911330382969235e-04
-5.862660699999999378e-04	-2.523078659165792697e-11	5.670666628332266413e-04
-5.879828299999999590e-04	-2.533864689281203707e-11	5.617091481412904387e-04
-5.896995599999999916e-04	-2.547116986765040770e-11	5.615159341055335441e-04
-5.914162800000000641e-04	-2.555204444139422049e-11	5.611741851850038376e-04
-5.931330499999999369e-04	-2.565326270010703227e-11	5.621379640767094031e-04
-5.948497700000000095e-04	-2.577906551424058043e-11	5.552373850526633485e-04
-5.965664999999999336e-04	-2.585155848188786722e-11	5.617763478495910873e-04
-5.982832600000000632e-04	-2.586390157786831278e-11	5.692914300527074020e-04
-5.999999899999999874e-04	-2.598418460319125219e-11	5.622322918336264581e-04
-6.081632499999999747e-04	-2.639087331188203803e-11	5.580715959041614551e-04
-6.163265200000000305e-04	-2.670527191149936638e-11	5.685488270591944511e-04
-6.244897800000000177e-04	-2.691562512915475666e-11	5.693673459346685912e-04
-6.326530900000000221e-04	-2.730538619100700836e-11	5.713783832603300380e-04
-6.408163200000000208e-04	-2.766890306888142652e-11	5.594536761359758872e-04
-6.489795399999999511e-04	-2.804704494552131261e-11	5.630540688804665499e-04
-6.571428499999999555e-04	-2.834788054377252601e-11	5.620766081347375581e-04
-6.653061499999999998e-04	-2.861664765199769520e-11	5.590033258589720494e-04
-6.734693799999999985e-04	-2.891974537468042837e-11	5.682322372036524485e-04
-6.816326099999999973e-04	-2.926627253072233097e-11	5.570301608321839675e-04
-6.897959100000000416e-04	-2.968994920454289477e-11	5.565104716373070861e-04
-6.979592099999999775e-04	-3.008579756531737707e-11	5.605387739314604415e-04
-7.061224400000000847e-04	-3.040467124043805046e-11	5.578359875382775130e-04
-7.142856699999999750e-04	-3.082014494620138428e-11	5.648659231921001386e-04
-7.224489700000000193e-04	-3.112808676460834146e-11	5.661728436506506274e-04
-7.306122800000000236e-04	-3.149977641866665656e-11	5.564415718726672434e-04
-7.387755100000000224e-04	-3.189425616116958990e-11	5.549059744713287848e-04
-7.469387399999999127e-04	-3.212569883237677494e-11	5.580697698220339316e-04
-7.551020399999999570e-04	-3.242794490141413398e-11	5.523175194247573064e-04
-7.632653400000000013e-04	-3.275243683859178302e-11	5.594424625800766210e-04
-7.714285700000000001e-04	-3.311666676776952727e-11	5.581287519312790350e-04
-7.795917999999999988e-04	-3.349796660266822268e-11	5.654038012088197966e-04
-7.877551000000000431e-04	-3.382018320247680011e-11	5.527530063353684395e-04
-7.959184099999999391e-04	-3.411543199045559640e-11	5.587003526890670525e-04
-8.040816300000000862e-04	-3.444290686415957645e-11	5.583058760116820732e-04
-8.122448599999999765e-04	-3.487938477234890339e-11	5.637539951943551552e-04
-8.204081699999999809e-04	-3.515813024624599215e-11	5.649595769480503932e-04
-8.285714700000000252e-04	-3.553511897886038564e-11	5.568642665728555999e-04
-8.367347000000000239e-04	-3.590412160996009590e-11	5.564944858657685589e-04
-8.448979299999999143e-04	-3.627800479745282156e-11	5.505121447091561879e-04
-8.530612299999999586e-04	-3.668237218089702206e-11	5.603702658479763673e-04
-8.612245300000000029e-04	-3.708215640163641562e-11	5.679828265277989726e-04
-8.693877600000000016e-04	-3.738252120999008565e-11	5.653439062567153402e-04
-8.775509900000000004e-04	-3.761006212895070125e-11	5.682451015198258489e-04
-8.857142899999999363e-04	-3.802402144564242688e-11	5.571582413241349179e-04
-8.938775999999999406e-04	-3.837238628026803635e-11	5.647778413414181143e-04
-9.020408200000000877e-04	-3.875619080946030506e-11	5.652741223572053638e-04
-9.102040499999999781e-04	-3.885567598904007701e-11	5.579325656248447290e-04
-9.183673599999999824e-04	-3.924952119719599509e-11	5.652288837952288173e-04
-9.265306600000000267e-04	-3.969603908264323088e-11	5.606247800859316330e-04
-9.346938900000000255e-04	-3.999651271666016467e-11	5.601369055201762355e-04
-9.428571199999999158e-04	-4.036085747328800906e-11	5.640560071648775863e-04
-9.510204199999999601e-04	-4.077561481019923602e-11	5.610247503740742108e-04
-9.591837200000000044e-04	-4.104101949903014210e-11	5.541712812232083528e-04
-9.673469500000000032e-04	-4.140776253905106735e-11	5.599191621647280201e-04
-9.755101800000000019e-04	-4.173845698890289118e-11	5.570773116494250228e-04
-9.836734799999998294e-04	-4.202719011368309813e-11	5.651489139469118754e-04
-9.918367899999999421e-04	-4.240894365627103850e-11	5.670511442768104990e-04
-1.000000000000000021e-03	-4.282202169219051786e-11	5.676019307491200717e-04
