# [DATA]
1.000000000000000021e-03	4.260114799999999731e-11	5.502126180724584582e-04
9.918367899999999421e-04	4.230430433451742488e-11	5.519112758973422801e-04
9.836734799999998294e-04	4.196713832002294461e-11	5.481853496970335617e-04
9.755101800000000019e-04	4.160789470933764311e-11	5.488741307345113007e-04
9.673469500000000032e-04	4.130093487559794150e-11	5.499462567999501700e-04
9.591837200000000044e-04	4.095900499391631350e-11	5.544387991753475147e-04
9.510204199999999601e-04	4.063206585051614271e-11	5.518603361995165144e-04
9.428571199999999158e-04	4.030517212336587725e-11	5.499385445126460511e-04
9.346938900000000255e-04	3.993662560170353680e-11	5.496169074884813379e-04
9.265306600000000267e-04	3.957701353236534665e-11	5.434327711358156272e-04
9.183673599999999824e-04	3.926126864153683324e-11	5.575844080016544545e-04
9.102040499999999781e-04	3.893449229606484994e-11	5.529865844225957065e-04
9.020408200000000877e-04	3.859474613662787648e-11	5.560049262247942613e-04
8.938775999999999406e-04	3.825860415725964336e-11	5.517252738462872065e-04
8.857142899999999363e-04	3.791138757062328266e-11	5.565000017675157413e-04
8.775509900000000004e-04	3.755935068849049980e-11	5.539196131115112611e-04
8.693877600000000016e-04	3.722644432064816274e-11	5.519219403661522732e-04
8.612245300000000029e-04	3.689569009510740109e-11	5.497589370589599581e-04
8.530612299999999586e-04	3.656540728254429617e-11	5.457683734235389134e-04
8.448979299999999143e-04	3.621281878526039969e-11	5.559491863043083786e-04
8.367347000000000239e-04	3.584440689079234581e-11	5.568373607849657269e-04
8.285714700000000252e-04	3.550205914221315577e-11	5.529080875748724425e-04
8.204081699999999809e-04	3.519210906740922873e-11	5.576026462645820294e-04
8.122448599999999765e-04	3.485062027433447962e-11	5.503724799723305793e-04
8.040816300000000862e-04	3.450448050488681049e-11	5.525198153768901520e-04
7.959184099999999391e-04	3.417852086269438800e-11	5.470312725833375352e-04
7.877551000000000431e-04	3.384507683458764570e-11	5.449083221154575520e-04
7.795917999999999988e-04	3.350924111330433473e-11	5.489591862043256268e-04
7.714285700000000001e-04	3.317488954724114623e-11	5.572252157731668633e-04
7.632653400000000013e-04	3.281785305230175536e-11	5.537738897845306948e-04
7.551020399999999570e-04	3.249927755325761399e-11	5.543074766978028445e-04
7.469387399999999127e-04	3.218094520436615833e-11	5.450889471134980849e-04
7.387755100000000224e-04	3.185757991657354180e-11	5.487016315616539573e-04
7.306122800000000236e-04	3.149820947903183566e-11	5.390307977762116495e-04
7.224489700000000193e-04	3.114572754368070303e-11	5.457414682918066773e-04
7.142856699999999750e-04	3.081182122636364780e-11	5.422579907910036936e-04
7.061224400000000847e-04	3.048167195740681918e-11	5.515665190079031398e-04
6.979592099999999775e-04	3.013295999590266390e-11	5.493119119688081144e-04
6.897959100000000416e-04	2.980233614438232829e-11	5.513471406064717698e-04
6.816326099999999973e-04	2.946227398884594293e-11	5.425983329363996254e-04
6.734693799999999985e-04	2.914870751289967917e-11	5.556773462365102462e-04
6.653061499999999998e-04	2.881915761055948921e-11	5.532420924253358442e-04
6.571428499999999555e-04	2.845699776539554850e-11	5.499330476121014983e-04
6.489795399999999511e-04	2.808553969543179866e-11	5.524193125505918100e-04
6.408163200000000208e-04	2.775800809645829706e-11	5.524030246874059042e-04
6.326530900000000221e-04	2.743480272747677439e-11	5.529173293114217650e-04
6.244897800000000177e-04	2.709019289631361322e-11	5.511659869886764967e-04
6.163265200000000305e-04	2.675433622043627605e-11	5.503633439344897231e-04
6.081632499999999747e-04	2.642040112922663346e-11	5.562624771037750744e-04
5.999999899999999874e-04	2.606811684913544157e-11	5.594249294004107875e-04
5.982832600000000632e-04	2.599719864207601117e-11	5.516173107036382878e-04
5.965664999999999336e-04	2.593630023222576090e-11	5.611719015918439999e-04
5.948497700000000095e-04	2.586697818094010501e-11	5.626554422155619246e-04
5.931330499999999369e-04	2.579533110103550768e-11	5.539448079594750480e-04
5.914162800000000641e-04	2.571271337965129569e-11	5.568828121115511559e-04
5.896995599999999916e-04	2.562827167185784576e-11	5.592614473205905325e-04
5.879828299999999590e-04	2.556566897432819714e-11	5.650815771495190870e-04
5.862660699999999378e-04	2.548061424465407351e-11	5.564032715862510118e-04
5.845493499999999737e-04	2.542213391975142702e-11	5.523714865741266534e-04
5.828326200000000495e-04	2.534898276020624964e-11	5.561982714253875266e-04
5.811158600000000283e-04	2.527569335292602785e-11	5.512129290750051149e-04
5.793991299999999957e-04	2.521151328892176126e-11	5.586114399001537202e-04
5.776824100000000316e-04	2.514482544667081634e-11	5.571473641549943775e-04
5.759656400000000504e-04	2.505701424647165999e-11	5.638016272223806465e-04
5.742489199999999778e-04	2.495494341472571386e-11	5.535926691507665840e-04
5.725321900000000536e-04	2.490546303114099060e-11	5.595672556674007340e-04
5.708154300000000325e-04	2.486576742415360915e-11	5.619377933412667957e-04
5.690986999999999999e-04	2.479599562711809821e-11	5.570342934122673355e-04
5.673819799999999273e-04	2.470613794220158959e-11	5.591843264760173408e-04
5.656652200000000146e-04	2.461285898027209663e-11	5.591096881584412719e-04
5.639484899999999820e-04	2.454952829701530388e-11	5.585347406556986265e-04
5.622317599999999494e-04	2.447450648765885066e-11	5.534874073587936916e-04
5.605149999999999282e-04	2.441153451393527273e-11	5.631531825391852038e-04
5.587982799999999641e-04	2.433251029237105201e-11	5.657831311203664502e-04
5.570815500000000399e-04	2.425750348260865887e-11	5.575001412670774073e-04
5.553647900000000187e-04	2.418703150624453007e-11	5.631796683838722522e-04
5.536480599999999861e-04	2.410329159464026999e-11	5.502878106337239904e-04
5.519313400000000220e-04	2.404976812434202119e-11	5.565663215840491954e-04
5.502145700000000408e-04	2.397613570324144577e-11	5.595719801346445881e-04
5.484978499999999682e-04	2.389670715936779483e-11	5.624138453132658880e-04
5.467810900000000555e-04	2.382151556277339644e-11	5.538182679153301957e-04
5.450643600000000229e-04	2.375865431346263832e-11	5.608276718293833197e-04
5.433476299999999903e-04	2.370379502685821155e-11	5.628762172160322935e-04
5.416308699999999691e-04	2.364941453111471385e-11	5.653596981964177605e-04
5.399141500000000050e-04	2.356427265418507188e-11	5.636939020972683975e-04
5.381974199999999724e-04	2.347116840683881904e-11	5.576830831703975507e-04
5.364806600000000597e-04	2.338348597021174654e-11	5.546266690983803378e-04
5.347639299999999186e-04	2.333268503081945468e-11	5.694383543460691073e-04
5.330472099999999545e-04	2.326737376478055290e-11	5.670972344943258888e-04
5.313304399999999733e-04	2.318682740136874499e-11	5.696537428519230298e-04
5.296137200000000092e-04	2.312440431457619826e-11	5.602386312653893658e-04
5.278969899999999766e-04	2.306470182735330774e-11	5.571173898068949729e-04
5.261802299999999554e-04	2.300033757169096729e-11	5.551862509038889672e-04
5.244635000000000312e-04	2.292227626421658254e-11	5.577072684297712003e-04
5.227467799999999587e-04	2.283751089617711998e-11	5.687080826680324845e-04
5.210300200000000459e-04	2.278121868578973521e-11	5.572868477748212004e-04
5.193132900000000133e-04	2.270553192912191853e-11	5.691702485490459556e-04
5.175965700000000492e-04	2.263382050414209285e-11	5.625871952149633613e-04
5.158797999999999596e-04	2.254700354480942185e-11	5.616884480887101997e-04
5.141630799999999954e-04	2.247380621977252567e-11	5.693891438728440916e-04
5.124463499999999628e-04	2.240867737818229942e-11	5.661460871345334314e-04
5.107295900000000501e-04	2.234655256288242462e-11	5.637998209696798522e-04
5.090128600000000175e-04	2.225233838892075253e-11	5.581122129024586147e-04
5.072961399999999449e-04	2.218705146236883704e-11	5.592988894735298347e-04
5.055793699999999637e-04	2.210036333564713164e-11	5.657498569563179126e-04
5.038626499999999996e-04	2.203202525988285170e-11	5.597631251089670371e-04
5.021459200000000754e-04	2.196462460467034413e-11	5.607918518368185763e-04
5.004291599999999458e-04	2.189536174576299624e-11	5.601730900550461753e-04
4.987124399999999817e-04	2.182786728628490966e-11	5.636550675484374752e-04
4.969957099999999491e-04	2.175449664506638659e-11	5.584646772530714931e-04
4.952789500000000364e-04	2.166609847476820714e-11	5.564001359208262153e-04
4.935622200000000038e-04	2.160696136263304060e-11	5.602582624847101843e-04
4.918455000000000396e-04	2.152379820518339705e-11	5.621668069576723527e-04
4.901287299999999500e-04	2.143023930104665467e-11	5.688205944823914199e-04
4.884120099999999859e-04	2.135704610966462513e-11	5.601398415623369325e-04
4.866952799999999532e-04	2.129439279061214719e-11	5.657823908355425575e-04
4.849785199999999863e-04	2.123706985883990393e-11	5.617242506976150018e-04
4.832617899999999537e-04	2.115960803487590665e-11	5.612936335998684615e-04
4.815450699999999896e-04	2.108385867135491739e-11	5.621062386912636282e-04
4.798283099999999684e-04	2.101394113258327829e-11	5.642615542728228809e-04
4.781115799999999900e-04	2.093701874517116562e-11	5.578699298074979310e-04
4.763948500000000116e-04	2.086709546947631327e-11	5.752160411983559549e-04
4.746780899999999905e-04	2.079797067332455301e-11	5.681742158517907176e-04
4.729613700000000263e-04	2.073656664189503035e-11	5.654353310251702567e-04
4.712446399999999937e-04	2.065559760804059095e-11	5.697047800490999446e-04
4.695278800000000268e-04	2.056844321118952355e-11	5.653696112503700088e-04
4.678111499999999942e-04	2.051287151627620559e-11	5.651845967493513648e-04
4.660944300000000300e-04	2.044831007315267525e-11	5.633689401220179577e-04
4.643776599999999946e-04	2.038341058840013550e-11	5.638811568356462672e-04
4.626609400000000305e-04	2.029237494126437287e-11	5.682265986441858898e-04
4.609442099999999437e-04	2.020995262244851438e-11	5.598429720488369956e-04
4.592274500000000309e-04	2.015479653287030861e-11	5.700889889432855058e-04
4.575107199999999441e-04	2.006866621944557568e-11	5.671764803571566855e-04
4.557939999999999800e-04	1.998740848961310627e-11	5.621918099159631515e-04
4.540772399999999588e-04	1.990807966544162706e-11	5.658084804849725568e-04
4.523605099999999804e-04	1.983727055610075980e-11	5.590041164103579053e-04
4.506437900000000163e-04	1.977396644075459944e-11	5.662163335259527610e-04
4.489270199999999809e-04	1.970037679855387976e-11	5.611325520819086116e-04
4.472103000000000167e-04	1.961104155581044872e-11	5.629308832140629808e-04
4.454935299999999813e-04	1.953054436427934930e-11	5.618321646618029208e-04
4.437768100000000172e-04	1.946496124145182771e-11	5.639539337145552849e-04
4.420600799999999846e-04	1.938832035201080026e-11	5.615503449259811848e-04
4.403433200000000177e-04	1.929813010056965960e-11	5.661332543629542247e-04
4.386265899999999851e-04	1.923778932304114480e-11	5.677914410331992177e-04
4.369098700000000209e-04	1.916322921886021361e-11	5.557436864730249445e-04
4.351931099999999998e-04	1.909535178180223902e-11	5.589020175555415573e-04
4.334763800000000214e-04	1.903632518074900095e-11	5.708247337116538738e-04
4.317596600000000572e-04	1.896276523486481468e-11	5.674107113431432065e-04
4.300428900000000218e-04	1.889214500955397442e-11	5.692507227623059369e-04
4.283261700000000577e-04	1.880499542007659487e-11	5.656589970140519629e-04
4.266094399999999709e-04	1.872947396122797315e-11	5.651060862439372372e-04
4.248926799999999497e-04	1.865549556760777615e-11	5.648479701635855839e-04
4.231759499999999713e-04	1.859941089974865172e-11	5.724263721955140036e-04
4.214592300000000072e-04	1.852955448816272001e-11	5.702811759165373699e-04
4.197424699999999860e-04	1.843411850083822856e-11	5.633399035244011791e-04
4.180257400000000076e-04	1.835670888269090824e-11	5.616174298556422242e-04
4.163090099999999750e-04	1.829278707589866345e-11	5.646226971397118191e-04
4.145922500000000081e-04	1.822567741881599095e-11	5.658388056207530907e-04
4.128755299999999897e-04	1.814080024089910985e-11	5.696021706510356192e-04
4.111588000000000113e-04	1.806702989257573084e-11	5.678989306825690461e-04
4.094420399999999902e-04	1.799078572736548561e-11	5.613813669862814356e-04
4.077253100000000118e-04	1.793558373387985247e-11	5.657741983999064290e-04
4.060085900000000476e-04	1.785389383929691191e-11	5.686325925713083332e-04
4.042918200000000122e-04	1.778332017778158575e-11	5.663167865009176467e-04
4.025751000000000481e-04	1.771572456177982434e-11	5.702687181103520755e-04
4.008583700000000155e-04	1.764535169930727855e-11	5.727103223877541170e-04
3.991416099999999401e-04	1.756528076338061423e-11	5.714758692906847905e-04
3.974248800000000159e-04	1.748403388483434423e-11	5.654606016803557633e-04
3.957081599999999976e-04	1.740736709578195071e-11	5.679313894066132179e-04
3.939913999999999764e-04	1.731926105863314477e-11	5.677875742064702851e-04
3.922746699999999980e-04	1.724627676213082304e-11	5.664707629034123346e-04
3.905579399999999654e-04	1.718062884449655596e-11	5.613999201874099627e-04
3.888411799999999985e-04	1.712625833786840114e-11	5.679000390149171454e-04
3.871244599999999801e-04	1.704633040227864344e-11	5.661926176899500542e-04
3.854077300000000018e-04	1.696818675121397717e-11	5.679672723895471753e-04
3.836909699999999806e-04	1.689851300388148582e-11	5.655357578796782166e-04
3.819742400000000022e-04	1.683112825524051088e-11	5.624370088277297211e-04
3.802575200000000381e-04	1.675159052932815794e-11	5.616266543947879978e-04
3.785407500000000027e-04	1.668083980665544767e-11	5.697469509984332036e-04
3.768240300000000385e-04	1.661805845283966771e-11	5.679587699397281022e-04
3.751073000000000059e-04	1.653785722649389302e-11	5.649237903700669730e-04
3.733905400000000390e-04	1.646688081574429553e-11	5.726343434873855951e-04
3.716738100000000064e-04	1.639046429303055832e-11	5.722606795154801251e-04
3.699570900000000422e-04	1.633164085329436529e-11	5.655905348446474499e-04
3.682403299999999669e-04	1.625620255939985510e-11	5.618018617053210408e-04
3.665236000000000427e-04	1.617918331283101848e-11	5.655918607319593934e-04
3.648068799999999701e-04	1.610277452678533954e-11	5.692227778538313469e-04
3.630901100000000431e-04	1.601376031983085465e-11	5.761335801262000567e-04
3.613733899999999706e-04	1.596012440853717900e-11	5.666952735585306265e-04
3.596566599999999922e-04	1.588359897613574978e-11	5.734524861237710229e-04
3.579398999999999710e-04	1.580114810541033321e-11	5.678660846380534973e-04
3.562231699999999926e-04	1.572127450710828035e-11	5.671087909736301051e-04
3.545064500000000285e-04	1.564925854877038539e-11	5.639861747269326198e-04
3.527896900000000073e-04	1.559121552200419509e-11	5.690920651637103572e-04
3.510729600000000289e-04	1.550949911260036632e-11	5.654358949054509413e-04
3.493562000000000078e-04	1.542698633263988192e-11	5.679199002500391830e-04
3.476394700000000294e-04	1.535345438755621262e-11	5.663243955470112631e-04
3.459227500000000110e-04	1.527929352774594199e-11	5.650999577186286912e-04
3.442059799999999756e-04	1.521649274272802894e-11	5.649556779315969418e-04
3.424892600000000115e-04	1.513757690647975733e-11	5.690299490013167420e-04
3.407725300000000331e-04	1.505651276063361923e-11	5.666233309137814426e-04
3.390557700000000120e-04	1.498191166755578695e-11	5.667818745655217073e-04
3.373390400000000336e-04	1.491918196467722113e-11	5.653765554688547530e-04
3.356223199999999610e-04	1.484463800228656238e-11	5.664523727343805277e-04
3.339055599999999941e-04	1.476895438548389640e-11	5.698042503711773848e-04
3.321888299999999614e-04	1.469390301659930228e-11	5.692339253499208640e-04
3.304720999999999831e-04	1.460999413754259859e-11	5.675266529347925510e-04
3.287553399999999619e-04	1.454811822828901006e-11	5.667208665476388156e-04
3.270386199999999978e-04	1.447623343786292263e-11	5.663307251455744267e-04
3.253218900000000194e-04	1.441198810071192864e-11	5.668118348879452005e-04
3.236051299999999982e-04	1.431969630593222547e-11	5.719019949901565491e-04
3.218884000000000198e-04	1.423506520501722392e-11	5.682586402919756691e-04
3.201716800000000015e-04	1.417761041417618099e-11	5.669135056133001952e-04
3.184549099999999661e-04	1.412740833669697012e-11	5.693464164099384115e-04
3.167381900000000019e-04	1.403875013432888540e-11	5.743576864395269141e-04
3.150214600000000235e-04	1.395006402115345661e-11	5.663983411695268410e-04
3.133047000000000024e-04	1.387334249398816779e-11	5.676653696541576191e-04
3.115879699999999698e-04	1.380911782747320136e-11	5.714404453161026683e-04
3.098712299999999771e-04	1.373338320392498051e-11	5.581834131015534720e-04
3.081544999999999987e-04	1.365406524489881461e-11	5.693606696762482490e-04
3.064377600000000061e-04	1.357972960855702401e-11	5.689191847531696643e-04
3.047210200000000134e-04	1.350981753086550952e-11	5.693178092591839271e-04
3.030042899999999808e-04	1.344553181875991526e-11	5.724162417399353232e-04
3.012875499999999882e-04	1.337268731203603862e-11	5.753116744353375554e-04
2.995707999999999813e-04	1.328290069461759298e-11	5.650181121581074849e-04
2.978540800000000171e-04	1.319956658672856615e-11	5.726104366933150620e-04
2.961373300000000102e-04	1.314418940607974763e-11	5.700093182516404377e-04
2.944205900000000176e-04	1.306713753406844828e-11	5.728169928572845321e-04
2.927038599999999850e-04	1.299638206527265972e-11	5.643078873209032799e-04
2.909871199999999923e-04	1.292880192588999939e-11	5.692822810713879002e-04
2.892703699999999854e-04	1.284292726032016312e-11	5.681628186017256702e-04
2.875536500000000213e-04	1.276434735674075652e-11	5.723067140351848934e-04
2.858369100000000287e-04	1.270045343069862296e-11	5.686555182649673419e-04
2.841201599999999675e-04	1.263460016176807279e-11	5.728812584947792037e-04
2.824034400000000034e-04	1.256640762992659383e-11	5.681507889573513947e-04
2.806866899999999965e-04	1.247858720069427317e-11	5.693467040852728117e-04
2.789699500000000039e-04	1.240256206133260177e-11	5.706154991568511718e-04
2.772532200000000255e-04	1.233535085751228714e-11	5.623853870859403309e-04
2.755364799999999786e-04	1.226552527487825364e-11	5.719694066066603137e-04
2.738197300000000259e-04	1.219202828127799623e-11	5.735056122006874750e-04
2.721029899999999791e-04	1.211029947223359128e-11	5.650525895580515989e-04
2.703862600000000007e-04	1.205301939724498887e-11	5.730477708761606793e-04
2.686695200000000080e-04	1.197968190105130373e-11	5.709098079056268166e-04
2.669527800000000154e-04	1.190296842420247109e-11	5.739019951123599519e-04
2.652360499999999828e-04	1.182046878284349875e-11	5.679761561141648740e-04
2.635193099999999901e-04	1.174436616657323058e-11	5.724905896738447355e-04
2.618025599999999832e-04	1.167516893132670304e-11	5.718731993077464998e-04
2.600858400000000191e-04	1.160622057388286282e-11	5.680734131761325158e-04
2.583690900000000122e-04	1.152775966891247531e-11	5.758246715525523448e-04
2.566523500000000195e-04	1.145015013848864210e-11	5.698412148041058934e-04
2.549356199999999869e-04	1.137322642509172572e-11	5.660554452789478153e-04
2.532188799999999943e-04	1.129429221674983386e-11	5.645234179283963602e-04
2.515021299999999874e-04	1.123264018476144955e-11	5.682790268439965198e-04
2.497854100000000232e-04	1.115873588051778402e-11	5.743945430628432736e-04
2.480686600000000163e-04	1.108796319863216898e-11	5.694945001921132392e-04
2.463519200000000237e-04	1.100438733387708200e-11	5.780876361951711121e-04
2.446351899999999911e-04	1.093143837622002556e-11	5.707281992590197131e-04
2.429184499999999984e-04	1.086118120000051079e-11	5.722827538187940820e-04
2.412017100000000058e-04	1.078819066293116252e-11	5.734398671739085506e-04
2.394849799999999732e-04	1.069891086812378631e-11	5.706281642604472569e-04
2.377682399999999805e-04	1.063046937028113017e-11	5.718171230482168698e-04
2.360514900000000007e-04	1.056683713001755420e-11	5.739227862437682641e-04
2.343347700000000095e-04	1.049614641623556765e-11	5.757669030338322981e-04
2.326180200000000026e-04	1.040325585204174334e-11	5.803976974092105341e-04
2.309012800000000100e-04	1.033108905945810592e-11	5.753379396580506804e-04
2.291845500000000045e-04	1.027706811327342929e-11	5.723528964321902357e-04
2.274678100000000118e-04	1.020118268038415848e-11	5.708468710287504990e-04
2.257510600000000049e-04	1.012732580706857400e-11	5.778581915172061696e-04
2.240343200000000123e-04	1.004802624330947059e-11	5.701702368207695352e-04
2.223175999999999939e-04	9.969452265497646588e-12	5.701552535460970191e-04
2.206008500000000141e-04	9.892686816411063926e-12	5.819099178967954925e-04
2.188841099999999944e-04	9.820314451420674957e-12	5.754106179333920044e-04
2.171673799999999889e-04	9.745832179415925438e-12	5.799878923093517488e-04
2.154506399999999962e-04	9.670364972504501558e-12	5.801090336590054722e-04
2.137338899999999893e-04	9.610408051592438322e-12	5.726734902137642184e-04
2.120171699999999710e-04	9.517296616466802295e-12	5.691374214710489751e-04
2.103004199999999912e-04	9.436603542729745642e-12	5.808391511498574820e-04
2.085836799999999985e-04	9.363789934696031796e-12	5.710295194616979647e-04
2.068669500000000201e-04	9.291869459286323107e-12	5.749807102641327737e-04
2.051502100000000004e-04	9.210216775238922380e-12	5.813966252458377176e-04
2.034334700000000077e-04	9.138829593693667015e-12	5.786733846919627812e-04
2.017167400000000022e-04	9.063269906611894910e-12	5.751184026909097026e-04
2.000000000000000096e-04	9.003157591578524274e-12	5.796685048565334035e-04
1.982832500000000027e-04	8.920097474196601319e-12	5.815623810504891083e-04
1.965665299999999843e-04	8.840705878239441067e-12	5.768913504482017654e-04
1.948497800000000045e-04	8.770546901941520379e-12	5.730017480921905824e-04
1.931330400000000119e-04	8.696771418252963528e-12	5.755777682937716693e-04
1.914163099999999793e-04	8.611990424812983858e-12	5.763748125783355047e-04
1.896995699999999866e-04	8.537916716416067855e-12	5.747501188177236292e-04
1.879828200000000068e-04	8.462501220527894304e-12	5.719262011899807442e-04
1.862660999999999885e-04	8.398129737491343413e-12	5.768721121463280064e-04
1.845493499999999816e-04	8.313049023454973480e-12	5.864465910850767336e-04
1.828326099999999889e-04	8.241062964797206293e-12	5.832830326429738060e-04
1.811158800000000106e-04	8.169239208586349204e-12	5.849032550010033931e-04
1.793991400000000179e-04	8.099698541252972434e-12	5.855847202210397043e-04
1.776823999999999982e-04	8.027921284421393221e-12	5.780952272251790348e-04
1.759656699999999927e-04	7.948766762059061858e-12	5.809179219634150312e-04
1.742489300000000000e-04	7.880003763519194454e-12	5.882270465804480264e-04
1.725321800000000202e-04	7.800763630775509581e-12	5.747423602587925723e-04
1.708154400000000005e-04	7.726501041410375619e-12	5.820051872560025015e-04
1.690987099999999950e-04	7.652839892018658949e-12	5.861746372853051095e-04
1.673819700000000023e-04	7.577847594057298094e-12	5.886153347945861664e-04
1.656652199999999954e-04	7.508000095752014746e-12	5.781056774254459069e-04
1.639484999999999771e-04	7.427201724186445132e-12	5.841354944721467712e-04
1.622317499999999973e-04	7.355281328303198854e-12	5.855013704242418345e-04
1.605150100000000046e-04	7.277291382719752701e-12	5.814386170389718774e-04
1.587982799999999991e-04	7.199769486848372149e-12	5.807357233966663288e-04
1.570815399999999794e-04	7.115082244112995261e-12	5.817840853232154105e-04
1.553648100000000010e-04	7.050744873280883913e-12	5.783747067899753852e-04
1.536480599999999941e-04	6.980127199760330541e-12	5.801859089207138560e-04
1.519313299999999886e-04	6.911303698669341004e-12	5.845535114957201538e-04
1.502145899999999959e-04	6.834172829560969454e-12	5.799138138415690490e-04
1.484978500000000033e-04	6.741349151700814264e-12	5.811837112582988758e-04
1.467811100000000106e-04	6.677672271880300700e-12	5.794665626245221104e-04
1.450643800000000051e-04	6.610510425335066424e-12	5.817908293084788750e-04
1.433476299999999982e-04	6.539848486087237091e-12	5.881778918763863866e-04
1.416308999999999927e-04	6.451002385723983491e-12	5.881007979956737013e-04
1.399141600000000001e-04	6.372553234684900604e-12	5.793381031018726224e-04
1.381974200000000074e-04	6.310723213167852853e-12	5.859164329993701023e-04
1.364806900000000019e-04	6.226523179537805630e-12	5.797994087530557996e-04
1.347639399999999950e-04	6.150490866784048840e-12	5.805383963312586281e-04
1.330472099999999895e-04	6.080706222959335421e-12	5.892688817798087805e-04
1.313304699999999969e-04	6.001911061462058399e-12	5.859643974587689296e-04
1.296137300000000043e-04	5.927142570139548111e-12	5.882077024184676709e-04
1.278969900000000116e-04	5.853313418098785484e-12	5.864616345904844711e-04
1.261802599999999790e-04	5.762025661895090003e-12	5.816596429996672866e-04
1.244635099999999992e-04	5.690789945114691295e-12	5.833278693388913678e-04
1.227467799999999937e-04	5.621013216776828642e-12	5.903584698788728186e-04
1.210300400000000011e-04	5.540676186970242512e-12	5.894684507868119599e-04
1.193133000000000084e-04	5.463111492858776289e-12	5.887855575772332805e-04
1.175965600000000022e-04	5.394747744837260576e-12	5.876825145916016050e-04
1.158798299999999967e-04	5.313336016837349185e-12	5.824622468072212069e-04
1.141630899999999905e-04	5.244623068075600087e-12	5.864716367149391037e-04
1.124463499999999979e-04	5.156693175324340959e-12	5.900123970215920364e-04
1.107296099999999917e-04	5.088271281702430454e-12	5.848953559765776317e-04
1.090128700000000126e-04	5.014776735033109012e-12	5.944099431810927507e-04
1.072961400000000071e-04	4.935349206596625547e-12	5.844298701413695729e-04
1.055793900000000002e-04	4.866281575304144619e-12	5.897416010180254586e-04
1.038626599999999947e-04	4.790777637240323205e-12	5.867572551455667090e-04
1.021459200000000020e-04	4.707846046680331664e-12	5.948392672849154477e-04
1.004291799999999958e-04	4.634496594021376578e-12	5.933118084818921230e-04
9.871244400000000075e-05	4.541686711228282033e-12	5.879330387156481022e-04
9.699570899999998812e-05	4.481516228017033761e-12	5.855339508804404194e-04
9.527896500000001146e-05	4.413466348990960103e-12	5.908737649418524876e-04
9.356222999999999883e-05	4.323394040059988415e-12	5.867155304003289322e-04
9.184549599999999577e-05	4.245276646665989922e-12	5.946795723277536333e-04
9.012875099999999599e-05	4.174792016645132282e-12	5.864832461613553533e-04
8.841201700000000648e-05	4.103787955903805180e-12	5.838135639344518455e-04
8.669527200000000670e-05	4.026420480968676397e-12	5.954595261363995360e-04
8.497853800000000363e-05	3.933794921207407949e-12	5.950935519581484470e-04
8.326180299999999101e-05	3.867852049662954087e-12	5.935903406341731716e-04
8.154505899999998724e-05	3.790542699163743489e-12	5.873404459425624969e-04
7.982832400000000172e-05	3.716669819493232939e-12	5.935216423171902787e-04
7.811158399999999552e-05	3.639427798321229591e-12	5.943446446846963743e-04
7.639484899999999645e-05	3.554803657398916762e-12	5.926066601996538138e-04
7.467810999999999980e-05	3.480235927323776717e-12	5.948858104149743527e-04
7.296137000000000716e-05	3.407017026580612556e-12	5.908068213549380913e-04
7.124463600000000409e-05	3.333053036864864186e-12	5.932689844709142799e-04
6.952789599999999789e-05	3.256514555478151055e-12	5.962691077681749920e-04
6.781115700000000125e-05	3.176546672365083942e-12	6.012137647952773114e-04
6.609441700000000860e-05	3.096190415613874759e-12	5.981748423673587372e-04
6.437768199999999597e-05	3.022396571388444797e-12	5.895333055127016664e-04
6.266094299999999933e-05	2.940571187505170827e-12	5.997140233714900711e-04
6.094420299999999991e-05	2.869438892484854624e-12	5.949760512551097386e-04
5.922746800000000083e-05	2.789946644840210439e-12	6.005518181102700165e-04
5.751072900000000419e-05	2.706530159921378614e-12	5.965659186815926770e-04
5.579398899999999799e-05	2.629788811335693171e-12	6.012122480848376693e-04
5.407725000000000135e-05	2.564116172497170779e-12	5.994062172012051826e-04
5.236051500000000228e-05	2.487840059285554799e-12	6.015473247776633326e-04
5.064377600000000563e-05	2.393654993871332875e-12	6.023862659567050118e-04
4.892703599999999943e-05	2.315667903565350355e-12	5.964270617923112449e-04
4.721030100000000036e-05	2.238855029209591173e-12	6.033674257762495965e-04
4.549356200000000372e-05	2.165512285282237332e-12	5.954385726534921174e-04
4.377682199999999752e-05	2.089226447557058119e-12	6.055054287428786536e-04
4.206008300000000087e-05	2.002985540934140055e-12	6.028173628556748268e-04
4.034334800000000180e-05	1.922237108159748637e-12	6.064430454781707296e-04
3.862660799999999560e-05	1.845139462103789821e-12	6.038931139817306157e-04
3.690987100000000452e-05	1.766776227014300217e-12	6.045557786812527255e-04
3.519313200000000110e-05	1.680916024564928038e-12	6.094798379202218249e-04
3.347639500000000324e-05	1.602017481782547435e-12	6.100333045830527408e-04
3.175965499999999704e-05	1.529773889354435007e-12	6.060820835881918986e-04
3.004291799999999919e-05	1.452237464257743483e-12	6.064122236861949674e-04
2.832618099999999794e-05	1.376175189963176194e-12	6.138905277354585969e-04
2.660944100000000190e-05	1.293220284138399364e-12	6.074718531911048412e-04
2.489270400000000066e-05	1.210845935483189185e-12	6.091138027829964309e-04
2.317596500000000063e-05	1.131230752219953891e-12	6.097197831072609982e-04
2.145922699999999999e-05	1.051502292748956791e-12	6.137321438116706595e-04
1.974248799999999996e-05	9.751312128761278691e-13	6.151446533917235161e-04
1.802575100000000210e-05	8.943432812177427630e-13	6.203853080751207429e-04
1.630901199999999868e-05	8.143480224262003917e-13	6.099842506974157818e-04
1.459227399999999974e-05	7.388019844165151133e-13	6.205996572758944087e-04
1.287553600000000079e-05	6.641932158057462931e-13	6.194165991607574872e-04
1.115879900000000124e-05	5.829550363554937748e-13	6.126147269141351539e-04
9.442059699999999698e-06	4.997056900050260454e-13	6.141439112346276218e-04
7.725321900000000632e-06	4.254120905797336689e-13	6.156275762666926690e-04
6.008583600000000176e-06	3.538832902113450540e-13	6.156472758761760526e-04
4.291845299999999720e-06	2.699380879386744831e-13	6.108371091252355741e-04
2.575107199999999989e-06	1.937989799466515701e-13	6.181980802283666265e-04
8.583690900000000104e-07	1.112276468498435931e-13	6.184925347923602443e-04
-8.583690900000000104e-07	3.120611717275676953e-14	6.186540061269572887e-04
-2.575107199999999989e-06	-4.108414687536910703e-14	6.095827680337808935e-04
-4.291845299999999720e-06	-1.266368131260733170e-13	6.209944758975751832e-04
-6.008583600000000176e-06	-2.069071731059358121e-13	6.141140513647330192e-04
-7.725321900000000632e-06	-2.935434394445046139e-13	6.205760012728064748e-04
-9.442059699999999698e-06	-3.708676205973097389e-13	6.171159325840824437e-04
-1.115879900000000124e-05	-4.481547694961629973e-13	6.152133174833250909e-04
-1.287553600000000079e-05	-5.209519139226580704e-13	6.169545007644302095e-04
-1.459227399999999974e-05	-6.061633840907526393e-13	6.124449055515375842e-04
-1.630901199999999868e-05	-6.835245507206247659e-13	6.208568757458816619e-04
-1.802575100000000210e-05	-7.575079427587940712e-13	6.157645829585909952e-04
-1.974248799999999996e-05	-8.382600287753125154e-13	6.179880019857696008e-04
-2.145922699999999999e-05	-9.202991937925605887e-13	6.156553923636462391e-04
-2.317596500000000063e-05	-1.008025111158489653e-12	6.190637953075944040e-04
-2.489270400000000066e-05	-1.082466188889068642e-12	6.123765293656436388e-04
-2.660944100000000190e-05	-1.157157078124119221e-12	6.073530663009436142e-04
-2.832618099999999794e-05	-1.236915247192858415e-12	6.168270210519331137e-04
-3.004291799999999919e-05	-1.308811323572214886e-12	6.124612365373114558e-04
-3.175965499999999704e-05	-1.385696101607235369e-12	6.113919992375733015e-04
-3.347639500000000324e-05	-1.470002997396219116e-12	6.132922143338784271e-04
-3.519313200000000110e-05	-1.551032933812685895e-12	6.111328196955194848e-04
-3.690987100000000452e-05	-1.622467917748256068e-12	6.085126731953101158e-04
-3.862660799999999560e-05	-1.706413332511586043e-12	6.011877227519637351e-04
-4.034334800000000180e-05	-1.788429814186625486e-12	6.158899500483455474e-04
-4.206008300000000087e-05	-1.860223681943042683e-12	6.032717653371732526e-04
-4.377682199999999752e-05	-1.939714940498384362e-12	6.025240681286317575e-04
-4.549356200000000372e-05	-2.026382354049111135e-12	6.125441610746102696e-04
-4.721030100000000036e-05	-2.103455940353038105e-12	6.100377281856833155e-04
-4.892703599999999943e-05	-2.180552545391672088e-12	6.000255115933267455e-04
-5.064377600000000563e-05	-2.250238792877120711e-12	6.027326241816671022e-04
-5.236051500000000228e-05	-2.336448008604936418e-12	6.054112761857948638e-04
-5.407725000000000135e-05	-2.400937282384254362e-12	6.111231176242733687e-04
-5.579398899999999799e-05	-2.497051744768243324e-12	6.122951872885309347e-04
-5.751072900000000419e-05	-2.560179311345038679e-12	6.056484271099190188e-04
-5.922746800000000083e-05	-2.635797374863940741e-12	6.043931879718907095e-04
-6.094420299999999991e-05	-2.715929035060496113e-12	6.060411218382307820e-04
-6.266094299999999933e-05	-2.798797263004560165e-12	6.024499273875683417e-04
-6.437768199999999597e-05	-2.871203373802597956e-12	6.007429571357268249e-04
-6.609441700000000860e-05	-2.948729274553500268e-12	5.949343361760646128e-04
-6.781115700000000125e-05	-3.024365645564668339e-12	6.014722989511028361e-04
-6.952789599999999789e-05	-3.098002901170728335e-12	5.985833952107176385e-04
-7.124463600000000409e-05	-3.181205008342997249e-12	6.045716101675381680e-04
-7.296137000000000716e-05	-3.264349196627284004e-12	5.974811730773870247e-04
-7.467810999999999980e-05	-3.337721099625039057e-12	5.999637337247130551e-04
-7.639484899999999645e-05	-3.408877525262828255e-12	5.964804801885303584e-04
-7.811158399999999552e-05	-3.487058599642006779e-12	5.982718787895759853e-04
-7.982832400000000172e-05	-3.562134856427872574e-12	5.961227771493682239e-04
-8.154505899999998724e-05	-3.644768099279602570e-12	5.961227952563163479e-04
-8.326180299999999101e-05	-3.727191017894631004e-12	5.963014695916218086e-04
-8.497853800000000363e-05	-3.796776621692143075e-12	5.956663372137729765e-04
-8.669527200000000670e-05	-3.873497539399248082e-12	6.002510422282550688e-04
-8.841201700000000648e-05	-3.950167954306976724e-12	5.943962164776783047e-04
-9.012875099999999599e-05	-4.033221729585532918e-12	5.914501295355163030e-04
-9.184549599999999577e-05	-4.109798830369560799e-12	5.965390080441646068e-04
-9.356222999999999883e-05	-4.188075777608390921e-12	5.946161642445683179e-04
-9.527896500000001146e-05	-4.254444869699200636e-12	5.949933316401133073e-04
-9.699570899999998812e-05	-4.335132330584097655e-12	5.927498302540712763e-04
-9.871244400000000075e-05	-4.414574921024306893e-12	5.927650629286905590e-04
-1.004291799999999958e-04	-4.489770453808320577e-12	5.996394564294109863e-04
-1.021459200000000020e-04	-4.569180612082979070e-12	5.865380553825615476e-04
-1.038626599999999947e-04	-4.648971549492452616e-12	5.948118444402524180e-04
-1.055793900000000002e-04	-4.724096269594625421e-12	5.918653272908421187e-04
-1.072961400000000071e-04	-4.796407776165967300e-12	5.914685419305136440e-04
-1.090128700000000126e-04	-4.871742268848940471e-12	5.848315871402926143e-04
-1.107296099999999917e-04	-4.954584725054896822e-12	5.908595778225455642e-04
-1.124463499999999979e-04	-5.031453537163015540e-12	5.940868434852682482e-04
-1.141630899999999905e-04	-5.103914394925481934e-12	5.894148481634237362e-04
-1.158798299999999967e-04	-5.175360687602141726e-12	5.836368034679754275e-04
-1.175965600000000022e-04	-5.257253413206696173e-12	5.862044395821437975e-04
-1.193133000000000084e-04	-5.342944650420835921e-12	5.868702850692253566e-04
-1.210300400000000011e-04	-5.418761120300235690e-12	5.862163242008560206e-04
-1.227467799999999937e-04	-5.499692685510019431e-12	5.873144951169042031e-04
-1.244635099999999992e-04	-5.567789544679231180e-12	5.911125327331128061e-04
-1.261802599999999790e-04	-5.642661409043471237e-12	5.899476078656131590e-04
-1.278969900000000116e-04	-5.717246402184036355e-12	5.933926957195726501e-04
-1.296137300000000043e-04	-5.797435436211265707e-12	5.836680308877130376e-04
-1.313304699999999969e-04	-5.870163113669576719e-12	5.915171466768145286e-04
-1.330472099999999895e-04	-5.945135811190218324e-12	5.822052933917852861e-04
-1.347639399999999950e-04	-6.026871034609350645e-12	5.836002791207620761e-04
-1.364806900000000019e-04	-6.105773149492681350e-12	5.857572463574394492e-04
-1.381974200000000074e-04	-6.178887720554330761e-12	5.912761057153139528e-04
-1.399141600000000001e-04	-6.260504487249299244e-12	5.843275045923767164e-04
-1.416308999999999927e-04	-6.329523801970802689e-12	5.945791832436933587e-04
-1.433476299999999982e-04	-6.395700482673063649e-12	5.860183848494920087e-04
-1.450643800000000051e-04	-6.473732919908592051e-12	5.866849571521157809e-04
-1.467811100000000106e-04	-6.550154470177267703e-12	5.872391751756220885e-04
-1.484978500000000033e-04	-6.630022068019222116e-12	5.795459116707648087e-04
-1.502145899999999959e-04	-6.703128669988295206e-12	5.851145458867282583e-04
-1.519313299999999886e-04	-6.767409994838952515e-12	5.827242466382064534e-04
-1.536480599999999941e-04	-6.848536420132909841e-12	5.840583948891732652e-04
-1.553648100000000010e-04	-6.933940480176279491e-12	5.811017764990792202e-04
-1.570815399999999794e-04	-6.997184539407660723e-12	5.768266930419760309e-04
-1.587982799999999991e-04	-7.077730181260324689e-12	5.795423266339271018e-04
-1.605150100000000046e-04	-7.142465050785363895e-12	5.856943830160781569e-04
-1.622317499999999973e-04	-7.224024060409815235e-12	5.806704544987889008e-04
-1.639484999999999771e-04	-7.304467789052366998e-12	5.788226573167770672e-04
-1.656652199999999954e-04	-7.375246034889764365e-12	5.878022612988727377e-04
-1.673819700000000023e-04	-7.448864455568795941e-12	5.814324351453917239e-04
-1.690987099999999950e-04	-7.517026966298067024e-12	5.862465913405055448e-04
-1.708154400000000005e-04	-7.601207160557747669e-12	5.822146579753728146e-04
-1.725321800000000202e-04	-7.682183088644108778e-12	5.817672771023953528e-04
-1.742489300000000000e-04	-7.752128475915171078e-12	5.861302549146972345e-04
-1.759656699999999927e-04	-7.817703075964712171e-12	5.803064866111601631e-04
-1.776823999999999982e-04	-7.896228873163322924e-12	5.853252203041007379e-04
-1.793991400000000179e-04	-7.974981459775212585e-12	5.826570760654605592e-04
-1.811158800000000106e-04	-8.049011433561491668e-12	5.786476649039988887e-04
-1.828326099999999889e-04	-8.121333062244695470e-12	5.790561478799171810e-04
-1.845493499999999816e-04	-8.193701356501111807e-12	5.820204557287727946e-04
-1.862660999999999885e-04	-8.268449794742620426e-12	5.817575971484732680e-04
-1.879828200000000068e-04	-8.353811299544278683e-12	5.822203343459702272e-04
-1.896995699999999866e-04	-8.413913569765560376e-12	5.764051599574436611e-04
-1.914163099999999793e-04	-8.486838222425391457e-12	5.874354696112672747e-04
-1.931330400000000119e-04	-8.566781508440311089e-12	5.834132742491696718e-04
-1.948497800000000045e-04	-8.651375143408470193e-12	5.760826458596871339e-04
-1.965665299999999843e-04	-8.715649062904683766e-12	5.817150846671473264e-04
-1.982832500000000027e-04	-8.797806547939068274e-12	5.887944930210056542e-04
-2.000000000000000096e-04	-8.855161028547171590e-12	5.889524997108445438e-04
-2.017167400000000022e-04	-8.938874837967855276e-12	5.821908755771072448e-04
-2.034334700000000077e-04	-9.018494412430177150e-12	5.782218810410354485e-04
-2.051502100000000004e-04	-9.105351604636153348e-12	5.811924621793831047e-04
-2.068669500000000201e-04	-9.165916160956133616e-12	5.769478519851033074e-04
-2.085836799999999985e-04	-9.243028970393040055e-12	5.855691379078892950e-04
-2.103004199999999912e-04	-9.321024746285104521e-12	5.838972152245853293e-04
-2.120171699999999710e-04	-9.399155023704886045e-12	5.846843336781541462e-04
-2.137338899999999893e-04	-9.474134636117514617e-12	5.820244234835251530e-04
-2.154506399999999962e-04	-9.545712893607723298e-12	5.840809607241848360e-04
-2.171673799999999889e-04	-9.615336730645816490e-12	5.778645497307547145e-04
-2.188841099999999944e-04	-9.690203541518455604e-12	5.881008900501247857e-04
-2.206008500000000141e-04	-9.772919545891341457e-12	5.852666104746599490e-04
-2.223175999999999939e-04	-9.845943042773003053e-12	5.784850254266320473e-04
-2.240343200000000123e-04	-9.911896011830726796e-12	5.793170985418127136e-04
-2.257510600000000049e-04	-9.988263864655496867e-12	5.775445032495215214e-04
-2.274678100000000118e-04	-1.007149082481261694e-11	5.805283608254202922e-04
-2.291845500000000045e-04	-1.015219918447581015e-11	5.804971524207799046e-04
-2.309012800000000100e-04	-1.022309546834505949e-11	5.766548883251140008e-04
-2.326180200000000026e-04	-1.028507455228780802e-11	5.739805277418403304e-04
-2.343347700000000095e-04	-1.036594964315729547e-11	5.851009931876423363e-04
-2.360514900000000007e-04	-1.043430359210533263e-11	5.864081699434480540e-04
-2.377682399999999805e-04	-1.050501648479040390e-11	5.825934960491239338e-04
-2.394849799999999732e-04	-1.056520746133158570e-11	5.769895891050550764e-04
-2.412017100000000058e-04	-1.064073157021447716e-11	5.771980618979274426e-04
-2.429184499999999984e-04	-1.071544494382163963e-11	5.838518107238774941e-04
-2.446351899999999911e-04	-1.079172689440469581e-11	5.823029480147679611e-04
-2.463519200000000237e-04	-1.086474133383604303e-11	5.800159091531532831e-04
-2.480686600000000163e-04	-1.093797274369034309e-11	5.780426622260276693e-04
-2.497854100000000232e-04	-1.101684140579150843e-11	5.775175485272983919e-04
-2.515021299999999874e-04	-1.108832029502278996e-11	5.749558136577958027e-04
-2.532188799999999943e-04	-1.116717847259110870e-11	5.731802752028006091e-04
-2.549356199999999869e-04	-1.123909424963064644e-11	5.780428338169282289e-04
-2.566523500000000195e-04	-1.131313505491813114e-11	5.779620505969709559e-04
-2.583690900000000122e-04	-1.138856940647073370e-11	5.776876929307332058e-04
-2.600858400000000191e-04	-1.146416003653733253e-11	5.753098393681003921e-04
-2.618025599999999832e-04	-1.154913381148813058e-11	5.728257574510038337e-04
-2.635193099999999901e-04	-1.160888779992492060e-11	5.767292299541283305e-04
-2.652360499999999828e-04	-1.168001748295247392e-11	5.763939257395058000e-04
-2.669527800000000154e-04	-1.176378348256463998e-11	5.754375817031097667e-04
-2.686695200000000080e-04	-1.183977687563658099e-11	5.817919736248978405e-04
-2.703862600000000007e-04	-1.191959718743169925e-11	5.773909749392476054e-04
-2.721029899999999791e-04	-1.199552544729411216e-11	5.744296806437115301e-04
-2.738197300000000259e-04	-1.206370241313850686e-11	5.686869479260480906e-04
-2.755364799999999786e-04	-1.213700007556336223e-11	5.776645419807245998e-04
-2.772532200000000255e-04	-1.220500692723013685e-11	5.816216442858814211e-04
-2.789699500000000039e-04	-1.228072077046893588e-11	5.811678753102149896e-04
-2.806866899999999965e-04	-1.234846110922191182e-11	5.740879139932516693e-04
-2.824034400000000034e-04	-1.241461311121180426e-11	5.776890294292573620e-04
-2.841201599999999675e-04	-1.249719065114678167e-11	5.796608557529645466e-04
-2.858369100000000287e-04	-1.258580428788311266e-11	5.804635206706452999e-04
-2.875536500000000213e-04	-1.266224566644360458e-11	5.752416547090824029e-04
-2.892703699999999854e-04	-1.271702573412429526e-11	5.785467313524698908e-04
-2.909871199999999923e-04	-1.278072361167152425e-11	5.747512406334339416e-04
-2.927038599999999850e-04	-1.286137569805069619e-11	5.725171389165563526e-04
-2.944205900000000176e-04	-1.295368891090855063e-11	5.740952683036872626e-04
-2.961373300000000102e-04	-1.302372248230196107e-11	5.811413941944033271e-04
-2.978540800000000171e-04	-1.308281500944964803e-11	5.751367765113084502e-04
-2.995707999999999813e-04	-1.315007465303488425e-11	5.744443622437272199e-04
-3.012875499999999882e-04	-1.323217531956697635e-11	5.696400749061772363e-04
-3.030042899999999808e-04	-1.332592349728190534e-11	5.759084667960995794e-04
-3.047210200000000134e-04	-1.339853376126192066e-11	5.743651487557627743e-04
-3.064377600000000061e-04	-1.346231262932401165e-11	5.737467763674570630e-04
-3.081544999999999987e-04	-1.353099858639746921e-11	5.707604421518432591e-04
-3.098712299999999771e-04	-1.361673008042319877e-11	5.742714081409308873e-04
-3.115879699999999698e-04	-1.368736375057443826e-11	5.784220964749483499e-04
-3.133047000000000024e-04	-1.375786864640776973e-11	5.802643703941353249e-04
-3.150214600000000235e-04	-1.382511361540178222e-11	5.799031896545778436e-04
-3.167381900000000019e-04	-1.388820870448508789e-11	5.751732560023103914e-04
-3.184549099999999661e-04	-1.396149625427557914e-11	5.773590306110368709e-04
-3.201716800000000015e-04	-1.403744133057853954e-11	5.728482691859116674e-04
-3.218884000000000198e-04	-1.410178441933568552e-11	5.749108036761910092e-04
-3.236051299999999982e-04	-1.418310602451341612e-11	5.693502313360079012e-04
-3.253218900000000194e-04	-1.424844524692654260e-11	5.720650699485761931e-04
-3.270386199999999978e-04	-1.433738694419313032e-11	5.741293701274095612e-04
-3.287553399999999619e-04	-1.441877457017091451e-11	5.774819261613920677e-04
-3.304720999999999831e-04	-1.447915036448310893e-11	5.749291796501514824e-04
-3.321888299999999614e-04	-1.454442856611149886e-11	5.692501987767965496e-04
-3.339055599999999941e-04	-1.460995557264173670e-11	5.749079087826680862e-04
-3.356223199999999610e-04	-1.469235045109646138e-11	5.787244480610576275e-04
-3.373390400000000336e-04	-1.477196435618276723e-11	5.689560663001783656e-04
-3.390557700000000120e-04	-1.484091611695914076e-11	5.747430099940557769e-04
-3.407725300000000331e-04	-1.492809977230958501e-11	5.734895351090942396e-04
-3.424892600000000115e-04	-1.500428267088523315e-11	5.763165025966418250e-04
-3.442059799999999756e-04	-1.508702684969745302e-11	5.662747353593016288e-04
-3.459227500000000110e-04	-1.513690272551074547e-11	5.777500882516789981e-04
-3.476394700000000294e-04	-1.519699917687672771e-11	5.741542658939034717e-04
-3.493562000000000078e-04	-1.527795657026397912e-11	5.730334630173396660e-04
-3.510729600000000289e-04	-1.535798152696855377e-11	5.799910167874385968e-04
-3.527896900000000073e-04	-1.543049255755677339e-11	5.728189954916938558e-04
-3.545064500000000285e-04	-1.550774211545489910e-11	5.715192130864798180e-04
-3.562231699999999926e-04	-1.556250479297597071e-11	5.671299851265646169e-04
-3.579398999999999710e-04	-1.562896993562736867e-11	5.681922804182073421e-04
-3.596566599999999922e-04	-1.570355307294828010e-11	5.734419546312720904e-04
-3.613733899999999706e-04	-1.578459945403385944e-11	5.695602312940854350e-04
-3.630901100000000431e-04	-1.586464792807475743e-11	5.699177935271240811e-04
-3.648068799999999701e-04	-1.593957535310977013e-11	5.732294918948544621e-04
-3.665236000000000427e-04	-1.601115250672102455e-11	5.776914953674269510e-04
-3.682403299999999669e-04	-1.608716489915176938e-11	5.751903795251401023e-04
-3.699570900000000422e-04	-1.616009916038688725e-11	5.681756992579517539e-04
-3.716738100000000064e-04	-1.621846624265388160e-11	5.748974353250132282e-04
-3.733905400000000390e-04	-1.628616520170445323e-11	5.691833684243303385e-04
-3.751073000000000059e-04	-1.636989343247358309e-11	5.758846228035845605e-04
-3.768240300000000385e-04	-1.646219311760288481e-11	5.728796981643175792e-04
-3.785407500000000027e-04	-1.653953759699712097e-11	5.666038730946774439e-04
-3.802575200000000381e-04	-1.660634007856111527e-11	5.672968449081659034e-04
-3.819742400000000022e-04	-1.666673752973629271e-11	5.781465973594110451e-04
-3.836909699999999806e-04	-1.675218628327857200e-11	5.732958437947124116e-04
-3.854077300000000018e-04	-1.682618568497882675e-11	5.735122275079190595e-04
-3.871244599999999801e-04	-1.689900976896877955e-11	5.756262572340098979e-04
-3.888411799999999985e-04	-1.697076680150409604e-11	5.726076629198772376e-04
-3.905579399999999654e-04	-1.704516426074776497e-11	5.753927334204874105e-04
-3.922746699999999980e-04	-1.711761099715125012e-11	5.734883816535045172e-04
-3.939913999999999764e-04	-1.719970373715809334e-11	5.657816380309079558e-04
-3.957081599999999976e-04	-1.726269110299713674e-11	5.657405691138078525e-04
-3.974248800000000159e-04	-1.731787527056976626e-11	5.751695730439107665e-04
-3.991416099999999401e-04	-1.740330773330403546e-11	5.690911804574180820e-04
-4.008583700000000155e-04	-1.747866807058924192e-11	5.717813071565879717e-04
-4.025751000000000481e-04	-1.754700256272282957e-11	5.696161562205639397e-04
-4.042918200000000122e-04	-1.763582184227234314e-11	5.627449302696590529e-04
-4.060085900000000476e-04	-1.770326342714414282e-11	5.672202300618325475e-04
-4.077253100000000118e-04	-1.777772336719232685e-11	5.678099827387066666e-04
-4.094420399999999902e-04	-1.785897507156187618e-11	5.680078945936951678e-04
-4.111588000000000113e-04	-1.794315749810581640e-11	5.716864857192852827e-04
-4.128755299999999897e-04	-1.800914405248456910e-11	5.674777570336543391e-04
-4.145922500000000081e-04	-1.806406711980255415e-11	5.648104402994889341e-04
-4.163090099999999750e-04	-1.813258716239136142e-11	5.702632253810752377e-04
-4.180257400000000076e-04	-1.823276102854344922e-11	5.664455819542877670e-04
-4.197424699999999860e-04	-1.831097122183649963e-11	5.640131286380351558e-04
-4.214592300000000072e-04	-1.837669166921592612e-11	5.660920844132794538e-04
-4.231759499999999713e-04	-1.844221008771323618e-11	5.663093323161430027e-04
-4.248926799999999497e-04	-1.852440369243551430e-11	5.775166801508651313e-04
-4.266094399999999709e-04	-1.859487123567387139e-11	5.674984652039543991e-04
-4.283261700000000577e-04	-1.865381958860572231e-11	5.672418901594157006e-04
-4.300428900000000218e-04	-1.871515782342958140e-11	5.766545528143225425e-04
-4.317596600000000572e-04	-1.877261253298436264e-11	5.697207563875958001e-04
-4.334763800000000214e-04	-1.888029264498640947e-11	5.684575481732752952e-04
-4.351931099999999998e-04	-1.895527331388489236e-11	5.670010541248331161e-04
-4.369098700000000209e-04	-1.901527818977538918e-11	5.666928766639866720e-04
-4.386265899999999851e-04	-1.909302981816500557e-11	5.703097233507426573e-04
-4.403433200000000177e-04	-1.916730074603674924e-11	5.738809771812659454e-04
-4.420600799999999846e-04	-1.923669954259714949e-11	5.674112428683887903e-04
-4.437768100000000172e-04	-1.932442490007949594e-11	5.699940721675248768e-04
-4.454935299999999813e-04	-1.941228322730307722e-11	5.657485899930874036e-04
-4.472103000000000167e-04	-1.948124904818821180e-11	5.687493833602759365e-04
-4.489270199999999809e-04	-1.954654698591311743e-11	5.784168163319352088e-04
-4.506437900000000163e-04	-1.961508092503085670e-11	5.640082833135479264e-04
-4.523605099999999804e-04	-1.966906157188389784e-11	5.595931855294417924e-04
-4.540772399999999588e-04	-1.974134802424728156e-11	5.686908674751208750e-04
-4.557939999999999800e-04	-1.982107821868098351e-11	5.697032386885057722e-04
-4.575107199999999441e-04	-1.989216338503333354e-11	5.710941746139539020e-04
-4.592274500000000309e-04	-1.996500253241329897e-11	5.694195664207375067e-04
-4.609442099999999437e-04	-2.004567418263555493e-11	5.768706843256468739e-04
-4.626609400000000305e-04	-2.010529297512824203e-11	5.699506455787737647e-04
-4.643776599999999946e-04	-2.016474466662442576e-11	5.649348314854878931e-04
-4.660944300000000300e-04	-2.025822693549827225e-11	5.779482253690142526e-04
-4.678111499999999942e-04	-2.034324705206978976e-11	5.690526618512687903e-04
-4.695278800000000268e-04	-2.041234669338820771e-11	5.700770135675120196e-04
-4.712446399999999937e-04	-2.047410033958078289e-11	5.641181354960307995e-04
-4.729613700000000263e-04	-2.054068725672077646e-11	5.684345799476674035e-04
-4.746780899999999905e-04	-2.061306686250317275e-11	5.694223262765828837e-04
-4.763948500000000116e-04	-2.069335458267302136e-11	5.671773609141653964e-04
-4.781115799999999900e-04	-2.076896271918897981e-11	5.609388356358693947e-04
-4.798283099999999684e-04	-2.083620802779806787e-11	5.764590602412860039e-04
-4.815450699999999896e-04	-2.090428431832533174e-11	5.674557633083546953e-04
-4.832617899999999537e-04	-2.100100202175519122e-11	5.684231151620328798e-04
-4.849785199999999863e-04	-2.106972974865588521e-11	5.686134955378845286e-04
-4.866952799999999532e-04	-2.113578773279182958e-11	5.667057593927032639e-04
-4.884120099999999859e-04	-2.119967317794876448e-11	5.688162424203389942e-04
-4.901287299999999500e-04	-2.128671378125352303e-11	5.665612240845153058e-04
-4.918455000000000396e-04	-2.135482386086245531e-11	5.623067915912371593e-04
-4.935622200000000038e-04	-2.143740468724445188e-11	5.724280193688914076e-04
-4.952789500000000364e-04	-2.151323371869595329e-11	5.605440385296158639e-04
-4.969957099999999491e-04	-2.157134359657343633e-11	5.628869687067076947e-04
-4.987124399999999817e-04	-2.163180160028369719e-11	5.693465896322114170e-04
-5.004291599999999458e-04	-2.170042766110389777e-11	5.735928997719344155e-04
-5.021459200000000754e-04	-2.178265450564996878e-11	5.648832910188374655e-04
-5.038626499999999996e-04	-2.185364945660910763e-11	5.663009263929897133e-04
-5.055793699999999637e-04	-2.194800238618319788e-11	5.634116222075971755e-04
-5.072961399999999449e-04	-2.199668412063389787e-11	5.762791792342199845e-04
-5.090128600000000175e-04	-2.208341487731407401e-11	5.636232632973060168e-04
-5.107295900000000501e-04	-2.216290434582122137e-11	5.631469816715002109e-04
-5.124463499999999628e-04	-2.222803757202469523e-11	5.655875623333397146e-04
-5.141630799999999954e-04	-2.228826153344967768e-11	5.695423569670919834e-04
-5.158797999999999596e-04	-2.237452166349290917e-11	5.695137853140246455e-04
-5.175965700000000492e-04	-2.245597632207152749e-11	5.699480323555000325e-04
-5.193132900000000133e-04	-2.253468315536406843e-11	5.670774409586513531e-04
-5.210300200000000459e-04	-2.259839076254743953e-11	5.707946360332676224e-04
-5.227467799999999587e-04	-2.267741556211396513e-11	5.673857919705090330e-04
-5.244635000000000312e-04	-2.275750891480823317e-11	5.630714458015410309e-04
-5.261802299999999554e-04	-2.282497041252019127e-11	5.712982120574845593e-04
-5.278969899999999766e-04	-2.289507100553347103e-11	5.631022119718432934e-04
-5.296137200000000092e-04	-2.296106026705845509e-11	5.664006185562099399e-04
-5.313304399999999733e-04	-2.303772641431863672e-11	5.659983672887100364e-04
-5.330472099999999545e-04	-2.311950030470370031e-11	5.656452040598914169e-04
-5.347639299999999186e-04	-2.318305447416058375e-11	5.647246169847167444e-04
-5.364806600000000597e-04	-2.325387499148316889e-11	5.578583631701040674e-04
-5.381974199999999724e-04	-2.330940655904477062e-11	5.646330273503666949e-04
-5.399141500000000050e-04	-2.339252552485079985e-11	5.699965786949015914e-04
-5.416308699999999691e-04	-2.346887989096021847e-11	5.702360141691316950e-04
-5.433476299999999903e-04	-2.353367317649118374e-11	5.605914182952801816e-04
-5.450643600000000229e-04	-2.360777362290486436e-11	5.603231804104508423e-04
-5.467810900000000555e-04	-2.368203899686144427e-11	5.574610071872387407e-04
-5.484978499999999682e-04	-2.373845843177358625e-11	5.649387520540236204e-04
-5.502145700000000408e-04	-2.381183687363173771e-11	5.606019279861763818e-04
-5.519313400000000220e-04	-2.390626896180886059e-11	5.670159888782659802e-04
-5.536480599999999861e-04	-2.398223240658296207e-11	5.602255750720783059e-04
-5.553647900000000187e-04	-2.403641524175045542e-11	5.611896327703814720e-04
-5.570815500000000399e-04	-2.411765074858867716e-11	5.653858253204949516e-04
-5.587982799999999641e-04	-2.419177733580254603e-11	5.690974028385096910e-04
-5.605149999999999282e-04	-2.426424002419075849e-11	5.637991493545316994e-04
-5.622317599999999494e-04	-2.433131286157224231e-11	5.666774727088978725e-04
-5.639484899999999820e-04	-2.441022354609628366e-11	5.616877509964043370e-04
-5.656652200000000146e-04	-2.448382171007572381e-11	5.687895017684262795e-04
-5.673819799999999273e-04	-2.454915618586884648e-11	5.649520255308486697e-04
-5.690986999999999999e-04	-2.460388286501531690e-11	5.649650107396038227e-04
-5.708154300000000325e-04	-2.467594012680349005e-11	5.688692530297635415e-04
-5.725321900000000536e-04	-2.474385347092947552e-11	5.598822272095032096e-04
-5.742489199999999778e-04	-2.482313377651259510e-11	5.675026868589090525e-04
-5.759656400000000504e-04	-2.490452548704652703e-11	5.669253396296130860e-04
-5.776824100000000316e-04	-2.497447070537061019e-11	5.507412261875079505e-04
-5.793991299999999957e-04	-2.503972486015932831e-11	5.707246381897588443e-04
-5.811158600000000283e-04	-2.512761832318125173e-11	5.676451425415208812e-04
-5.828326200000000495e-04	-2.518474193929451814e-11	5.589878895319803486e-04
-5.845493499999999737e-04	-2.523951413944661056e-11	5.661946878615506037e-04
-5.862660699999999378e-04	-2.533144995143795317e-11	5.569222971598455094e-04
-5.879828299999999590e-04	-2.543036735340649788e-11	5.635594290214552323e-04
-5.896995599999999916e-04	-2.547718443284252001e-11	5.620087992863020921e-04
-5.914162800000000641e-04	-2.556524429019613894e-11	5.699182780652008434e-04
-5.931330499999999369e-04	-2.561768477381394244e-11	5.603253342075509291e-04
-5.948497700000000095e-04	-2.569972931097157298e-11	5.548677589140562846e-04
-5.965664999999999336e-04	-2.574904175472369497e-11	5.610043184147826432e-04
-5.982832600000000632e-04	-2.582832153027906265e-11	5.674164203734469386e-04
-5.999999899999999874e-04	-2.589014707709582266e-11	5.584120787873615016e-04
-6.081632499999999747e-04	-2.625447873104264434e-11	5.531574742627182661e-04
-6.163265200000000305e-04	-2.660320210494936489e-11	5.544063981692001026e-04
-6.244897800000000177e-04	-2.694003177112113612e-11	5.588909213677975248e-04
-6.326530900000000221e-04	-2.729698224603882265e-11	5.623608001088725239e-04
-6.408163200000000208e-04	-2.764382369670204196e-11	5.679799099447965186e-04
-6.489795399999999511e-04	-2.798420692697277185e-11	5.588339224404030407e-04
-6.571428499999999555e-04	-2.831947355219627148e-11	5.581468919272745835e-04
-6.653061499999999998e-04	-2.866290765535749792e-11	5.571160731658540959e-04
-6.734693799999999985e-04	-2.898987169901992518e-11	5.528272881287060996e-04
-6.816326099999999973e-04	-2.932441929587346448e-11	5.595395289343976482e-04
-6.897959100000000416e-04	-2.968130186379970695e-11	5.608615877664591565e-04
-6.979592099999999775e-04	-3.005060300280833122e-11	5.626419712004253207e-04
-7.061224400000000847e-04	-3.038936495383347293e-11	5.579950337427237164e-04
-7.142856699999999750e-04	-3.071720445438829509e-11	5.593015776368004833e-04
-7.224489700000000193e-04	-3.103421704751731890e-11	5.594943732986943719e-04
-7.306122800000000236e-04	-3.137898724120982405e-11	5.554035181322941172e-04
-7.387755100000000224e-04	-3.173032685283418852e-11	5.649392670618444065e-04
-7.469387399999999127e-04	-3.209285509901504057e-11	5.500800900664061478e-04
-7.551020399999999570e-04	-3.244146431882698803e-11	5.725316827439884447e-04
-7.632653400000000013e-04	-3.276771131857209244e-11	5.629434494045964295e-04
-7.714285700000000001e-04	-3.310414299347554956e-11	5.587139353078236651e-04
-7.795917999999999988e-04	-3.346999620679340131e-11	5.605400572850492051e-04
-7.877551000000000431e-04	-3.380497183066842856e-11	5.564873616951285327e-04
-7.959184099999999391e-04	-3.414718961222579347e-11	5.553969816135104123e-04
-8.040816300000000862e-04	-3.447936049173921470e-11	5.594650802250488103e-04
-8.122448599999999765e-04	-3.481334360109037756e-11	5.648690675306517134e-04
-8.204081699999999809e-04	-3.515988441702485278e-11	5.529801224000618822e-04
-8.285714700000000252e-04	-3.552556891923647634e-11	5.541157560578147600e-04
-8.367347000000000239e-04	-3.585164969930146217e-11	5.588316732485119290e-04
-8.448979299999999143e-04	-3.618426762625862831e-11	5.536732181411432472e-04
-8.530612299999999586e-04	-3.654748856462015740e-11	5.466507317929761300e-04
-8.612245300000000029e-04	-3.689035211850931754e-11	5.636244993042046269e-04
-8.693877600000000016e-04	-3.723428614734021797e-11	5.619210768398291526e-04
-8.775509900000000004e-04	-3.754874445147051342e-11	5.658452405233822856e-04
-8.857142899999999363e-04	-3.787527114206324876e-11	5.668459946814014385e-04
-8.938775999999999406e-04	-3.822272517716608097e-11	5.578620855281613824e-04
-9.020408200000000877e-04	-3.858970147520754063e-11	5.550764888729662477e-04
-9.102040499999999781e-04	-3.895704397328033436e-11	5.538604197444246422e-04
-9.183673599999999824e-04	-3.929706249424672296e-11	5.653931551642543555e-04
-9.265306600000000267e-04	-3.965049396408416121e-11	5.564301045488361788e-04
-9.346938900000000255e-04	-3.996182903686942324e-11	5.640644668687871998e-04
-9.428571199999999158e-04	-4.030178368112164914e-11	5.615205648931838019e-04
-9.510204199999999601e-04	-4.062481096021093497e-11	5.631112592235749340e-04
-9.591837200000000044e-04	-4.095683505971486164e-11	5.628700407537778850e-04
-9.673469500000000032e-04	-4.133417049708020233e-11	5.513345284663361250e-04
-9.755101800000000019e-04	-4.170021398883649604e-11	5.473093192590103425e-04
-9.836734799999998294e-04	-4.204847013284131772e-11	5.588663672879908050e-04
-9.918367899999999421e-04	-4.240282058628381710e-11	5.580169683211920473e-04
-1.000000000000000021e-03	-4.273705366592407621e-11	5.607086276551609579e-04
