# [DATA]
1.000000000000000021e-03	4.177850800000000154e-11	5.302681905562437164e-04
9.918367899999999421e-04	4.136935599999999823e-11	5.347573306555587769e-04
9.836734799999998294e-04	4.099722999999999776e-11	5.282260417898707386e-04
9.755101800000000019e-04	4.069291800000000151e-11	5.427040881996308399e-04
9.673469500000000032e-04	4.032996200000000190e-11	5.406347238994721732e-04
9.591837200000000044e-04	4.007754899999999923e-11	5.401452853553305239e-04
9.510204199999999601e-04	3.982951799999999936e-11	5.354960986103833110e-04
9.428571199999999158e-04	3.948432599999999854e-11	5.459218463158316444e-04
9.346938900000000255e-04	3.911380900000000277e-11	5.347457151177924467e-04
9.265306600000000267e-04	3.872918700000000078e-11	5.388353506822316126e-04
9.183673599999999824e-04	3.855350800000000104e-11	5.427775162203540447e-04
9.102040499999999781e-04	3.823124099999999914e-11	5.346550530920186114e-04
9.020408200000000877e-04	3.789155100000000142e-11	5.282332023966652057e-04
8.938775999999999406e-04	3.759733499999999774e-11	5.471101509271972382e-04
8.857142899999999363e-04	3.725082000000000222e-11	5.428509494786405622e-04
8.775509900000000004e-04	3.689571200000000288e-11	5.411879102851397403e-04
8.693877600000000016e-04	3.655218099999999801e-11	5.450897740712984992e-04
8.612245300000000029e-04	3.623040099999999936e-11	5.433992404163809960e-04
8.530612299999999586e-04	3.583779500000000259e-11	5.478561883901298789e-04
8.448979299999999143e-04	3.553953699999999851e-11	5.473383254989498117e-04
8.367347000000000239e-04	3.520775699999999808e-11	5.427886940918420474e-04
8.285714700000000252e-04	3.478017199999999754e-11	5.476184313547292123e-04
8.204081699999999809e-04	3.457788900000000124e-11	5.487059894497724665e-04
8.122448599999999765e-04	3.426432700000000318e-11	5.474845241285409073e-04
8.040816300000000862e-04	3.386917799999999893e-11	5.432756205305937789e-04
7.959184099999999391e-04	3.364098900000000187e-11	5.452866842565797520e-04
7.877551000000000431e-04	3.323253099999999852e-11	5.446297325452386946e-04
7.795917999999999988e-04	3.287564299999999916e-11	5.500009836558420340e-04
7.714285700000000001e-04	3.258750199999999977e-11	5.419401795996848202e-04
7.632653400000000013e-04	3.225588200000000123e-11	5.396198100093537245e-04
7.551020399999999570e-04	3.200754599999999978e-11	5.452520193676682527e-04
7.469387399999999127e-04	3.170011800000000130e-11	5.550765774647540163e-04
7.387755100000000224e-04	3.126196199999999894e-11	5.494286828635329975e-04
7.306122800000000236e-04	3.087377199999999876e-11	5.536147066379342721e-04
7.224489700000000193e-04	3.049925600000000157e-11	5.372687772351219995e-04
7.142856699999999750e-04	3.018008400000000269e-11	5.426698216624179730e-04
7.061224400000000847e-04	2.974020700000000206e-11	5.460066538518518154e-04
6.979592099999999775e-04	2.944856200000000265e-11	5.463728661020315035e-04
6.897959100000000416e-04	2.915699599999999715e-11	5.482565683060860052e-04
6.816326099999999973e-04	2.880133599999999904e-11	5.485337172555845983e-04
6.734693799999999985e-04	2.842227300000000074e-11	5.556104291563649603e-04
6.653061499999999998e-04	2.820980800000000100e-11	5.579691385521186276e-04
6.571428499999999555e-04	2.790286099999999908e-11	5.549989190433737537e-04
6.489795399999999511e-04	2.756188999999999859e-11	5.521895808489089234e-04
6.408163200000000208e-04	2.718358699999999957e-11	5.539763699361351882e-04
6.326530900000000221e-04	2.688577299999999977e-11	5.395597003015017946e-04
6.244897800000000177e-04	2.659627900000000128e-11	5.558920982811221692e-04
6.163265200000000305e-04	2.631232400000000141e-11	5.563436336955678583e-04
6.081632499999999747e-04	2.592017199999999854e-11	5.482521978797064849e-04
5.999999899999999874e-04	2.553498700000000112e-11	5.558049567938379721e-04
5.982832600000000632e-04	2.547492299999999877e-11	5.511517873252982144e-04
5.965664999999999336e-04	2.542169899999999964e-11	5.556776929522067639e-04
5.948497700000000095e-04	2.542221999999999989e-11	5.465735568474668592e-04
5.931330499999999369e-04	2.521206300000000124e-11	5.621855371217834504e-04
5.914162800000000641e-04	2.517110000000000045e-11	5.530613521649091957e-04
5.896995599999999916e-04	2.504032099999999944e-11	5.531465009798006323e-04
5.879828299999999590e-04	2.497815800000000033e-11	5.611029642593751013e-04
5.862660699999999378e-04	2.491213499999999925e-11	5.563802899617521823e-04
5.845493499999999737e-04	2.482080500000000068e-11	5.522574157737801049e-04
5.828326200000000495e-04	2.487090600000000001e-11	5.617665006489724758e-04
5.811158600000000283e-04	2.481105400000000048e-11	5.555381124269492127e-04
5.793991299999999957e-04	2.474384200000000127e-11	5.548983982236307868e-04
5.776824100000000316e-04	2.468143700000000139e-11	5.559514295914475424e-04
5.759656400000000504e-04	2.453334399999999963e-11	5.571731507235120132e-04
5.742489199999999778e-04	2.446140699999999996e-11	5.545340082275053472e-04
5.725321900000000536e-04	2.440978099999999918e-11	5.567282350306776862e-04
5.708154300000000325e-04	2.436631299999999992e-11	5.558835550427715811e-04
5.690986999999999999e-04	2.427262600000000107e-11	5.541299411776402653e-04
5.673819799999999273e-04	2.421482999999999932e-11	5.565703199062099673e-04
5.656652200000000146e-04	2.415795200000000082e-11	5.497899984847481880e-04
5.639484899999999820e-04	2.407318100000000161e-11	5.534232428223753155e-04
5.622317599999999494e-04	2.400440599999999840e-11	5.464283265017471410e-04
5.605149999999999282e-04	2.393326700000000055e-11	5.590151771476187855e-04
5.587982799999999641e-04	2.386757100000000083e-11	5.564796591567026593e-04
5.570815500000000399e-04	2.373319400000000046e-11	5.518285617611344389e-04
5.553647900000000187e-04	2.363962200000000014e-11	5.527605179009639899e-04
5.536480599999999861e-04	2.369580400000000076e-11	5.589872504557585019e-04
5.519313400000000220e-04	2.361576200000000109e-11	5.611785083908885910e-04
5.502145700000000408e-04	2.355326499999999981e-11	5.555849312775384009e-04
5.484978499999999682e-04	2.345347899999999896e-11	5.473873364443200855e-04
5.467810900000000555e-04	2.343618000000000041e-11	5.516730590215931972e-04
5.450643600000000229e-04	2.335104299999999994e-11	5.615120424470600950e-04
5.433476299999999903e-04	2.327287499999999962e-11	5.556217180306149582e-04
5.416308699999999691e-04	2.320435900000000052e-11	5.520717351716713768e-04
5.399141500000000050e-04	2.311125900000000125e-11	5.556177205765184873e-04
5.381974199999999724e-04	2.309607499999999900e-11	5.568461184768873189e-04
5.364806600000000597e-04	2.289780499999999928e-11	5.519985731310901632e-04
5.347639299999999186e-04	2.286215700000000028e-11	5.600392641922843917e-04
5.330472099999999545e-04	2.282676500000000043e-11	5.539658480280725819e-04
5.313304399999999733e-04	2.264377700000000137e-11	5.533632174926356303e-04
5.296137200000000092e-04	2.248957099999999923e-11	5.468410897501437907e-04
5.278969899999999766e-04	2.249652199999999868e-11	5.510074058539394908e-04
5.261802299999999554e-04	2.246698300000000098e-11	5.618893961712569194e-04
5.244635000000000312e-04	2.240645200000000046e-11	5.600477490968298541e-04
5.227467799999999587e-04	2.233461899999999943e-11	5.537540880021529256e-04
5.210300200000000459e-04	2.228931600000000070e-11	5.557152144438198263e-04
5.193132900000000133e-04	2.221439500000000069e-11	5.531471807621849866e-04
5.175965700000000492e-04	2.210000600000000017e-11	5.538723572390609907e-04
5.158797999999999596e-04	2.212793800000000078e-11	5.564500509333880412e-04
5.141630799999999954e-04	2.196195800000000031e-11	5.530393269293037940e-04
5.124463499999999628e-04	2.193453800000000122e-11	5.610881303983584036e-04
5.107295900000000501e-04	2.185525199999999853e-11	5.529071052913232375e-04
5.090128600000000175e-04	2.179951399999999895e-11	5.607008259112973830e-04
5.072961399999999449e-04	2.174302800000000056e-11	5.547666674311638787e-04
5.055793699999999637e-04	2.159264800000000014e-11	5.563886140361456057e-04
5.038626499999999996e-04	2.151388599999999943e-11	5.526101271207482096e-04
5.021459200000000754e-04	2.147351900000000020e-11	5.599912018620346009e-04
5.004291599999999458e-04	2.148722300000000113e-11	5.516854919723200882e-04
4.987124399999999817e-04	2.143691099999999955e-11	5.558174139867939640e-04
4.969957099999999491e-04	2.128979100000000048e-11	5.550531510719068423e-04
4.952789500000000364e-04	2.119806200000000100e-11	5.544727839351203504e-04
4.935622200000000038e-04	2.114228099999999922e-11	5.602575341321842147e-04
4.918455000000000396e-04	2.104520900000000119e-11	5.513780964455953712e-04
4.901287299999999500e-04	2.106674200000000111e-11	5.575418610442778094e-04
4.884120099999999859e-04	2.099099200000000075e-11	5.559917225143022222e-04
4.866952799999999532e-04	2.080734700000000048e-11	5.514474589629368229e-04
4.849785199999999863e-04	2.076949200000000054e-11	5.466218438618605530e-04
4.832617899999999537e-04	2.072238199999999913e-11	5.596612803156640528e-04
4.815450699999999896e-04	2.068352100000000007e-11	5.572231004202396433e-04
4.798283099999999684e-04	2.060602899999999901e-11	5.511090935141253018e-04
4.781115799999999900e-04	2.052289900000000036e-11	5.561207286111908123e-04
4.763948500000000116e-04	2.044809299999999887e-11	5.580302541719240087e-04
4.746780899999999905e-04	2.034127399999999970e-11	5.497867458030691748e-04
4.729613700000000263e-04	2.024094599999999941e-11	5.543072655705748395e-04
4.712446399999999937e-04	2.016466700000000064e-11	5.481915070172524657e-04
4.695278800000000268e-04	2.013977399999999981e-11	5.502498596390421838e-04
4.678111499999999942e-04	2.005582899999999920e-11	5.565536258838227378e-04
4.660944300000000300e-04	2.001571100000000153e-11	5.590310607704624280e-04
4.643776599999999946e-04	1.992712100000000140e-11	5.577262040168301559e-04
4.626609400000000305e-04	1.984046600000000029e-11	5.503725258268474859e-04
4.609442099999999437e-04	1.976546200000000082e-11	5.466628947981229175e-04
4.592274500000000309e-04	1.977728199999999986e-11	5.500473068500441945e-04
4.575107199999999441e-04	1.970638100000000046e-11	5.455879813246705505e-04
4.557939999999999800e-04	1.961559399999999870e-11	5.548650386930467941e-04
4.540772399999999588e-04	1.957500299999999940e-11	5.586177582959533407e-04
4.523605099999999804e-04	1.942372000000000117e-11	5.486039068900371799e-04
4.506437900000000163e-04	1.939539000000000022e-11	5.476009528403484811e-04
4.489270199999999809e-04	1.933892099999999871e-11	5.527931106251007592e-04
4.472103000000000167e-04	1.928317199999999925e-11	5.571648782331273557e-04
4.454935299999999813e-04	1.924595200000000075e-11	5.555441498441501553e-04
4.437768100000000172e-04	1.912908900000000026e-11	5.528596078472103369e-04
4.420600799999999846e-04	1.903797600000000095e-11	5.556652586769286186e-04
4.403433200000000177e-04	1.896470100000000114e-11	5.495228289863679288e-04
4.386265899999999851e-04	1.887875300000000103e-11	5.544786474848533439e-04
4.369098700000000209e-04	1.880885700000000018e-11	5.511733200552802010e-04
4.351931099999999998e-04	1.876915500000000031e-11	5.544431168079342600e-04
4.334763800000000214e-04	1.871850199999999899e-11	5.575410765104183829e-04
4.317596600000000572e-04	1.859306100000000011e-11	5.542073530206961460e-04
4.300428900000000218e-04	1.847450099999999905e-11	5.603884026592416585e-04
4.283261700000000577e-04	1.837678600000000142e-11	5.552825972617685124e-04
4.266094399999999709e-04	1.828066299999999868e-11	5.529982696834685567e-04
4.248926799999999497e-04	1.823578800000000146e-11	5.595209383576210801e-04
4.231759499999999713e-04	1.820092500000000002e-11	5.609945419090218771e-04
4.214592300000000072e-04	1.816257400000000132e-11	5.529874513912323448e-04
4.197424699999999860e-04	1.810389899999999946e-11	5.576112388559800910e-04
4.180257400000000076e-04	1.804286200000000087e-11	5.568035657440065754e-04
4.163090099999999750e-04	1.795512499999999878e-11	5.577818837982207291e-04
4.145922500000000081e-04	1.782159300000000153e-11	5.567358506864269422e-04
4.128755299999999897e-04	1.777478700000000113e-11	5.579186949787962122e-04
4.111588000000000113e-04	1.775471599999999860e-11	5.528460755194984904e-04
4.094420399999999902e-04	1.770946400000000024e-11	5.527885181234126841e-04
4.077253100000000118e-04	1.765213799999999839e-11	5.577197917986292984e-04
4.060085900000000476e-04	1.757357499999999946e-11	5.576334849518967606e-04
4.042918200000000122e-04	1.746657200000000071e-11	5.553057721975577111e-04
4.025751000000000481e-04	1.737584199999999954e-11	5.510354992087513346e-04
4.008583700000000155e-04	1.733833199999999842e-11	5.559985896063829617e-04
3.991416099999999401e-04	1.726589400000000034e-11	5.573978827392722527e-04
3.974248800000000159e-04	1.716544599999999863e-11	5.567246269098044282e-04
3.957081599999999976e-04	1.708087800000000028e-11	5.562719555516216618e-04
3.939913999999999764e-04	1.699296299999999883e-11	5.502872167362444014e-04
3.922746699999999980e-04	1.688980700000000100e-11	5.570506414431255181e-04
3.905579399999999654e-04	1.686454299999999926e-11	5.526419384414762038e-04
3.888411799999999985e-04	1.679543000000000127e-11	5.569188585110553197e-04
3.871244599999999801e-04	1.669928800000000048e-11	5.544866174766717665e-04
3.854077300000000018e-04	1.662870699999999840e-11	5.562548929434713929e-04
3.836909699999999806e-04	1.660181000000000073e-11	5.624792215533871336e-04
3.819742400000000022e-04	1.651986500000000112e-11	5.622664003230342300e-04
3.802575200000000381e-04	1.642981099999999921e-11	5.494865266019335719e-04
3.785407500000000027e-04	1.638238999999999922e-11	5.544785385926437500e-04
3.768240300000000385e-04	1.629029699999999965e-11	5.567752747859914001e-04
3.751073000000000059e-04	1.610937899999999999e-11	5.529449320650587979e-04
3.733905400000000390e-04	1.604285500000000051e-11	5.580215593542331952e-04
3.716738100000000064e-04	1.601526899999999930e-11	5.553917215854284762e-04
3.699570900000000422e-04	1.593050500000000089e-11	5.667268432737862299e-04
3.682403299999999669e-04	1.593236699999999978e-11	5.568211594307872440e-04
3.665236000000000427e-04	1.584140600000000097e-11	5.665021693878584267e-04
3.648068799999999701e-04	1.575560699999999963e-11	5.599843695443828574e-04
3.630901100000000431e-04	1.565669999999999891e-11	5.582109258932789952e-04
3.613733899999999706e-04	1.558734600000000074e-11	5.594686895775896141e-04
3.596566599999999922e-04	1.551182100000000102e-11	5.595217590065201764e-04
3.579398999999999710e-04	1.542434600000000153e-11	5.572120711339560023e-04
3.562231699999999926e-04	1.536091000000000104e-11	5.576557576897874305e-04
3.545064500000000285e-04	1.531409200000000017e-11	5.590664776785953449e-04
3.527896900000000073e-04	1.521475100000000095e-11	5.555769455253422749e-04
3.510729600000000289e-04	1.520691199999999941e-11	5.562458093166664430e-04
3.493562000000000078e-04	1.511769499999999923e-11	5.551740662492803341e-04
3.476394700000000294e-04	1.502902799999999989e-11	5.595056760687181158e-04
3.459227500000000110e-04	1.492838099999999962e-11	5.565449987542033265e-04
3.442059799999999756e-04	1.489911500000000118e-11	5.586720639135649450e-04
3.424892600000000115e-04	1.486243400000000040e-11	5.533618696961428371e-04
3.407725300000000331e-04	1.480355199999999860e-11	5.551525932874547004e-04
3.390557700000000120e-04	1.468924100000000110e-11	5.610232783336303528e-04
3.373390400000000336e-04	1.463230400000000086e-11	5.523129069171431706e-04
3.356223199999999610e-04	1.453041199999999922e-11	5.577673170392280153e-04
3.339055599999999941e-04	1.444972399999999983e-11	5.659316450787255570e-04
3.321888299999999614e-04	1.440128699999999980e-11	5.551585470641674444e-04
3.304720999999999831e-04	1.435641100000000039e-11	5.548799772885079163e-04
3.287553399999999619e-04	1.425893600000000075e-11	5.625611778911558496e-04
3.270386199999999978e-04	1.410890399999999927e-11	5.625211513338764912e-04
3.253218900000000194e-04	1.402356399999999956e-11	5.561970949896791281e-04
3.236051299999999982e-04	1.408633299999999953e-11	5.576547689571223531e-04
3.218884000000000198e-04	1.404065700000000036e-11	5.542274576854323235e-04
3.201716800000000015e-04	1.396791400000000070e-11	5.562140924341990459e-04
3.184549099999999661e-04	1.387502399999999987e-11	5.486264999887163112e-04
3.167381900000000019e-04	1.380856500000000075e-11	5.552519093289241033e-04
3.150214600000000235e-04	1.374025499999999939e-11	5.607740943645540344e-04
3.133047000000000024e-04	1.363952999999999934e-11	5.658991518836858827e-04
3.115879699999999698e-04	1.358782300000000027e-11	5.581417478918919255e-04
3.098712299999999771e-04	1.348699099999999984e-11	5.593604312021928327e-04
3.081544999999999987e-04	1.346457799999999922e-11	5.577714013972522250e-04
3.064377600000000061e-04	1.339744099999999968e-11	5.590851830098800008e-04
3.047210200000000134e-04	1.329832900000000017e-11	5.563250633131009478e-04
3.030042899999999808e-04	1.321246199999999997e-11	5.558556171532306025e-04
3.012875499999999882e-04	1.315153399999999969e-11	5.594706599520755811e-04
2.995707999999999813e-04	1.303426100000000001e-11	5.519101792762836712e-04
2.978540800000000171e-04	1.297728799999999999e-11	5.635940003383882240e-04
2.961373300000000102e-04	1.291821900000000009e-11	5.640230024783970215e-04
2.944205900000000176e-04	1.283544200000000003e-11	5.628366548901270888e-04
2.927038599999999850e-04	1.278657500000000057e-11	5.658875318653991057e-04
2.909871199999999923e-04	1.269886400000000057e-11	5.595657531773642673e-04
2.892703699999999854e-04	1.259366700000000069e-11	5.555620623126289112e-04
2.875536500000000213e-04	1.258394100000000037e-11	5.652160769527138449e-04
2.858369100000000287e-04	1.253317900000000075e-11	5.572249062701388391e-04
2.841201599999999675e-04	1.247100200000000002e-11	5.665944455240980995e-04
2.824034400000000034e-04	1.240572999999999948e-11	5.580056826500479072e-04
2.806866899999999965e-04	1.232831899999999995e-11	5.682327794584840887e-04
2.789699500000000039e-04	1.225902899999999995e-11	5.656417884554300422e-04
2.772532200000000255e-04	1.216403799999999959e-11	5.608152821341122864e-04
2.755364799999999786e-04	1.202948299999999987e-11	5.669278366446478231e-04
2.738197300000000259e-04	1.195453699999999996e-11	5.554982471737228682e-04
2.721029899999999791e-04	1.189552500000000065e-11	5.566305892327109246e-04
2.703862600000000007e-04	1.183003899999999937e-11	5.648843995358657439e-04
2.686695200000000080e-04	1.175230599999999974e-11	5.652305804223108077e-04
2.669527800000000154e-04	1.168753599999999981e-11	5.676452328325892315e-04
2.652360499999999828e-04	1.166036800000000079e-11	5.669823418091518921e-04
2.635193099999999901e-04	1.155746099999999968e-11	5.665364663360992646e-04
2.618025599999999832e-04	1.147476600000000010e-11	5.700368681769139335e-04
2.600858400000000191e-04	1.134790800000000072e-11	5.641292205953496236e-04
2.583690900000000122e-04	1.127879499999999950e-11	5.614122773329752267e-04
2.566523500000000195e-04	1.124523700000000014e-11	5.665597674626840149e-04
2.549356199999999869e-04	1.115211700000000063e-11	5.679591325614408159e-04
2.532188799999999943e-04	1.111126599999999988e-11	5.693041764792575003e-04
2.515021299999999874e-04	1.104539400000000034e-11	5.590482475137667842e-04
2.497854100000000232e-04	1.098186900000000017e-11	5.688845640888407114e-04
2.480686600000000163e-04	1.089017300000000035e-11	5.701451008741182866e-04
2.463519200000000237e-04	1.080020400000000066e-11	5.580911591271669895e-04
2.446351899999999911e-04	1.073054599999999986e-11	5.562959382486125370e-04
2.429184499999999984e-04	1.068590399999999982e-11	5.632403427364982614e-04
2.412017100000000058e-04	1.057675000000000014e-11	5.641812612655174378e-04
2.394849799999999732e-04	1.051219699999999946e-11	5.714666287825612492e-04
2.377682399999999805e-04	1.043669999999999975e-11	5.668825873640216759e-04
2.360514900000000007e-04	1.039726899999999961e-11	5.649121313894926982e-04
2.343347700000000095e-04	1.028702899999999987e-11	5.732491770189173871e-04
2.326180200000000026e-04	1.017431500000000015e-11	5.648970647782858940e-04
2.309012800000000100e-04	1.016831500000000038e-11	5.644401116652248470e-04
2.291845500000000045e-04	1.009295700000000013e-11	5.691061933622540469e-04
2.274678100000000118e-04	1.003755599999999960e-11	5.692881698263105002e-04
2.257510600000000049e-04	9.970827099999999775e-12	5.617188382577389429e-04
2.240343200000000123e-04	9.891185099999999981e-12	5.677750040878362615e-04
2.223175999999999939e-04	9.821089300000000110e-12	5.645098432450019674e-04
2.206008500000000141e-04	9.745532499999999803e-12	5.727774673685969570e-04
2.188841099999999944e-04	9.684239500000000460e-12	5.659969354776722477e-04
2.171673799999999889e-04	9.631027700000000297e-12	5.645561748574291208e-04
2.154506399999999962e-04	9.523598099999999238e-12	5.650468126788794161e-04
2.137338899999999893e-04	9.447446299999999578e-12	5.635334712527173637e-04
2.120171699999999710e-04	9.370800100000000478e-12	5.661373497726084232e-04
2.103004199999999912e-04	9.300826600000000120e-12	5.749916222784687281e-04
2.085836799999999985e-04	9.160833600000000314e-12	5.668050652283618610e-04
2.068669500000000201e-04	9.069404099999999245e-12	5.730846027758471030e-04
2.051502100000000004e-04	8.995524799999999564e-12	5.628667747336452663e-04
2.034334700000000077e-04	8.970039999999999611e-12	5.681184136435011222e-04
2.017167400000000022e-04	8.879633100000000779e-12	5.705319798650907489e-04
2.000000000000000096e-04	8.790594099999999951e-12	5.751639315334613253e-04
1.982832500000000027e-04	8.750565400000000517e-12	5.697686754888406542e-04
1.965665299999999843e-04	8.705496399999999551e-12	5.717545121674291828e-04
1.948497800000000045e-04	8.639947300000000617e-12	5.695018572253329617e-04
1.931330400000000119e-04	8.539972500000000646e-12	5.784018730013927275e-04
1.914163099999999793e-04	8.472643600000000194e-12	5.642260440598152868e-04
1.896995699999999866e-04	8.387894500000000696e-12	5.691048342383266036e-04
1.879828200000000068e-04	8.370078899999999582e-12	5.773087844311171855e-04
1.862660999999999885e-04	8.292930599999999827e-12	5.639598586599554745e-04
1.845493499999999816e-04	8.206569100000000125e-12	5.675114965290512003e-04
1.828326099999999889e-04	8.109494800000000763e-12	5.656065855985922602e-04
1.811158800000000106e-04	8.030596999999999209e-12	5.707947128230814963e-04
1.793991400000000179e-04	7.970052600000000645e-12	5.782125614163506231e-04
1.776823999999999982e-04	7.898248900000000370e-12	5.708352247138667691e-04
1.759656699999999927e-04	7.827584099999999998e-12	5.742611479700323414e-04
1.742489300000000000e-04	7.762093100000000676e-12	5.705949727691651385e-04
1.725321800000000202e-04	7.638031700000000092e-12	5.688604885186018985e-04
1.708154400000000005e-04	7.588428100000000325e-12	5.702366113243428252e-04
1.690987099999999950e-04	7.518999299999999364e-12	5.747855968161737043e-04
1.673819700000000023e-04	7.429855299999999315e-12	5.726736244160333077e-04
1.656652199999999954e-04	7.315457300000000068e-12	5.694565491385945996e-04
1.639484999999999771e-04	7.219491099999999794e-12	5.782385609658146144e-04
1.622317499999999973e-04	7.146684299999999653e-12	5.751502192181904421e-04
1.605150100000000046e-04	7.123969400000000044e-12	5.740235713265333948e-04
1.587982799999999991e-04	7.037833399999999652e-12	5.656506529273718983e-04
1.570815399999999794e-04	6.916965700000000103e-12	5.786519123535771407e-04
1.553648100000000010e-04	6.845478600000000029e-12	5.770576778617734007e-04
1.536480599999999941e-04	6.809744199999999619e-12	5.750126369970951163e-04
1.519313299999999886e-04	6.752066399999999866e-12	5.752011647457279213e-04
1.502145899999999959e-04	6.666247800000000138e-12	5.823992736113171344e-04
1.484978500000000033e-04	6.627134199999999855e-12	5.815950596609871601e-04
1.467811100000000106e-04	6.562480600000000067e-12	5.697312430094427253e-04
1.450643800000000051e-04	6.453918599999999625e-12	5.808438128995545768e-04
1.433476299999999982e-04	6.384112900000000005e-12	5.773743088576046038e-04
1.416308999999999927e-04	6.303010200000000336e-12	5.796444801916955788e-04
1.399141600000000001e-04	6.237009199999999838e-12	5.771561314086436252e-04
1.381974200000000074e-04	6.207234800000000344e-12	5.767234847180827432e-04
1.364806900000000019e-04	6.053572100000000024e-12	5.890646756541583103e-04
1.347639399999999950e-04	5.979166400000000201e-12	5.786811393953433021e-04
1.330472099999999895e-04	5.956335299999999753e-12	5.805083996362584179e-04
1.313304699999999969e-04	5.863071300000000324e-12	5.823618110691355628e-04
1.296137300000000043e-04	5.797493999999999651e-12	5.798766525336961335e-04
1.278969900000000116e-04	5.740075099999999911e-12	5.846260382560016476e-04
1.261802599999999790e-04	5.661433600000000099e-12	5.825901770017595125e-04
1.244635099999999992e-04	5.587137100000000306e-12	5.770293549036270564e-04
1.227467799999999937e-04	5.505029599999999790e-12	5.837751090527376792e-04
1.210300400000000011e-04	5.437783899999999706e-12	5.817685914152211351e-04
1.193133000000000084e-04	5.336892799999999891e-12	5.832848341134366267e-04
1.175965600000000022e-04	5.296534500000000023e-12	5.761591073038407505e-04
1.158798299999999967e-04	5.216658700000000167e-12	5.763834799117523470e-04
1.141630899999999905e-04	5.139399300000000093e-12	5.830041624927468280e-04
1.124463499999999979e-04	5.092224800000000232e-12	5.915390259241401971e-04
1.107296099999999917e-04	5.028092099999999834e-12	5.809265598084426040e-04
1.090128700000000126e-04	4.929646499999999698e-12	5.881599683054373421e-04
1.072961400000000071e-04	4.846900200000000395e-12	5.865177347936982675e-04
1.055793900000000002e-04	4.766610299999999792e-12	5.809967792094686148e-04
1.038626599999999947e-04	4.702587299999999712e-12	5.915263243573679920e-04
1.021459200000000020e-04	4.652828500000000019e-12	5.856864954813347564e-04
1.004291799999999958e-04	4.544064800000000273e-12	5.848328601090348579e-04
9.871244400000000075e-05	4.478881700000000169e-12	5.829478459371316510e-04
9.699570899999998812e-05	4.401154800000000027e-12	5.852002804757098445e-04
9.527896500000001146e-05	4.318901099999999933e-12	5.883704931263209793e-04
9.356222999999999883e-05	4.248710300000000151e-12	5.839367653568513150e-04
9.184549599999999577e-05	4.173766399999999836e-12	5.847556642888797167e-04
9.012875099999999599e-05	4.091815900000000286e-12	5.837962155757352471e-04
8.841201700000000648e-05	4.028489800000000221e-12	5.868509060010389288e-04
8.669527200000000670e-05	3.932640699999999690e-12	5.941089716838010050e-04
8.497853800000000363e-05	3.875330999999999979e-12	5.880474859046712788e-04
8.326180299999999101e-05	3.817689700000000294e-12	5.834356793985820844e-04
8.154505899999998724e-05	3.715784199999999744e-12	5.886527896285215873e-04
7.982832400000000172e-05	3.645193999999999624e-12	5.985537615947632067e-04
7.811158399999999552e-05	3.565555800000000005e-12	5.843429855271970244e-04
7.639484899999999645e-05	3.496467400000000058e-12	5.974692282156995882e-04
7.467810999999999980e-05	3.433270200000000086e-12	5.897963118091739286e-04
7.296137000000000716e-05	3.328932800000000034e-12	5.950617538471344829e-04
7.124463600000000409e-05	3.278798000000000182e-12	5.881251183345448516e-04
6.952789599999999789e-05	3.215061000000000006e-12	5.943163974955826797e-04
6.781115700000000125e-05	3.119280399999999840e-12	5.922692410109417580e-04
6.609441700000000860e-05	3.025489399999999922e-12	5.955022190370973028e-04
6.437768199999999597e-05	2.944679700000000160e-12	6.004468716369574122e-04
6.266094299999999933e-05	2.886572500000000118e-12	5.932526501221386910e-04
6.094420299999999991e-05	2.790158900000000070e-12	5.918111093702795728e-04
5.922746800000000083e-05	2.706221699999999925e-12	5.977730578547605983e-04
5.751072900000000419e-05	2.654430700000000030e-12	5.983890534602653551e-04
5.579398899999999799e-05	2.567520599999999891e-12	5.975140838848213426e-04
5.407725000000000135e-05	2.505514899999999894e-12	5.996370626486650967e-04
5.236051500000000228e-05	2.419092500000000176e-12	5.986667298296196758e-04
5.064377600000000563e-05	2.333490200000000101e-12	5.971148614441775361e-04
4.892703599999999943e-05	2.248617100000000108e-12	6.012125870832970729e-04
4.721030100000000036e-05	2.190617000000000096e-12	6.007884781365700451e-04
4.549356200000000372e-05	2.107948799999999832e-12	5.946051018393298327e-04
4.377682199999999752e-05	1.991130799999999875e-12	5.914384288544703933e-04
4.206008300000000087e-05	1.933264299999999841e-12	5.988906179851858453e-04
4.034334800000000180e-05	1.864418300000000075e-12	6.051561692814763464e-04
3.862660799999999560e-05	1.777172600000000077e-12	6.054044470076313557e-04
3.690987100000000452e-05	1.689198999999999939e-12	5.986399048268875546e-04
3.519313200000000110e-05	1.635381000000000017e-12	5.981242049482666991e-04
3.347639500000000324e-05	1.534012500000000074e-12	5.965776630706230840e-04
3.175965499999999704e-05	1.477279500000000057e-12	6.062529534637136307e-04
3.004291799999999919e-05	1.404960499999999989e-12	6.054308327206961177e-04
2.832618099999999794e-05	1.291058899999999924e-12	6.026344497264309041e-04
2.660944100000000190e-05	1.249875400000000093e-12	6.087239263699118028e-04
2.489270400000000066e-05	1.179411700000000093e-12	6.124115377617395323e-04
2.317596500000000063e-05	1.096422000000000031e-12	6.051679286699075634e-04
2.145922699999999999e-05	1.012546700000000076e-12	6.037410464106615334e-04
1.974248799999999996e-05	9.216840599999999674e-13	5.995084899520496417e-04
1.802575100000000210e-05	8.749265400000000311e-13	5.995869347856933387e-04
1.630901199999999868e-05	7.811749299999999505e-13	6.046556596020815624e-04
1.459227399999999974e-05	7.136920700000000047e-13	6.047911417328813216e-04
1.287553600000000079e-05	6.343367100000000003e-13	6.046995204501374056e-04
1.115879900000000124e-05	5.391854999999999748e-13	6.048529540228179003e-04
9.442059699999999698e-06	4.672615899999999992e-13	6.090885306090865420e-04
7.725321900000000632e-06	4.073988599999999890e-13	6.096960419080120659e-04
6.008583600000000176e-06	2.889657400000000143e-13	6.050299041392394805e-04
4.291845299999999720e-06	2.033588300000000000e-13	6.117543893598243821e-04
2.575107199999999989e-06	1.191825099999999930e-13	5.957960126501500239e-04
8.583690900000000104e-07	4.791405500000000308e-14	6.025312629159838059e-04
-8.583690900000000104e-07	-2.686915400000000084e-14	6.078563720473547727e-04
-2.575107199999999989e-06	-8.811185700000000285e-14	5.994460806090933002e-04
-4.291845299999999720e-06	-1.818764300000000026e-13	6.098634308430156544e-04
-6.008583600000000176e-06	-2.692991799999999947e-13	6.036951568716636754e-04
-7.725321900000000632e-06	-3.560391200000000227e-13	6.163450499835419587e-04
-9.442059699999999698e-06	-4.186202399999999946e-13	6.105576088750161228e-04
-1.115879900000000124e-05	-5.135060700000000134e-13	6.077809453752761482e-04
-1.287553600000000079e-05	-5.749128899999999931e-13	6.109006942904219705e-04
-1.459227399999999974e-05	-6.290981700000000293e-13	6.117630098169181971e-04
-1.630901199999999868e-05	-7.170619900000000341e-13	6.089023370861217435e-04
-1.802575100000000210e-05	-8.015647599999999705e-13	6.037714539482679898e-04
-1.974248799999999996e-05	-8.882713399999999966e-13	6.076311809928592331e-04
-2.145922699999999999e-05	-9.730152900000000558e-13	5.950586154778001076e-04
-2.317596500000000063e-05	-1.037469300000000021e-12	6.091253302854263618e-04
-2.489270400000000066e-05	-1.122692799999999935e-12	6.118356857519918930e-04
-2.660944100000000190e-05	-1.186096799999999935e-12	6.029893864490056725e-04
-2.832618099999999794e-05	-1.287532500000000098e-12	5.996647167922855440e-04
-3.004291799999999919e-05	-1.350166999999999976e-12	6.121170559172997832e-04
-3.175965499999999704e-05	-1.466858799999999986e-12	5.980822761916112455e-04
-3.347639500000000324e-05	-1.511442599999999956e-12	5.998119641199202998e-04
-3.519313200000000110e-05	-1.579369199999999906e-12	5.962816213574923061e-04
-3.690987100000000452e-05	-1.642304199999999981e-12	6.085031431559631424e-04
-3.862660799999999560e-05	-1.719611100000000009e-12	6.032344736619021453e-04
-4.034334800000000180e-05	-1.802009999999999912e-12	6.045673853085450260e-04
-4.206008300000000087e-05	-1.897405200000000147e-12	6.040603003421108957e-04
-4.377682199999999752e-05	-1.970992999999999980e-12	5.963801445050579634e-04
-4.549356200000000372e-05	-2.039700899999999997e-12	6.012732415082358691e-04
-4.721030100000000036e-05	-2.134277599999999896e-12	5.969633301218396377e-04
-4.892703599999999943e-05	-2.195549299999999869e-12	5.973125934758114798e-04
-5.064377600000000563e-05	-2.269074000000000031e-12	5.940560462112532813e-04
-5.236051500000000228e-05	-2.367187800000000077e-12	5.973501964357775477e-04
-5.407725000000000135e-05	-2.443231800000000111e-12	5.978188756030214726e-04
-5.579398899999999799e-05	-2.511707599999999834e-12	6.020459128680471584e-04
-5.751072900000000419e-05	-2.594722200000000134e-12	5.934584303251047013e-04
-5.922746800000000083e-05	-2.659479199999999834e-12	5.978830010435888347e-04
-6.094420299999999991e-05	-2.745810100000000048e-12	5.976542546792114026e-04
-6.266094299999999933e-05	-2.813520900000000026e-12	5.963536408771659934e-04
-6.437768199999999597e-05	-2.890569299999999870e-12	5.966513777863567940e-04
-6.609441700000000860e-05	-2.968951300000000131e-12	5.940033226466929573e-04
-6.781115700000000125e-05	-3.051477899999999837e-12	5.948203682210175067e-04
-6.952789599999999789e-05	-3.116220799999999880e-12	5.910433845851202324e-04
-7.124463600000000409e-05	-3.196377800000000101e-12	5.955504483147792093e-04
-7.296137000000000716e-05	-3.266799200000000118e-12	5.951237890893759002e-04
-7.467810999999999980e-05	-3.355562600000000180e-12	5.871675300989257851e-04
-7.639484899999999645e-05	-3.426591700000000015e-12	5.926487429518732895e-04
-7.811158399999999552e-05	-3.520739299999999799e-12	5.831581654548898767e-04
-7.982832400000000172e-05	-3.595105100000000015e-12	5.919319363833628516e-04
-8.154505899999998724e-05	-3.673524600000000113e-12	5.914568028155545642e-04
-8.326180299999999101e-05	-3.744869399999999629e-12	5.804067617883069139e-04
-8.497853800000000363e-05	-3.811465899999999769e-12	5.853816016932400978e-04
-8.669527200000000670e-05	-3.888353600000000146e-12	5.862228933350145362e-04
-8.841201700000000648e-05	-3.962863500000000343e-12	5.812410965162453274e-04
-9.012875099999999599e-05	-4.025606199999999674e-12	5.881151100797045233e-04
-9.184549599999999577e-05	-4.109499200000000152e-12	5.915981915355208792e-04
-9.356222999999999883e-05	-4.164443999999999860e-12	5.846517579647104697e-04
-9.527896500000001146e-05	-4.266077900000000336e-12	5.864273455342916509e-04
-9.699570899999998812e-05	-4.324461400000000337e-12	5.815261552833689155e-04
-9.871244400000000075e-05	-4.406316899999999977e-12	5.861130444439535941e-04
-1.004291799999999958e-04	-4.484554700000000199e-12	5.848320088199420374e-04
-1.021459200000000020e-04	-4.577591800000000318e-12	5.773715215644775051e-04
-1.038626599999999947e-04	-4.613756000000000036e-12	5.808697301442700481e-04
-1.055793900000000002e-04	-4.717797800000000296e-12	5.780766841956497476e-04
-1.072961400000000071e-04	-4.773627699999999608e-12	5.759007778387705652e-04
-1.090128700000000126e-04	-4.860092800000000146e-12	5.847698520810061876e-04
-1.107296099999999917e-04	-4.949761999999999644e-12	5.757133299270321414e-04
-1.124463499999999979e-04	-5.029835499999999727e-12	5.771430463964720729e-04
-1.141630899999999905e-04	-5.110768099999999753e-12	5.846434219019508004e-04
-1.158798299999999967e-04	-5.195227099999999808e-12	5.766158285667818571e-04
-1.175965600000000022e-04	-5.260402799999999679e-12	5.823070739682145898e-04
-1.193133000000000084e-04	-5.323859800000000183e-12	5.814864366088517023e-04
-1.210300400000000011e-04	-5.362633899999999970e-12	5.875746323125772934e-04
-1.227467799999999937e-04	-5.473027000000000041e-12	5.787487093828273506e-04
-1.244635099999999992e-04	-5.558209700000000233e-12	5.841241036315173146e-04
-1.261802599999999790e-04	-5.619622400000000012e-12	5.823164304438773050e-04
-1.278969900000000116e-04	-5.676588500000000092e-12	5.748298910343173015e-04
-1.296137300000000043e-04	-5.776256199999999691e-12	5.792433889478053972e-04
-1.313304699999999969e-04	-5.838404399999999957e-12	5.737995622283395677e-04
-1.330472099999999895e-04	-5.943758099999999822e-12	5.843225639386148479e-04
-1.347639399999999950e-04	-6.003339299999999742e-12	5.738964482825095921e-04
-1.364806900000000019e-04	-6.102939299999999842e-12	5.774127967726868033e-04
-1.381974200000000074e-04	-6.155017499999999930e-12	5.800772220003352388e-04
-1.399141600000000001e-04	-6.215765699999999819e-12	5.747100232904685984e-04
-1.416308999999999927e-04	-6.307980200000000062e-12	5.800418748853685769e-04
-1.433476299999999982e-04	-6.400103500000000165e-12	5.727926577442625121e-04
-1.450643800000000051e-04	-6.470020300000000104e-12	5.674747736848062118e-04
-1.467811100000000106e-04	-6.530676600000000256e-12	5.779939445929818025e-04
-1.484978500000000033e-04	-6.617615699999999768e-12	5.682404619039939158e-04
-1.502145899999999959e-04	-6.695500499999999779e-12	5.776035856592528573e-04
-1.519313299999999886e-04	-6.764473500000000156e-12	5.750892332145907419e-04
-1.536480599999999941e-04	-6.816614999999999626e-12	5.740466092168716511e-04
-1.553648100000000010e-04	-6.890714999999999886e-12	5.646263402437159441e-04
-1.570815399999999794e-04	-6.971619000000000366e-12	5.698087673878241737e-04
-1.587982799999999991e-04	-7.059043900000000009e-12	5.707635134870552409e-04
-1.605150100000000046e-04	-7.139862100000000235e-12	5.751621112860275326e-04
-1.622317499999999973e-04	-7.178078899999999814e-12	5.749529908756672095e-04
-1.639484999999999771e-04	-7.268753699999999815e-12	5.687043647991384425e-04
-1.656652199999999954e-04	-7.316407899999999517e-12	5.690549386305996131e-04
-1.673819700000000023e-04	-7.386113400000000265e-12	5.662332357911178298e-04
-1.690987099999999950e-04	-7.493858000000000601e-12	5.706268426702002959e-04
-1.708154400000000005e-04	-7.546496399999999340e-12	5.749698753202105639e-04
-1.725321800000000202e-04	-7.609081799999999955e-12	5.752506848938840345e-04
-1.742489300000000000e-04	-7.702177399999999916e-12	5.732482130612376499e-04
-1.759656699999999927e-04	-7.791871300000000748e-12	5.622323973664665204e-04
-1.776823999999999982e-04	-7.874211699999999193e-12	5.743529668754839522e-04
-1.793991400000000179e-04	-7.939509299999999962e-12	5.723660165806008669e-04
-1.811158800000000106e-04	-8.029066999999999719e-12	5.754764274824903823e-04
-1.828326099999999889e-04	-8.099397000000000693e-12	5.691565346469389412e-04
-1.845493499999999816e-04	-8.119850299999999345e-12	5.671305184058710730e-04
-1.862660999999999885e-04	-8.170976000000000503e-12	5.719800946208161013e-04
-1.879828200000000068e-04	-8.264306800000000528e-12	5.650532488614815919e-04
-1.896995699999999866e-04	-8.320007899999999805e-12	5.752120499851493419e-04
-1.914163099999999793e-04	-8.483137799999999679e-12	5.635004733075394106e-04
-1.931330400000000119e-04	-8.561668699999999461e-12	5.712457084626253265e-04
-1.948497800000000045e-04	-8.597781300000000088e-12	5.647363246657136201e-04
-1.965665299999999843e-04	-8.656643099999999929e-12	5.666587067746343097e-04
-1.982832500000000027e-04	-8.734616299999999272e-12	5.724262776941715968e-04
-2.000000000000000096e-04	-8.815439699999999269e-12	5.666971995125982950e-04
-2.017167400000000022e-04	-8.878034600000000521e-12	5.671514488596550701e-04
-2.034334700000000077e-04	-8.951660599999999384e-12	5.709446466487057064e-04
-2.051502100000000004e-04	-9.006659100000000202e-12	5.685176994297633929e-04
-2.068669500000000201e-04	-9.071411999999999959e-12	5.598178154667591113e-04
-2.085836799999999985e-04	-9.157926999999999415e-12	5.719689694972401482e-04
-2.103004199999999912e-04	-9.205578099999999751e-12	5.648494450034456313e-04
-2.120171699999999710e-04	-9.326071999999999199e-12	5.654397179469554044e-04
-2.137338899999999893e-04	-9.357160899999999798e-12	5.626893093259529872e-04
-2.154506399999999962e-04	-9.431001099999999526e-12	5.679141837163373743e-04
-2.171673799999999889e-04	-9.501475099999999616e-12	5.665872760723210519e-04
-2.188841099999999944e-04	-9.597167699999999470e-12	5.675128500215423540e-04
-2.206008500000000141e-04	-9.672959499999999724e-12	5.689264323908110703e-04
-2.223175999999999939e-04	-9.741734299999999586e-12	5.702409440396954445e-04
-2.240343200000000123e-04	-9.781966900000000401e-12	5.674354337058321301e-04
-2.257510600000000049e-04	-9.825624699999999372e-12	5.630834275520889233e-04
-2.274678100000000118e-04	-9.908541000000000683e-12	5.671979420462400310e-04
-2.291845500000000045e-04	-1.002228099999999975e-11	5.685784393299371520e-04
-2.309012800000000100e-04	-1.008825999999999967e-11	5.612142485392420136e-04
-2.326180200000000026e-04	-1.015434900000000007e-11	5.697121259860648927e-04
-2.343347700000000095e-04	-1.019119100000000009e-11	5.652411761677980867e-04
-2.360514900000000007e-04	-1.026590200000000005e-11	5.649916981670170769e-04
-2.377682399999999805e-04	-1.037742700000000002e-11	5.719918275255875435e-04
-2.394849799999999732e-04	-1.044899600000000052e-11	5.619755487573292220e-04
-2.412017100000000058e-04	-1.054493899999999952e-11	5.634090205816732599e-04
-2.429184499999999984e-04	-1.060300399999999984e-11	5.590436969404511585e-04
-2.446351899999999911e-04	-1.063681499999999985e-11	5.626547744082545334e-04
-2.463519200000000237e-04	-1.069513800000000047e-11	5.623505711997350614e-04
-2.480686600000000163e-04	-1.073738100000000021e-11	5.600110539904232590e-04
-2.497854100000000232e-04	-1.088130400000000038e-11	5.667200943944203893e-04
-2.515021299999999874e-04	-1.092851099999999962e-11	5.625422811659862949e-04
-2.532188799999999943e-04	-1.101475900000000004e-11	5.621474660362707010e-04
-2.549356199999999869e-04	-1.106446100000000006e-11	5.665026710362401153e-04
-2.566523500000000195e-04	-1.115571199999999987e-11	5.558389917112680238e-04
-2.583690900000000122e-04	-1.124187300000000016e-11	5.645742750959728898e-04
-2.600858400000000191e-04	-1.127270600000000005e-11	5.638697239326396831e-04
-2.618025599999999832e-04	-1.135692700000000004e-11	5.579594970961601489e-04
-2.635193099999999901e-04	-1.144453800000000048e-11	5.721722100748724517e-04
-2.652360499999999828e-04	-1.145730899999999920e-11	5.667598771803804281e-04
-2.669527800000000154e-04	-1.157871699999999964e-11	5.571041083527394303e-04
-2.686695200000000080e-04	-1.167035499999999990e-11	5.641614345237485608e-04
-2.703862600000000007e-04	-1.175756000000000024e-11	5.541708388617856869e-04
-2.721029899999999791e-04	-1.181582300000000015e-11	5.531407962116207571e-04
-2.738197300000000259e-04	-1.187185399999999923e-11	5.564531956104299196e-04
-2.755364799999999786e-04	-1.188897199999999992e-11	5.600142407997992173e-04
-2.772532200000000255e-04	-1.204686499999999948e-11	5.590275519885769435e-04
-2.789699500000000039e-04	-1.213855099999999998e-11	5.577190393431881357e-04
-2.806866899999999965e-04	-1.216542099999999985e-11	5.629825965858182473e-04
-2.824034400000000034e-04	-1.212713499999999990e-11	5.634256050503094358e-04
-2.841201599999999675e-04	-1.220985299999999983e-11	5.650885399188879674e-04
-2.858369100000000287e-04	-1.224188299999999924e-11	5.631555353455041171e-04
-2.875536500000000213e-04	-1.233159400000000025e-11	5.635310319458731749e-04
-2.892703699999999854e-04	-1.248855999999999945e-11	5.686172817630147152e-04
-2.909871199999999923e-04	-1.261043199999999956e-11	5.566838264492459352e-04
-2.927038599999999850e-04	-1.265760800000000028e-11	5.670561154883910129e-04
-2.944205900000000176e-04	-1.269808699999999955e-11	5.642390112676276895e-04
-2.961373300000000102e-04	-1.277470600000000072e-11	5.643757343855491070e-04
-2.978540800000000171e-04	-1.285835900000000079e-11	5.605783242090730525e-04
-2.995707999999999813e-04	-1.290724699999999944e-11	5.605616360123003364e-04
-3.012875499999999882e-04	-1.296522400000000065e-11	5.613587585914612144e-04
-3.030042899999999808e-04	-1.298589700000000012e-11	5.698620844764630154e-04
-3.047210200000000134e-04	-1.308776499999999921e-11	5.616811766718293655e-04
-3.064377600000000061e-04	-1.312764600000000063e-11	5.602514987429846284e-04
-3.081544999999999987e-04	-1.323799899999999936e-11	5.663355070128286983e-04
-3.098712299999999771e-04	-1.337735300000000026e-11	5.611287262359150856e-04
-3.115879699999999698e-04	-1.344895500000000042e-11	5.613864888001653640e-04
-3.133047000000000024e-04	-1.351795100000000035e-11	5.523945083439166541e-04
-3.150214600000000235e-04	-1.354963200000000024e-11	5.616654666930859068e-04
-3.167381900000000019e-04	-1.362914800000000000e-11	5.561262600216155616e-04
-3.184549099999999661e-04	-1.369322500000000055e-11	5.624308003119170458e-04
-3.201716800000000015e-04	-1.372612100000000066e-11	5.662077753773566086e-04
-3.218884000000000198e-04	-1.384159500000000066e-11	5.625378103541069487e-04
-3.236051299999999982e-04	-1.389546299999999996e-11	5.673907236739607904e-04
-3.253218900000000194e-04	-1.397094500000000071e-11	5.679541205612712159e-04
-3.270386199999999978e-04	-1.395887400000000057e-11	5.598219660161025653e-04
-3.287553399999999619e-04	-1.397461199999999950e-11	5.653409034637818737e-04
-3.304720999999999831e-04	-1.399990800000000033e-11	5.619779495138800280e-04
-3.321888299999999614e-04	-1.412679999999999995e-11	5.639435269612226142e-04
-3.339055599999999941e-04	-1.422492099999999930e-11	5.576294673001993196e-04
-3.356223199999999610e-04	-1.436944299999999952e-11	5.621971637352450460e-04
-3.373390400000000336e-04	-1.441461399999999959e-11	5.559824928506659899e-04
-3.390557700000000120e-04	-1.457544799999999890e-11	5.604301022085685395e-04
-3.407725300000000331e-04	-1.465940899999999905e-11	5.623313268274063997e-04
-3.424892600000000115e-04	-1.470902399999999894e-11	5.605363633559290459e-04
-3.442059799999999756e-04	-1.474063399999999985e-11	5.592045207630093155e-04
-3.459227500000000110e-04	-1.478908000000000023e-11	5.600607829911002618e-04
-3.476394700000000294e-04	-1.493752900000000070e-11	5.615016185789793290e-04
-3.493562000000000078e-04	-1.500865099999999843e-11	5.609852096398506823e-04
-3.510729600000000289e-04	-1.508154500000000125e-11	5.569571531376104083e-04
-3.527896900000000073e-04	-1.509721499999999970e-11	5.571693916845222097e-04
-3.545064500000000285e-04	-1.517415900000000108e-11	5.579835418689915857e-04
-3.562231699999999926e-04	-1.521428799999999863e-11	5.616154294759253185e-04
-3.579398999999999710e-04	-1.530664699999999990e-11	5.602153372421546417e-04
-3.596566599999999922e-04	-1.542274300000000029e-11	5.552797552508217287e-04
-3.613733899999999706e-04	-1.551286499999999945e-11	5.595479622926998169e-04
-3.630901100000000431e-04	-1.556179500000000134e-11	5.600206715097279719e-04
-3.648068799999999701e-04	-1.560910900000000096e-11	5.487616856732618073e-04
-3.665236000000000427e-04	-1.572571199999999999e-11	5.625883988503583817e-04
-3.682403299999999669e-04	-1.577921499999999862e-11	5.567207074926146465e-04
-3.699570900000000422e-04	-1.583595599999999881e-11	5.528966800487969922e-04
-3.716738100000000064e-04	-1.594345800000000127e-11	5.504777702996740442e-04
-3.733905400000000390e-04	-1.597488100000000086e-11	5.679438024283474081e-04
-3.751073000000000059e-04	-1.611373000000000105e-11	5.503349420567483444e-04
-3.768240300000000385e-04	-1.618397999999999947e-11	5.679184880753584963e-04
-3.785407500000000027e-04	-1.623088800000000058e-11	5.608224925507043161e-04
-3.802575200000000381e-04	-1.626135199999999911e-11	5.544828637449890742e-04
-3.819742400000000022e-04	-1.629574400000000008e-11	5.546733978274166190e-04
-3.836909699999999806e-04	-1.642709900000000078e-11	5.575614834869272894e-04
-3.854077300000000018e-04	-1.649719600000000135e-11	5.670652626494842533e-04
-3.871244599999999801e-04	-1.655799799999999998e-11	5.584092415880124527e-04
-3.888411799999999985e-04	-1.663038500000000093e-11	5.587008074298799830e-04
-3.905579399999999654e-04	-1.669815700000000029e-11	5.625096024708880560e-04
-3.922746699999999980e-04	-1.677404700000000069e-11	5.567226336198489176e-04
-3.939913999999999764e-04	-1.691007600000000150e-11	5.593394515665402970e-04
-3.957081599999999976e-04	-1.697737399999999866e-11	5.605541789798200057e-04
-3.974248800000000159e-04	-1.704073199999999937e-11	5.608073688258310681e-04
-3.991416099999999401e-04	-1.704704999999999853e-11	5.630218730795454301e-04
-4.008583700000000155e-04	-1.711588699999999876e-11	5.533482442213399303e-04
-4.025751000000000481e-04	-1.725729999999999918e-11	5.517972447117726852e-04
-4.042918200000000122e-04	-1.734767200000000048e-11	5.469185727109874369e-04
-4.060085900000000476e-04	-1.737106500000000137e-11	5.608133811181492592e-04
-4.077253100000000118e-04	-1.744013399999999981e-11	5.619539174220042690e-04
-4.094420399999999902e-04	-1.751203500000000132e-11	5.607955104478866502e-04
-4.111588000000000113e-04	-1.748426799999999902e-11	5.522932407994777214e-04
-4.128755299999999897e-04	-1.756022200000000082e-11	5.526993457082131703e-04
-4.145922500000000081e-04	-1.760521400000000096e-11	5.566965974110973416e-04
-4.163090099999999750e-04	-1.769428899999999995e-11	5.513137974274188004e-04
-4.180257400000000076e-04	-1.777553799999999845e-11	5.504118491076369574e-04
-4.197424699999999860e-04	-1.784875899999999939e-11	5.573643147662787683e-04
-4.214592300000000072e-04	-1.793898899999999951e-11	5.554857544621004178e-04
-4.231759499999999713e-04	-1.803329700000000141e-11	5.554682959760070919e-04
-4.248926799999999497e-04	-1.811571599999999999e-11	5.647523374347244388e-04
-4.266094399999999709e-04	-1.815763700000000126e-11	5.532724937420394930e-04
-4.283261700000000577e-04	-1.820692200000000129e-11	5.614729817644813778e-04
-4.300428900000000218e-04	-1.832102400000000092e-11	5.489633801464435890e-04
-4.317596600000000572e-04	-1.840825099999999941e-11	5.584201133380656138e-04
-4.334763800000000214e-04	-1.845155799999999944e-11	5.599844279492962500e-04
-4.351931099999999998e-04	-1.856649899999999872e-11	5.499563964652743383e-04
-4.369098700000000209e-04	-1.865483500000000086e-11	5.608223057318724274e-04
-4.386265899999999851e-04	-1.873034400000000103e-11	5.566986297607951634e-04
-4.403433200000000177e-04	-1.878929000000000101e-11	5.528723311991701281e-04
-4.420600799999999846e-04	-1.889617300000000158e-11	5.604216607718058357e-04
-4.437768100000000172e-04	-1.891701200000000155e-11	5.512500438421504868e-04
-4.454935299999999813e-04	-1.896467499999999906e-11	5.497199275155511796e-04
-4.472103000000000167e-04	-1.907912700000000040e-11	5.499114912595173734e-04
-4.489270199999999809e-04	-1.906537799999999934e-11	5.559754757888029980e-04
-4.506437900000000163e-04	-1.916942799999999949e-11	5.546495503363793817e-04
-4.523605099999999804e-04	-1.925419899999999870e-11	5.567856933758269858e-04
-4.540772399999999588e-04	-1.936579399999999870e-11	5.557126951996272301e-04
-4.557939999999999800e-04	-1.942010099999999938e-11	5.570279009517436347e-04
-4.575107199999999441e-04	-1.946835400000000144e-11	5.567056240852535313e-04
-4.592274500000000309e-04	-1.951600699999999964e-11	5.553424991417149495e-04
-4.609442099999999437e-04	-1.959470400000000160e-11	5.636043615320790066e-04
-4.626609400000000305e-04	-1.969579000000000003e-11	5.523061727595133131e-04
-4.643776599999999946e-04	-1.975480000000000141e-11	5.561275505985175272e-04
-4.660944300000000300e-04	-1.978731199999999957e-11	5.542418753532906339e-04
-4.678111499999999942e-04	-1.984032399999999910e-11	5.538414698400816747e-04
-4.695278800000000268e-04	-1.995505999999999959e-11	5.626278646710151325e-04
-4.712446399999999937e-04	-2.005553000000000108e-11	5.516414165101455594e-04
-4.729613700000000263e-04	-2.014477500000000127e-11	5.539315318823306248e-04
-4.746780899999999905e-04	-2.013163600000000015e-11	5.581059439035858643e-04
-4.763948500000000116e-04	-2.013354199999999859e-11	5.521651056645869669e-04
-4.781115799999999900e-04	-2.024436999999999848e-11	5.517159556228327499e-04
-4.798283099999999684e-04	-2.036307399999999866e-11	5.467097692600087063e-04
-4.815450699999999896e-04	-2.048779499999999873e-11	5.535773996310342946e-04
-4.832617899999999537e-04	-2.054538000000000146e-11	5.597079900180858486e-04
-4.849785199999999863e-04	-2.064178300000000104e-11	5.512370842974666793e-04
-4.866952799999999532e-04	-2.067159599999999859e-11	5.518763702292330941e-04
-4.884120099999999859e-04	-2.075003500000000025e-11	5.568613881328691268e-04
-4.901287299999999500e-04	-2.077091099999999896e-11	5.574951408652208291e-04
-4.918455000000000396e-04	-2.085746899999999900e-11	5.472820692711999509e-04
-4.935622200000000038e-04	-2.100970599999999865e-11	5.559162602244526038e-04
-4.952789500000000364e-04	-2.107637000000000140e-11	5.554425138568746525e-04
-4.969957099999999491e-04	-2.111639899999999939e-11	5.596186639675943464e-04
-4.987124399999999817e-04	-2.112544000000000010e-11	5.446544149544422196e-04
-5.004291599999999458e-04	-2.123461099999999990e-11	5.524660022398596030e-04
-5.021459200000000754e-04	-2.130693899999999910e-11	5.487354208525518744e-04
-5.038626499999999996e-04	-2.139379100000000084e-11	5.455508551662614867e-04
-5.055793699999999637e-04	-2.146711600000000043e-11	5.545159387429596676e-04
-5.072961399999999449e-04	-2.150077199999999982e-11	5.522878865690453295e-04
-5.090128600000000175e-04	-2.152308400000000030e-11	5.581532093746538253e-04
-5.107295900000000501e-04	-2.147932500000000107e-11	5.619951294527264539e-04
-5.124463499999999628e-04	-2.163440799999999895e-11	5.524544250250496263e-04
-5.141630799999999954e-04	-2.175924400000000078e-11	5.530033931127081208e-04
-5.158797999999999596e-04	-2.187456999999999935e-11	5.537347047701519139e-04
-5.175965700000000492e-04	-2.193916200000000155e-11	5.452120613333907287e-04
-5.193132900000000133e-04	-2.199411000000000068e-11	5.624995208293470401e-04
-5.210300200000000459e-04	-2.208626000000000085e-11	5.571823435579864548e-04
-5.227467799999999587e-04	-2.211832800000000119e-11	5.550063725951074689e-04
-5.244635000000000312e-04	-2.213824300000000091e-11	5.492631263292583905e-04
-5.261802299999999554e-04	-2.224159099999999971e-11	5.499108719468579496e-04
-5.278969899999999766e-04	-2.227077599999999986e-11	5.486523932219995086e-04
-5.296137200000000092e-04	-2.227263700000000140e-11	5.530375099476242048e-04
-5.313304399999999733e-04	-2.234613199999999896e-11	5.482146932665011652e-04
-5.330472099999999545e-04	-2.251556800000000082e-11	5.540556472909128390e-04
-5.347639299999999186e-04	-2.259001300000000071e-11	5.524339827622016565e-04
-5.364806600000000597e-04	-2.266580999999999912e-11	5.481670615174303761e-04
-5.381974199999999724e-04	-2.277913599999999992e-11	5.530123184437021498e-04
-5.399141500000000050e-04	-2.270395900000000076e-11	5.616560783599348645e-04
-5.416308699999999691e-04	-2.272942899999999863e-11	5.590860479143575741e-04
-5.433476299999999903e-04	-2.278985700000000109e-11	5.500584608168127389e-04
-5.450643600000000229e-04	-2.286232299999999917e-11	5.586558360509874706e-04
-5.467810900000000555e-04	-2.297188300000000058e-11	5.642804858645978066e-04
-5.484978499999999682e-04	-2.302129700000000075e-11	5.519743391919526261e-04
-5.502145700000000408e-04	-2.325627400000000011e-11	5.489357267677388331e-04
-5.519313400000000220e-04	-2.333574299999999858e-11	5.560678684122373440e-04
-5.536480599999999861e-04	-2.337289200000000134e-11	5.530181110759545965e-04
-5.553647900000000187e-04	-2.344614300000000021e-11	5.473671509390879352e-04
-5.570815500000000399e-04	-2.355326999999999946e-11	5.526060350197279768e-04
-5.587982799999999641e-04	-2.360385999999999996e-11	5.424690979828593069e-04
-5.605149999999999282e-04	-2.368731300000000089e-11	5.545317423134882729e-04
-5.622317599999999494e-04	-2.380501900000000011e-11	5.537359520332116748e-04
-5.639484899999999820e-04	-2.386475699999999845e-11	5.548217945846406441e-04
-5.656652200000000146e-04	-2.392463000000000041e-11	5.550706242916847097e-04
-5.673819799999999273e-04	-2.395707599999999924e-11	5.531349889166778692e-04
-5.690986999999999999e-04	-2.405232800000000002e-11	5.535918920786693769e-04
-5.708154300000000325e-04	-2.412301800000000040e-11	5.515104415666131996e-04
-5.725321900000000536e-04	-2.415689699999999927e-11	5.548179786710618179e-04
-5.742489199999999778e-04	-2.408804399999999950e-11	5.454302610895940236e-04
-5.759656400000000504e-04	-2.411546100000000009e-11	5.569336011297703259e-04
-5.776824100000000316e-04	-2.425567899999999892e-11	5.495587167344765777e-04
-5.793991299999999957e-04	-2.431085399999999984e-11	5.537264958550839255e-04
-5.811158600000000283e-04	-2.444113699999999887e-11	5.563331796628516544e-04
-5.828326200000000495e-04	-2.448714299999999951e-11	5.612879219509955223e-04
-5.845493499999999737e-04	-2.441088499999999994e-11	5.472341670420610227e-04
-5.862660699999999378e-04	-2.448880900000000158e-11	5.535451400016813770e-04
-5.879828299999999590e-04	-2.468111299999999854e-11	5.484741243536838924e-04
-5.896995599999999916e-04	-2.470539599999999943e-11	5.521940430164214717e-04
-5.914162800000000641e-04	-2.489196500000000096e-11	5.446665847131468979e-04
-5.931330499999999369e-04	-2.498220700000000153e-11	5.487654724501223134e-04
-5.948497700000000095e-04	-2.491729599999999937e-11	5.519737969927866359e-04
-5.965664999999999336e-04	-2.512050600000000088e-11	5.502242526985351477e-04
-5.982832600000000632e-04	-2.515482099999999941e-11	5.513406382667111749e-04
-5.999999899999999874e-04	-2.534579099999999854e-11	5.455625309030931675e-04
-6.081632499999999747e-04	-2.568157000000000040e-11	5.411170433842831754e-04
-6.163265200000000305e-04	-2.595530699999999867e-11	5.473285551220425467e-04
-6.244897800000000177e-04	-2.616915200000000017e-11	5.530164091636343218e-04
-6.326530900000000221e-04	-2.651210500000000096e-11	5.521986505766746187e-04
-6.408163200000000208e-04	-2.687327299999999916e-11	5.484790858207698070e-04
-6.489795399999999511e-04	-2.721020799999999948e-11	5.459496401515708582e-04
-6.571428499999999555e-04	-2.749454799999999865e-11	5.449019119480833255e-04
-6.653061499999999998e-04	-2.790195499999999952e-11	5.425012094348829854e-04
-6.734693799999999985e-04	-2.815936199999999962e-11	5.464943691279999924e-04
-6.816326099999999973e-04	-2.843251200000000154e-11	5.450608061730730569e-04
-6.897959100000000416e-04	-2.882728800000000051e-11	5.426022118275794504e-04
-6.979592099999999775e-04	-2.926682500000000197e-11	5.435559871034311482e-04
-7.061224400000000847e-04	-2.960392000000000095e-11	5.487261454699954560e-04
-7.142856699999999750e-04	-2.992348399999999993e-11	5.533265275337799320e-04
-7.224489700000000193e-04	-3.028905300000000220e-11	5.440629886638401365e-04
-7.306122800000000236e-04	-3.053146300000000137e-11	5.443827599234257741e-04
-7.387755100000000224e-04	-3.096214299999999848e-11	5.482854093958468939e-04
-7.469387399999999127e-04	-3.138430799999999803e-11	5.421315873820154807e-04
-7.551020399999999570e-04	-3.171466900000000003e-11	5.369074542844511902e-04
-7.632653400000000013e-04	-3.199592000000000287e-11	5.446433877815642748e-04
-7.714285700000000001e-04	-3.225132299999999966e-11	5.408836324256135379e-04
-7.795917999999999988e-04	-3.265344899999999899e-11	5.430942895391723023e-04
-7.877551000000000431e-04	-3.271835200000000300e-11	5.437133261567773978e-04
-7.959184099999999391e-04	-3.308350499999999778e-11	5.398761920320422920e-04
-8.040816300000000862e-04	-3.354492400000000030e-11	5.441969099472729592e-04
-8.122448599999999765e-04	-3.373168099999999726e-11	5.467554445381890343e-04
-8.204081699999999809e-04	-3.392598700000000283e-11	5.498842227389073379e-04
-8.285714700000000252e-04	-3.446960799999999822e-11	5.457868278809003713e-04
-8.367347000000000239e-04	-3.483126599999999817e-11	5.472525996389594966e-04
-8.448979299999999143e-04	-3.511045299999999860e-11	5.470334992293028002e-04
-8.530612299999999586e-04	-3.545082300000000112e-11	5.473174673583461065e-04
-8.612245300000000029e-04	-3.583153199999999963e-11	5.369144795038129471e-04
-8.693877600000000016e-04	-3.631072900000000257e-11	5.377168695046689352e-04
-8.775509900000000004e-04	-3.666265199999999862e-11	5.418085046577198697e-04
-8.857142899999999363e-04	-3.691274700000000090e-11	5.466511398185983171e-04
-8.938775999999999406e-04	-3.724851699999999756e-11	5.508697766706312920e-04
-9.020408200000000877e-04	-3.756814999999999760e-11	5.474237373282011057e-04
-9.102040499999999781e-04	-3.779616599999999819e-11	5.453763764197064714e-04
-9.183673599999999824e-04	-3.810196600000000038e-11	5.431857620836656611e-04
-9.265306600000000267e-04	-3.816967899999999799e-11	5.418148209234461372e-04
-9.346938900000000255e-04	-3.882130699999999979e-11	5.413273377319390706e-04
-9.428571199999999158e-04	-3.913926099999999995e-11	5.497835608617170728e-04
-9.510204199999999601e-04	-3.928547399999999889e-11	5.447599008521965703e-04
-9.591837200000000044e-04	-3.972078900000000268e-11	5.409906615328080072e-04
-9.673469500000000032e-04	-4.013469100000000149e-11	5.362370253327917004e-04
-9.755101800000000019e-04	-4.043956100000000320e-11	5.420540733562439692e-04
-9.836734799999998294e-04	-4.072864300000000296e-11	5.320936973534924185e-04
-9.918367899999999421e-04	-4.111778999999999983e-11	5.373399361732724344e-04
-1.000000000000000021e-03	-4.136555999999999767e-11	5.350333220452059037e-04
