# [DATA]
1.000000000000000021e-03	4.127865799999999938e-11	5.345377972663145670e-04
9.918367899999999421e-04	4.107019599999999691e-11	5.336395396476309753e-04
9.836734799999998294e-04	4.080753799999999967e-11	5.365268415847666708e-04
9.755101800000000019e-04	4.050192099999999972e-11	5.301272269818735382e-04
9.673469500000000032e-04	4.012097600000000068e-11	5.360098645345050174e-04
9.591837200000000044e-04	3.973083299999999754e-11	5.238439507217259195e-04
9.510204199999999601e-04	3.924810800000000012e-11	5.249763626671115346e-04
9.428571199999999158e-04	3.894670699999999762e-11	5.301976983291454247e-04
9.346938900000000255e-04	3.881205799999999856e-11	5.399255739874891762e-04
9.265306600000000267e-04	3.853785000000000305e-11	5.384619691374238019e-04
9.183673599999999824e-04	3.833032800000000037e-11	5.441692408912584926e-04
9.102040499999999781e-04	3.805383799999999939e-11	5.357987430621289531e-04
9.020408200000000877e-04	3.757882199999999955e-11	5.408239415685019407e-04
8.938775999999999406e-04	3.717125199999999829e-11	5.366551833382558496e-04
8.857142899999999363e-04	3.683826900000000135e-11	5.420912059459646794e-04
8.775509900000000004e-04	3.645931800000000307e-11	5.340115771042041942e-04
8.693877600000000016e-04	3.621083999999999719e-11	5.424642940222472931e-04
8.612245300000000029e-04	3.599064800000000241e-11	5.381246769343135759e-04
8.530612299999999586e-04	3.568314399999999883e-11	5.357436377192855651e-04
8.448979299999999143e-04	3.521711699999999876e-11	5.361174013937577672e-04
8.367347000000000239e-04	3.477557499999999988e-11	5.375706191525933628e-04
8.285714700000000252e-04	3.450836800000000037e-11	5.372625897722226431e-04
8.204081699999999809e-04	3.412592799999999781e-11	5.428015843542549623e-04
8.122448599999999765e-04	3.386407499999999997e-11	5.410927723074473398e-04
8.040816300000000862e-04	3.365328499999999780e-11	5.432140193088792366e-04
7.959184099999999391e-04	3.328611700000000305e-11	5.424613414057371727e-04
7.877551000000000431e-04	3.313993500000000262e-11	5.528453256334745543e-04
7.795917999999999988e-04	3.278141299999999705e-11	5.330390367498874385e-04
7.714285700000000001e-04	3.236112400000000124e-11	5.492329403256393777e-04
7.632653400000000013e-04	3.196783499999999795e-11	5.369806812744842535e-04
7.551020399999999570e-04	3.158896099999999889e-11	5.394254184344695344e-04
7.469387399999999127e-04	3.136156600000000135e-11	5.376205194999033200e-04
7.387755100000000224e-04	3.104301499999999907e-11	5.474039464695901105e-04
7.306122800000000236e-04	3.068828200000000295e-11	5.446937330962038160e-04
7.224489700000000193e-04	3.032809800000000085e-11	5.470049800219928347e-04
7.142856699999999750e-04	2.997279199999999708e-11	5.472917343681181707e-04
7.061224400000000847e-04	2.976454200000000066e-11	5.518920667743340081e-04
6.979592099999999775e-04	2.947992199999999819e-11	5.433863928336712772e-04
6.897959100000000416e-04	2.909023899999999887e-11	5.471355380989179886e-04
6.816326099999999973e-04	2.864594699999999901e-11	5.422059765998410658e-04
6.734693799999999985e-04	2.840500099999999839e-11	5.519745527690556779e-04
6.653061499999999998e-04	2.815170499999999975e-11	5.450536132515787372e-04
6.571428499999999555e-04	2.778829299999999863e-11	5.508114690422124139e-04
6.489795399999999511e-04	2.735835899999999918e-11	5.525347584065350886e-04
6.408163200000000208e-04	2.705851500000000045e-11	5.552686005397591265e-04
6.326530900000000221e-04	2.680303699999999914e-11	5.420927255191465913e-04
6.244897800000000177e-04	2.650244300000000043e-11	5.479943612385778946e-04
6.163265200000000305e-04	2.600559399999999874e-11	5.457663941746063044e-04
6.081632499999999747e-04	2.566360300000000074e-11	5.473767434407845458e-04
5.999999899999999874e-04	2.533372800000000140e-11	5.474170675070816512e-04
5.982832600000000632e-04	2.530081199999999945e-11	5.473464199797805404e-04
5.965664999999999336e-04	2.530185799999999904e-11	5.491289994338583369e-04
5.948497700000000095e-04	2.523627499999999992e-11	5.452319351323267962e-04
5.931330499999999369e-04	2.509210500000000095e-11	5.391240551493454687e-04
5.914162800000000641e-04	2.487240999999999903e-11	5.468413240975021497e-04
5.896995599999999916e-04	2.492086699999999929e-11	5.491227511601233383e-04
5.879828299999999590e-04	2.482669599999999893e-11	5.507406254012418368e-04
5.862660699999999378e-04	2.475605000000000133e-11	5.535921298187488444e-04
5.845493499999999737e-04	2.473016800000000150e-11	5.466821276096700587e-04
5.828326200000000495e-04	2.470254199999999982e-11	5.540119967575712076e-04
5.811158600000000283e-04	2.467209400000000083e-11	5.516287461129335597e-04
5.793991299999999957e-04	2.471058800000000130e-11	5.484966805839899774e-04
5.776824100000000316e-04	2.461092799999999887e-11	5.466201725107568132e-04
5.759656400000000504e-04	2.444217199999999857e-11	5.571417537087384715e-04
5.742489199999999778e-04	2.436942700000000099e-11	5.496133802273962376e-04
5.725321900000000536e-04	2.430848200000000059e-11	5.561153469257843623e-04
5.708154300000000325e-04	2.427386800000000071e-11	5.546421802795056723e-04
5.690986999999999999e-04	2.428026199999999851e-11	5.505331198275575672e-04
5.673819799999999273e-04	2.414683699999999840e-11	5.491256239599028683e-04
5.656652200000000146e-04	2.402217000000000042e-11	5.531806427566622521e-04
5.639484899999999820e-04	2.395895099999999917e-11	5.519962208331435655e-04
5.622317599999999494e-04	2.386291699999999934e-11	5.404231367959755339e-04
5.605149999999999282e-04	2.378989199999999845e-11	5.541556532962175477e-04
5.587982799999999641e-04	2.375176800000000155e-11	5.464316494170107274e-04
5.570815500000000399e-04	2.360655400000000091e-11	5.504413908908439282e-04
5.553647900000000187e-04	2.360572299999999942e-11	5.552994554764319451e-04
5.536480599999999861e-04	2.351791699999999950e-11	5.404490435113178419e-04
5.519313400000000220e-04	2.339594499999999983e-11	5.465845760879216395e-04
5.502145700000000408e-04	2.337261800000000149e-11	5.489729842346460428e-04
5.484978499999999682e-04	2.324564500000000036e-11	5.495832302266978131e-04
5.467810900000000555e-04	2.315318099999999987e-11	5.477688008521831983e-04
5.450643600000000229e-04	2.311105100000000074e-11	5.532305745749114536e-04
5.433476299999999903e-04	2.314322500000000088e-11	5.481127120220951601e-04
5.416308699999999691e-04	2.308516400000000125e-11	5.503867032173431198e-04
5.399141500000000050e-04	2.298083900000000069e-11	5.476565666600597933e-04
5.381974199999999724e-04	2.282988200000000000e-11	5.516691928063596024e-04
5.364806600000000597e-04	2.281168100000000097e-11	5.455120293679995187e-04
5.347639299999999186e-04	2.280386600000000037e-11	5.470746308964344199e-04
5.330472099999999545e-04	2.275679599999999944e-11	5.506812135502260272e-04
5.313304399999999733e-04	2.263104499999999932e-11	5.457970513147359813e-04
5.296137200000000092e-04	2.251473300000000025e-11	5.468730995738078785e-04
5.278969899999999766e-04	2.243243600000000101e-11	5.483793861449714558e-04
5.261802299999999554e-04	2.244200100000000047e-11	5.516690250411965127e-04
5.244635000000000312e-04	2.240306899999999920e-11	5.460660944668008091e-04
5.227467799999999587e-04	2.230945500000000048e-11	5.525546449113587135e-04
5.210300200000000459e-04	2.227262799999999943e-11	5.450213572141317806e-04
5.193132900000000133e-04	2.219043999999999849e-11	5.577246181279220047e-04
5.175965700000000492e-04	2.213949499999999986e-11	5.506376078824280762e-04
5.158797999999999596e-04	2.204144200000000099e-11	5.414283348202926331e-04
5.141630799999999954e-04	2.200961099999999852e-11	5.556088780583930001e-04
5.124463499999999628e-04	2.187408600000000107e-11	5.494421045075744987e-04
5.107295900000000501e-04	2.178816799999999889e-11	5.430737684655515376e-04
5.090128600000000175e-04	2.178562400000000051e-11	5.450924413612345115e-04
5.072961399999999449e-04	2.170681200000000002e-11	5.538391292293423770e-04
5.055793699999999637e-04	2.163325599999999956e-11	5.511364922227303788e-04
5.038626499999999996e-04	2.150987199999999904e-11	5.558177803848772785e-04
5.021459200000000754e-04	2.142579499999999978e-11	5.486024525350307463e-04
5.004291599999999458e-04	2.140247900000000134e-11	5.469838258686227474e-04
4.987124399999999817e-04	2.139369100000000128e-11	5.592588562302016264e-04
4.969957099999999491e-04	2.131474900000000006e-11	5.512927483976047321e-04
4.952789500000000364e-04	2.121023000000000059e-11	5.476055556818126835e-04
4.935622200000000038e-04	2.108080200000000075e-11	5.488429674849032956e-04
4.918455000000000396e-04	2.107386000000000003e-11	5.532393310954630784e-04
4.901287299999999500e-04	2.100371799999999934e-11	5.525510697564268471e-04
4.884120099999999859e-04	2.097367599999999885e-11	5.412689690587131792e-04
4.866952799999999532e-04	2.088355700000000142e-11	5.497488719554636388e-04
4.849785199999999863e-04	2.072350300000000001e-11	5.487351893937663597e-04
4.832617899999999537e-04	2.064302199999999896e-11	5.481681029582671566e-04
4.815450699999999896e-04	2.054994700000000119e-11	5.532194871124039917e-04
4.798283099999999684e-04	2.055243999999999921e-11	5.527805255097758890e-04
4.781115799999999900e-04	2.038357899999999969e-11	5.462431679682431228e-04
4.763948500000000116e-04	2.031623699999999976e-11	5.544054766005689083e-04
4.746780899999999905e-04	2.037193499999999886e-11	5.482572503054236514e-04
4.729613700000000263e-04	2.025433300000000152e-11	5.507509985595087591e-04
4.712446399999999937e-04	2.020607299999999865e-11	5.518126660012794569e-04
4.695278800000000268e-04	2.014035499999999915e-11	5.510118443329009184e-04
4.678111499999999942e-04	2.000827799999999848e-11	5.509581230481522263e-04
4.660944300000000300e-04	1.999601900000000129e-11	5.510459765711233455e-04
4.643776599999999946e-04	1.994824799999999960e-11	5.512628487817095848e-04
4.626609400000000305e-04	1.992597099999999993e-11	5.487946936883881079e-04
4.609442099999999437e-04	1.981076399999999897e-11	5.452542579246587437e-04
4.592274500000000309e-04	1.971712900000000105e-11	5.481644196666172857e-04
4.575107199999999441e-04	1.961847199999999925e-11	5.467509535413633088e-04
4.557939999999999800e-04	1.954251300000000102e-11	5.506337223991012841e-04
4.540772399999999588e-04	1.939604000000000062e-11	5.553846593571632904e-04
4.523605099999999804e-04	1.934542099999999955e-11	5.519398589649795366e-04
4.506437900000000163e-04	1.932056299999999953e-11	5.509364425650702286e-04
4.489270199999999809e-04	1.923960099999999869e-11	5.457654699952359028e-04
4.472103000000000167e-04	1.924246000000000119e-11	5.483455321219832994e-04
4.454935299999999813e-04	1.918294200000000060e-11	5.481776564606886037e-04
4.437768100000000172e-04	1.907826299999999924e-11	5.511000064512404806e-04
4.420600799999999846e-04	1.894466200000000093e-11	5.493114694873538597e-04
4.403433200000000177e-04	1.885835799999999888e-11	5.458499580545187998e-04
4.386265899999999851e-04	1.886771299999999990e-11	5.546762321449881690e-04
4.369098700000000209e-04	1.880143600000000083e-11	5.471434799633339858e-04
4.351931099999999998e-04	1.874663999999999897e-11	5.471293908528817836e-04
4.334763800000000214e-04	1.867039000000000078e-11	5.483938574218883647e-04
4.317596600000000572e-04	1.856582799999999911e-11	5.530345752038079692e-04
4.300428900000000218e-04	1.851403099999999979e-11	5.469562211017369889e-04
4.283261700000000577e-04	1.838222100000000139e-11	5.498233416059798966e-04
4.266094399999999709e-04	1.832369300000000037e-11	5.505425513895205241e-04
4.248926799999999497e-04	1.824910200000000021e-11	5.512934051287807918e-04
4.231759499999999713e-04	1.822558300000000090e-11	5.504859451532517507e-04
4.214592300000000072e-04	1.817392599999999839e-11	5.492761007863121480e-04
4.197424699999999860e-04	1.814620000000000037e-11	5.455644943988280935e-04
4.180257400000000076e-04	1.805812999999999992e-11	5.538143181877815905e-04
4.163090099999999750e-04	1.797749100000000135e-11	5.533081828380352618e-04
4.145922500000000081e-04	1.786164299999999872e-11	5.519651254103152349e-04
4.128755299999999897e-04	1.774631099999999991e-11	5.489002657913930787e-04
4.111588000000000113e-04	1.769686799999999915e-11	5.528891460556733996e-04
4.094420399999999902e-04	1.769585900000000153e-11	5.463453559943336766e-04
4.077253100000000118e-04	1.766517699999999994e-11	5.519509880908482361e-04
4.060085900000000476e-04	1.748267199999999859e-11	5.570170984369665146e-04
4.042918200000000122e-04	1.740492499999999897e-11	5.524367018752227715e-04
4.025751000000000481e-04	1.741957100000000084e-11	5.545845661666972933e-04
4.008583700000000155e-04	1.734004300000000062e-11	5.494124207917670897e-04
3.991416099999999401e-04	1.722452699999999899e-11	5.492183994855292638e-04
3.974248800000000159e-04	1.710170200000000128e-11	5.455937152915475968e-04
3.957081599999999976e-04	1.703311999999999962e-11	5.518434823832241804e-04
3.939913999999999764e-04	1.689251899999999942e-11	5.476755455267597961e-04
3.922746699999999980e-04	1.689227099999999843e-11	5.483315457496786222e-04
3.905579399999999654e-04	1.686670600000000065e-11	5.491630497692189927e-04
3.888411799999999985e-04	1.678799100000000122e-11	5.491664049435416098e-04
3.871244599999999801e-04	1.654217899999999952e-11	5.525173361086416603e-04
3.854077300000000018e-04	1.638587199999999947e-11	5.539896747124010328e-04
3.836909699999999806e-04	1.645699699999999893e-11	5.492630311352364545e-04
3.819742400000000022e-04	1.650184700000000110e-11	5.498229290868720479e-04
3.802575200000000381e-04	1.643309799999999998e-11	5.561972051414743653e-04
3.785407500000000027e-04	1.634031499999999953e-11	5.571575535700082652e-04
3.768240300000000385e-04	1.625856700000000055e-11	5.567031415182715744e-04
3.751073000000000059e-04	1.620161300000000018e-11	5.494850225829330838e-04
3.733905400000000390e-04	1.618118800000000010e-11	5.532058433445990976e-04
3.716738100000000064e-04	1.610546900000000148e-11	5.555197608807769822e-04
3.699570900000000422e-04	1.601380500000000075e-11	5.495651125517283684e-04
3.682403299999999669e-04	1.589393899999999864e-11	5.521872591269730160e-04
3.665236000000000427e-04	1.585788799999999965e-11	5.514738694730685455e-04
3.648068799999999701e-04	1.575299799999999927e-11	5.506504347006339634e-04
3.630901100000000431e-04	1.566029299999999861e-11	5.585570032990213197e-04
3.613733899999999706e-04	1.555178000000000060e-11	5.521726162522506975e-04
3.596566599999999922e-04	1.542600800000000129e-11	5.524238357502400838e-04
3.579398999999999710e-04	1.547001199999999978e-11	5.562787349605471769e-04
3.562231699999999926e-04	1.544081399999999859e-11	5.557097155061402729e-04
3.545064500000000285e-04	1.534381100000000161e-11	5.529789644402523545e-04
3.527896900000000073e-04	1.520878900000000050e-11	5.491309843818760299e-04
3.510729600000000289e-04	1.517589699999999947e-11	5.524667457306813544e-04
3.493562000000000078e-04	1.515224600000000151e-11	5.571798360855603630e-04
3.476394700000000294e-04	1.510892100000000078e-11	5.490600530912309336e-04
3.459227500000000110e-04	1.503469099999999899e-11	5.495948407022877708e-04
3.442059799999999756e-04	1.496506900000000121e-11	5.531949562841903057e-04
3.424892600000000115e-04	1.482077800000000024e-11	5.443165814119441809e-04
3.407725300000000331e-04	1.476316799999999924e-11	5.636954602878013797e-04
3.390557700000000120e-04	1.467057599999999918e-11	5.592947235682299654e-04
3.373390400000000336e-04	1.464114100000000013e-11	5.565451797467671448e-04
3.356223199999999610e-04	1.458773899999999841e-11	5.557830409899077720e-04
3.339055599999999941e-04	1.445600300000000072e-11	5.560122997787076511e-04
3.321888299999999614e-04	1.434536299999999949e-11	5.593426170730092257e-04
3.304720999999999831e-04	1.426933899999999928e-11	5.603154290844056251e-04
3.287553399999999619e-04	1.426460900000000078e-11	5.571010090933242427e-04
3.270386199999999978e-04	1.412632299999999924e-11	5.556446266295845876e-04
3.253218900000000194e-04	1.406142499999999973e-11	5.526915350400609869e-04
3.236051299999999982e-04	1.398126100000000072e-11	5.559774568268071020e-04
3.218884000000000198e-04	1.392834500000000006e-11	5.554135164225300000e-04
3.201716800000000015e-04	1.389887699999999973e-11	5.568643601085387050e-04
3.184549099999999661e-04	1.389209100000000020e-11	5.565165238626389871e-04
3.167381900000000019e-04	1.378217600000000067e-11	5.542468632064414310e-04
3.150214600000000235e-04	1.370613699999999988e-11	5.610070721999941157e-04
3.133047000000000024e-04	1.365305899999999941e-11	5.562674048946434670e-04
3.115879699999999698e-04	1.358957800000000040e-11	5.605064842743966288e-04
3.098712299999999771e-04	1.350676599999999952e-11	5.564977610064736390e-04
3.081544999999999987e-04	1.343068899999999942e-11	5.503231945800921877e-04
3.064377600000000061e-04	1.336635500000000076e-11	5.597907732564748069e-04
3.047210200000000134e-04	1.329485699999999924e-11	5.648740451005470351e-04
3.030042899999999808e-04	1.325253500000000074e-11	5.608320672471442002e-04
3.012875499999999882e-04	1.320572900000000035e-11	5.568965194329766411e-04
2.995707999999999813e-04	1.313511099999999953e-11	5.534077607504584058e-04
2.978540800000000171e-04	1.297694899999999978e-11	5.607018996920944088e-04
2.961373300000000102e-04	1.295257699999999920e-11	5.585093230627742340e-04
2.944205900000000176e-04	1.291103200000000011e-11	5.593563387971633950e-04
2.927038599999999850e-04	1.287953000000000015e-11	5.600523283384308904e-04
2.909871199999999923e-04	1.278850999999999960e-11	5.601482513619987112e-04
2.892703699999999854e-04	1.264485899999999973e-11	5.557552182321787550e-04
2.875536500000000213e-04	1.256414799999999999e-11	5.616556944360527040e-04
2.858369100000000287e-04	1.249553399999999925e-11	5.540557847410098246e-04
2.841201599999999675e-04	1.242843400000000007e-11	5.627818072546421921e-04
2.824034400000000034e-04	1.236502299999999946e-11	5.597567634520179795e-04
2.806866899999999965e-04	1.227434700000000039e-11	5.545644239804939542e-04
2.789699500000000039e-04	1.222442700000000053e-11	5.571519126487218740e-04
2.772532200000000255e-04	1.215578300000000025e-11	5.610113636886215763e-04
2.755364799999999786e-04	1.209872700000000078e-11	5.574890910206646262e-04
2.738197300000000259e-04	1.201077099999999990e-11	5.687194759596819055e-04
2.721029899999999791e-04	1.184726799999999952e-11	5.638256688911385530e-04
2.703862600000000007e-04	1.178895300000000028e-11	5.562301949947435565e-04
2.686695200000000080e-04	1.173154600000000014e-11	5.579223941134907327e-04
2.669527800000000154e-04	1.157743400000000057e-11	5.671577423166753503e-04
2.652360499999999828e-04	1.162273400000000079e-11	5.554931932170468567e-04
2.635193099999999901e-04	1.159521400000000052e-11	5.697222305525790264e-04
2.618025599999999832e-04	1.147648299999999929e-11	5.605762614507888830e-04
2.600858400000000191e-04	1.138618300000000078e-11	5.644925654213302961e-04
2.583690900000000122e-04	1.136862000000000008e-11	5.589681236988731580e-04
2.566523500000000195e-04	1.131418000000000016e-11	5.645132919290792115e-04
2.549356199999999869e-04	1.123006499999999997e-11	5.635588921647170227e-04
2.532188799999999943e-04	1.113474599999999929e-11	5.580013099795482412e-04
2.515021299999999874e-04	1.101039199999999944e-11	5.606823820709003724e-04
2.497854100000000232e-04	1.095783899999999991e-11	5.555188073233370506e-04
2.480686600000000163e-04	1.088009599999999936e-11	5.641300137147059468e-04
2.463519200000000237e-04	1.081568499999999987e-11	5.632000472071415449e-04
2.446351899999999911e-04	1.076858900000000009e-11	5.635984674194633847e-04
2.429184499999999984e-04	1.067344899999999935e-11	5.586490196669540841e-04
2.412017100000000058e-04	1.065102299999999930e-11	5.657600332732602363e-04
2.394849799999999732e-04	1.059003900000000061e-11	5.598394520867021849e-04
2.377682399999999805e-04	1.046452199999999987e-11	5.682164701529339142e-04
2.360514900000000007e-04	1.042326400000000004e-11	5.623758822494982247e-04
2.343347700000000095e-04	1.032205699999999963e-11	5.666682467213277107e-04
2.326180200000000026e-04	1.027341599999999977e-11	5.586766465470560487e-04
2.309012800000000100e-04	1.019258399999999966e-11	5.643112395713289868e-04
2.291845500000000045e-04	1.008203899999999995e-11	5.594828441564493127e-04
2.274678100000000118e-04	1.002344700000000076e-11	5.605101542551385683e-04
2.257510600000000049e-04	9.936564599999999243e-12	5.680895301545099479e-04
2.240343200000000123e-04	9.889549200000000752e-12	5.641515372564279715e-04
2.223175999999999939e-04	9.813433899999999544e-12	5.666644593540712000e-04
2.206008500000000141e-04	9.758799700000000613e-12	5.679050282101444575e-04
2.188841099999999944e-04	9.706057099999999884e-12	5.565569614509861427e-04
2.171673799999999889e-04	9.625088099999999848e-12	5.645714427712166493e-04
2.154506399999999962e-04	9.561792299999999503e-12	5.663780163619994059e-04
2.137338899999999893e-04	9.465914999999999657e-12	5.624980374305911046e-04
2.120171699999999710e-04	9.367101699999999711e-12	5.656316731742171405e-04
2.103004199999999912e-04	9.334123800000000795e-12	5.659657366463910011e-04
2.085836799999999985e-04	9.268218099999999573e-12	5.625438124655840521e-04
2.068669500000000201e-04	9.193128899999999392e-12	5.626456278089762104e-04
2.051502100000000004e-04	9.103644900000000174e-12	5.656780220500989571e-04
2.034334700000000077e-04	9.063935399999999211e-12	5.673668537313265479e-04
2.017167400000000022e-04	8.986466099999999947e-12	5.645335377936228777e-04
2.000000000000000096e-04	8.872606599999999749e-12	5.675465923968929776e-04
1.982832500000000027e-04	8.820394900000000144e-12	5.624229509581492792e-04
1.965665299999999843e-04	8.752550799999999553e-12	5.648536431276402620e-04
1.948497800000000045e-04	8.684122000000000708e-12	5.592642984649756795e-04
1.931330400000000119e-04	8.629062700000000335e-12	5.705592201199518850e-04
1.914163099999999793e-04	8.555118400000000290e-12	5.661055072581622476e-04
1.896995699999999866e-04	8.475489399999999923e-12	5.711885830149303128e-04
1.879828200000000068e-04	8.350595400000000153e-12	5.675407105295139729e-04
1.862660999999999885e-04	8.272869399999999722e-12	5.662543865273025456e-04
1.845493499999999816e-04	8.238845399999999544e-12	5.700348515114573439e-04
1.828326099999999889e-04	8.126286100000000274e-12	5.755104578245700273e-04
1.811158800000000106e-04	8.042778199999999957e-12	5.710574525258440854e-04
1.793991400000000179e-04	7.959303399999999360e-12	5.664734818048647313e-04
1.776823999999999982e-04	7.874269800000000420e-12	5.722077756865173292e-04
1.759656699999999927e-04	7.866716800000000805e-12	5.730030889488480590e-04
1.742489300000000000e-04	7.801748799999999663e-12	5.733216869862986943e-04
1.725321800000000202e-04	7.701134900000000731e-12	5.746833623195850196e-04
1.708154400000000005e-04	7.619957600000000004e-12	5.714967080244400801e-04
1.690987099999999950e-04	7.540779599999999875e-12	5.694009232261111912e-04
1.673819700000000023e-04	7.440311399999999424e-12	5.748512119683181444e-04
1.656652199999999954e-04	7.365583799999999572e-12	5.744747481834587121e-04
1.639484999999999771e-04	7.340712199999999785e-12	5.678300408516716172e-04
1.622317499999999973e-04	7.276700899999999997e-12	5.670248157208641849e-04
1.605150100000000046e-04	7.187567400000000355e-12	5.738270768297275368e-04
1.587982799999999991e-04	7.080129900000000390e-12	5.684117478685831457e-04
1.570815399999999794e-04	7.045824400000000077e-12	5.777735498186944377e-04
1.553648100000000010e-04	6.987292299999999921e-12	5.747159910586803824e-04
1.536480599999999941e-04	6.918938499999999943e-12	5.735814444695854679e-04
1.519313299999999886e-04	6.838765699999999891e-12	5.770783480578719864e-04
1.502145899999999959e-04	6.754180100000000264e-12	5.732377150200886973e-04
1.484978500000000033e-04	6.681730699999999641e-12	5.718472681768394612e-04
1.467811100000000106e-04	6.608479000000000361e-12	5.723334241221127118e-04
1.450643800000000051e-04	6.504666199999999816e-12	5.719060754669345230e-04
1.433476299999999982e-04	6.405036200000000168e-12	5.766141868793408110e-04
1.416308999999999927e-04	6.349232799999999998e-12	5.767164409822099621e-04
1.399141600000000001e-04	6.269743000000000015e-12	5.791565747059449929e-04
1.381974200000000074e-04	6.211325699999999890e-12	5.780541442912975978e-04
1.364806900000000019e-04	6.123033899999999840e-12	5.783362283023685876e-04
1.347639399999999950e-04	6.061256500000000367e-12	5.734841214712350617e-04
1.330472099999999895e-04	5.954805699999999687e-12	5.683110354460418814e-04
1.313304699999999969e-04	5.883555800000000023e-12	5.687996362647237828e-04
1.296137300000000043e-04	5.837963800000000069e-12	5.824064617256667544e-04
1.278969900000000116e-04	5.780128499999999871e-12	5.764980525868222076e-04
1.261802599999999790e-04	5.692138999999999844e-12	5.692185511478857094e-04
1.244635099999999992e-04	5.631389900000000244e-12	5.814794619453729930e-04
1.227467799999999937e-04	5.520925300000000097e-12	5.764371618450541334e-04
1.210300400000000011e-04	5.436246099999999752e-12	5.769205361940279520e-04
1.193133000000000084e-04	5.358809800000000150e-12	5.840261975275168804e-04
1.175965600000000022e-04	5.293665699999999941e-12	5.794039831752525104e-04
1.158798299999999967e-04	5.224517899999999633e-12	5.764974307670872903e-04
1.141630899999999905e-04	5.135299300000000141e-12	5.841036522484121694e-04
1.124463499999999979e-04	5.066361800000000062e-12	5.783982740678464754e-04
1.107296099999999917e-04	4.968946300000000031e-12	5.845926622974458248e-04
1.090128700000000126e-04	4.909431799999999841e-12	5.798340642923006417e-04
1.072961400000000071e-04	4.834024700000000325e-12	5.854738355259794412e-04
1.055793900000000002e-04	4.763389800000000250e-12	5.869133140609509615e-04
1.038626599999999947e-04	4.689843599999999793e-12	5.779215577606828125e-04
1.021459200000000020e-04	4.617409800000000099e-12	5.795317456878728776e-04
1.004291799999999958e-04	4.531068700000000056e-12	5.869377868554994260e-04
9.871244400000000075e-05	4.467551799999999709e-12	5.812616603839213924e-04
9.699570899999998812e-05	4.382764600000000027e-12	5.852550385529383141e-04
9.527896500000001146e-05	4.316844200000000013e-12	5.867710843034195344e-04
9.356222999999999883e-05	4.227561900000000099e-12	5.800902598934724224e-04
9.184549599999999577e-05	4.159638799999999948e-12	5.857453449648909998e-04
9.012875099999999599e-05	4.085141100000000331e-12	5.856105027962885167e-04
8.841201700000000648e-05	3.996259900000000122e-12	5.850991202375515265e-04
8.669527200000000670e-05	3.922511199999999899e-12	5.918092922735174524e-04
8.497853800000000363e-05	3.848917699999999603e-12	5.873723355003792820e-04
8.326180299999999101e-05	3.795117000000000377e-12	5.847671427293033453e-04
8.154505899999998724e-05	3.733206900000000233e-12	5.850294904150608140e-04
7.982832400000000172e-05	3.636172700000000190e-12	5.894343659201091087e-04
7.811158399999999552e-05	3.557820300000000052e-12	5.821548851787008289e-04
7.639484899999999645e-05	3.472416399999999801e-12	5.908197808681787348e-04
7.467810999999999980e-05	3.385708400000000005e-12	5.930110588993848858e-04
7.296137000000000716e-05	3.328800600000000056e-12	5.913105316792593774e-04
7.124463600000000409e-05	3.230449100000000119e-12	5.864910339788248191e-04
6.952789599999999789e-05	3.141339799999999907e-12	5.940290994051670818e-04
6.781115700000000125e-05	3.038108200000000038e-12	5.910440468801682464e-04
6.609441700000000860e-05	2.974621199999999987e-12	5.945419611324199343e-04
6.437768199999999597e-05	2.891036400000000111e-12	5.883868027625067379e-04
6.266094299999999933e-05	2.838398600000000103e-12	5.847563385865576320e-04
6.094420299999999991e-05	2.742812499999999931e-12	5.923097367239165290e-04
5.922746800000000083e-05	2.688190399999999907e-12	5.887534351131488725e-04
5.751072900000000419e-05	2.602293799999999984e-12	5.939125541647060280e-04
5.579398899999999799e-05	2.522045299999999854e-12	5.875240215588832266e-04
5.407725000000000135e-05	2.437816699999999919e-12	5.893627024086994142e-04
5.236051500000000228e-05	2.367226400000000145e-12	5.959686767195163581e-04
5.064377600000000563e-05	2.293254299999999804e-12	5.926300559106358447e-04
4.892703599999999943e-05	2.215932299999999944e-12	6.001280285998883109e-04
4.721030100000000036e-05	2.164538900000000156e-12	5.922955633481506331e-04
4.549356200000000372e-05	2.076254499999999935e-12	5.909574932503417486e-04
4.377682199999999752e-05	2.008875700000000162e-12	5.981404722129772056e-04
4.206008300000000087e-05	1.891852799999999861e-12	5.969026609728124650e-04
4.034334800000000180e-05	1.837944900000000145e-12	6.019296990426562964e-04
3.862660799999999560e-05	1.773941699999999984e-12	5.974470870350818063e-04
3.690987100000000452e-05	1.667439300000000011e-12	5.946018767953948009e-04
3.519313200000000110e-05	1.596838900000000061e-12	6.039179498965492610e-04
3.347639500000000324e-05	1.513766100000000092e-12	5.935174042174195218e-04
3.175965499999999704e-05	1.440489000000000083e-12	5.975595302887672187e-04
3.004291799999999919e-05	1.347547999999999904e-12	5.985731764944703277e-04
2.832618099999999794e-05	1.273454300000000050e-12	6.047720405622714806e-04
2.660944100000000190e-05	1.194096099999999900e-12	5.998100755021436997e-04
2.489270400000000066e-05	1.111753300000000071e-12	6.039535519822475168e-04
2.317596500000000063e-05	1.037629099999999978e-12	6.017136799849367697e-04
2.145922699999999999e-05	9.559215400000000308e-13	6.047534487500405738e-04
1.974248799999999996e-05	8.953188699999999796e-13	6.001852167608478106e-04
1.802575100000000210e-05	8.074462899999999562e-13	6.038718588737780526e-04
1.630901199999999868e-05	7.362602800000000355e-13	5.992606558740035507e-04
1.459227399999999974e-05	6.329100099999999615e-13	6.061761568486555285e-04
1.287553600000000079e-05	5.510475999999999874e-13	6.066631560695556237e-04
1.115879900000000124e-05	4.550333100000000032e-13	6.018997090903807374e-04
9.442059699999999698e-06	3.972806200000000141e-13	6.072311888523253395e-04
7.725321900000000632e-06	3.296267300000000005e-13	6.046357463417721982e-04
6.008583600000000176e-06	2.286480699999999967e-13	5.953984378460364666e-04
4.291845299999999720e-06	1.647579499999999997e-13	6.011676084482726673e-04
2.575107199999999989e-06	6.912392599999999979e-14	5.980982524298030043e-04
8.583690900000000104e-07	3.661950800000000127e-16	6.034044441472159520e-04
-8.583690900000000104e-07	-6.624553899999999707e-14	5.975625061641994711e-04
-2.575107199999999989e-06	-1.288581599999999963e-13	6.020842432403868344e-04
-4.291845299999999720e-06	-2.149507900000000046e-13	6.055451304924466859e-04
-6.008583600000000176e-06	-3.017436299999999999e-13	6.002551309446523160e-04
-7.725321900000000632e-06	-4.043011900000000042e-13	6.050638632029185175e-04
-9.442059699999999698e-06	-4.555820799999999925e-13	6.075891792921891271e-04
-1.115879900000000124e-05	-5.380014499999999582e-13	6.027989412880470571e-04
-1.287553600000000079e-05	-6.247965499999999506e-13	6.035319487448185258e-04
-1.459227399999999974e-05	-7.009382799999999967e-13	6.049834089186732463e-04
-1.630901199999999868e-05	-7.873893100000000261e-13	6.033136426618848245e-04
-1.802575100000000210e-05	-8.654850399999999648e-13	5.957209362050952138e-04
-1.974248799999999996e-05	-9.543403400000000658e-13	6.058813887432830695e-04
-2.145922699999999999e-05	-1.032638299999999958e-12	6.007241213199601172e-04
-2.317596500000000063e-05	-1.106367299999999916e-12	5.981969443267991064e-04
-2.489270400000000066e-05	-1.185120799999999960e-12	5.989238247238858753e-04
-2.660944100000000190e-05	-1.276632099999999984e-12	5.976285753452682857e-04
-2.832618099999999794e-05	-1.362488700000000041e-12	5.990415387347201642e-04
-3.004291799999999919e-05	-1.423083999999999917e-12	6.004776225708606183e-04
-3.175965499999999704e-05	-1.485226400000000066e-12	5.991864547105734806e-04
-3.347639500000000324e-05	-1.588098900000000040e-12	6.075001510825741528e-04
-3.519313200000000110e-05	-1.656558800000000076e-12	5.948282827007134697e-04
-3.690987100000000452e-05	-1.719831099999999982e-12	6.003897597140933932e-04
-3.862660799999999560e-05	-1.809140200000000018e-12	5.971040902305358193e-04
-4.034334800000000180e-05	-1.897963600000000183e-12	5.991421036601413336e-04
-4.206008300000000087e-05	-1.966004999999999962e-12	5.910434954957230914e-04
-4.377682199999999752e-05	-2.050679500000000017e-12	6.016567544962976881e-04
-4.549356200000000372e-05	-2.135201099999999857e-12	5.906732622303780380e-04
-4.721030100000000036e-05	-2.193635899999999987e-12	6.016177016874345394e-04
-4.892703599999999943e-05	-2.266069100000000143e-12	5.941243892913304191e-04
-5.064377600000000563e-05	-2.345269399999999817e-12	5.908407623047292430e-04
-5.236051500000000228e-05	-2.446360000000000089e-12	5.992092200689501120e-04
-5.407725000000000135e-05	-2.543881800000000091e-12	5.784862255563443445e-04
-5.579398899999999799e-05	-2.607730899999999951e-12	5.925064129122556249e-04
-5.751072900000000419e-05	-2.671751300000000145e-12	5.920583857882377428e-04
-5.922746800000000083e-05	-2.722526400000000055e-12	5.897347932905578792e-04
-6.094420299999999991e-05	-2.801070400000000129e-12	5.913996586281601965e-04
-6.266094299999999933e-05	-2.916388699999999912e-12	5.929108106723134444e-04
-6.437768199999999597e-05	-2.990821099999999800e-12	5.941319067847431259e-04
-6.609441700000000860e-05	-3.041362699999999820e-12	5.908865978308799546e-04
-6.781115700000000125e-05	-3.124559200000000110e-12	5.825577510577807866e-04
-6.952789599999999789e-05	-3.196642200000000057e-12	5.874865207247217166e-04
-7.124463600000000409e-05	-3.264845000000000110e-12	5.885349120948577982e-04
-7.296137000000000716e-05	-3.352138699999999949e-12	5.808194246383168021e-04
-7.467810999999999980e-05	-3.433619300000000065e-12	5.865350071633769957e-04
-7.639484899999999645e-05	-3.517282800000000135e-12	5.768330279245001803e-04
-7.811158399999999552e-05	-3.565757099999999886e-12	5.813556829150574911e-04
-7.982832400000000172e-05	-3.677703100000000144e-12	5.841987042844429051e-04
-8.154505899999998724e-05	-3.762619600000000149e-12	5.881714076218469379e-04
-8.326180299999999101e-05	-3.822997000000000053e-12	5.834431751113006810e-04
-8.497853800000000363e-05	-3.887153599999999707e-12	5.836588872830778766e-04
-8.669527200000000670e-05	-3.975954100000000183e-12	5.822583465362628956e-04
-8.841201700000000648e-05	-4.054916100000000023e-12	5.815168150729159739e-04
-9.012875099999999599e-05	-4.165058099999999737e-12	5.830188589101503943e-04
-9.184549599999999577e-05	-4.213345800000000014e-12	5.831146916489014830e-04
-9.356222999999999883e-05	-4.293343499999999961e-12	5.862707856672137513e-04
-9.527896500000001146e-05	-4.323612599999999877e-12	5.796642306685292250e-04
-9.699570899999998812e-05	-4.398196199999999806e-12	5.790934984902815306e-04
-9.871244400000000075e-05	-4.486089500000000037e-12	5.809494901730479681e-04
-1.004291799999999958e-04	-4.569345799999999709e-12	5.826495783206667167e-04
-1.021459200000000020e-04	-4.674722399999999868e-12	5.808394275603430195e-04
-1.038626599999999947e-04	-4.735114200000000006e-12	5.810284722439971973e-04
-1.055793900000000002e-04	-4.821929700000000062e-12	5.830256115380013726e-04
-1.072961400000000071e-04	-4.921046199999999744e-12	5.735877559996916362e-04
-1.090128700000000126e-04	-4.986214099999999959e-12	5.728383292541094299e-04
-1.107296099999999917e-04	-5.062029400000000047e-12	5.776304676621949775e-04
-1.124463499999999979e-04	-5.152762299999999659e-12	5.748505555727888511e-04
-1.141630899999999905e-04	-5.224524400000000154e-12	5.788810535274782967e-04
-1.158798299999999967e-04	-5.321032199999999651e-12	5.778651422040390149e-04
-1.175965600000000022e-04	-5.407721100000000134e-12	5.728930053915523221e-04
-1.193133000000000084e-04	-5.465345200000000391e-12	5.791582269317410584e-04
-1.210300400000000011e-04	-5.546257900000000239e-12	5.725682369659008649e-04
-1.227467799999999937e-04	-5.623856800000000000e-12	5.787227380477010181e-04
-1.244635099999999992e-04	-5.723327199999999604e-12	5.798233978748023676e-04
-1.261802599999999790e-04	-5.791336600000000298e-12	5.746635684691237672e-04
-1.278969900000000116e-04	-5.854535999999999925e-12	5.735289295699926102e-04
-1.296137300000000043e-04	-5.927710599999999935e-12	5.754621667821565537e-04
-1.313304699999999969e-04	-5.986876399999999973e-12	5.741078158798086162e-04
-1.330472099999999895e-04	-6.077307099999999620e-12	5.708738349087164434e-04
-1.347639399999999950e-04	-6.149841500000000034e-12	5.762774200029136722e-04
-1.364806900000000019e-04	-6.218740799999999872e-12	5.773743377663161829e-04
-1.381974200000000074e-04	-6.285775300000000014e-12	5.714915118799979502e-04
-1.399141600000000001e-04	-6.364623699999999708e-12	5.681155229264652634e-04
-1.416308999999999927e-04	-6.451016799999999881e-12	5.697170481260433730e-04
-1.433476299999999982e-04	-6.576667200000000086e-12	5.732773981422187044e-04
-1.450643800000000051e-04	-6.634650700000000210e-12	5.738914280352630341e-04
-1.467811100000000106e-04	-6.658844000000000217e-12	5.758595269643603486e-04
-1.484978500000000033e-04	-6.740346599999999705e-12	5.664989758978166822e-04
-1.502145899999999959e-04	-6.825461200000000167e-12	5.713977582641471820e-04
-1.519313299999999886e-04	-6.936425799999999756e-12	5.710027310947053160e-04
-1.536480599999999941e-04	-6.997426099999999771e-12	5.692597094031472474e-04
-1.553648100000000010e-04	-7.069567999999999791e-12	5.631553373726487770e-04
-1.570815399999999794e-04	-7.097443700000000215e-12	5.634854464729690182e-04
-1.587982799999999991e-04	-7.175504500000000043e-12	5.707629006762921691e-04
-1.605150100000000046e-04	-7.274158300000000004e-12	5.672246119166996729e-04
-1.622317499999999973e-04	-7.353444200000000220e-12	5.732588923935709240e-04
-1.639484999999999771e-04	-7.399170699999999460e-12	5.694695603207279317e-04
-1.656652199999999954e-04	-7.466863099999999722e-12	5.708048263147445529e-04
-1.673819700000000023e-04	-7.571611699999999250e-12	5.644358025225677811e-04
-1.690987099999999950e-04	-7.643856900000000740e-12	5.679476781616136323e-04
-1.708154400000000005e-04	-7.735581300000000793e-12	5.694925758260071039e-04
-1.725321800000000202e-04	-7.756423100000000762e-12	5.647419788258230267e-04
-1.742489300000000000e-04	-7.820267899999999755e-12	5.649513102139006341e-04
-1.759656699999999927e-04	-7.881393499999999399e-12	5.647416189553107306e-04
-1.776823999999999982e-04	-7.974557600000000129e-12	5.700177155230930605e-04
-1.793991400000000179e-04	-8.065745999999999345e-12	5.594268343148075823e-04
-1.811158800000000106e-04	-8.153994799999999614e-12	5.678749700911524863e-04
-1.828326099999999889e-04	-8.219408699999999665e-12	5.686309033150090380e-04
-1.845493499999999816e-04	-8.313514799999999726e-12	5.688034539621510685e-04
-1.862660999999999885e-04	-8.384144899999999454e-12	5.607349211668604706e-04
-1.879828200000000068e-04	-8.461370500000000211e-12	5.610053472214972681e-04
-1.896995699999999866e-04	-8.522882099999999728e-12	5.662436184836143862e-04
-1.914163099999999793e-04	-8.581479300000000306e-12	5.675813619562894300e-04
-1.931330400000000119e-04	-8.681618800000000033e-12	5.687619809773229035e-04
-1.948497800000000045e-04	-8.804864800000000051e-12	5.662843558785805257e-04
-1.965665299999999843e-04	-8.878504700000000475e-12	5.671640813680950887e-04
-1.982832500000000027e-04	-8.946537099999999905e-12	5.646986033008603119e-04
-2.000000000000000096e-04	-9.006214200000000255e-12	5.611898435912063537e-04
-2.017167400000000022e-04	-9.057996500000000783e-12	5.652967556196417977e-04
-2.034334700000000077e-04	-9.088840800000000738e-12	5.673785141855815922e-04
-2.051502100000000004e-04	-9.162673199999999195e-12	5.683319443072002959e-04
-2.068669500000000201e-04	-9.254424500000000236e-12	5.585901238701520676e-04
-2.085836799999999985e-04	-9.357579799999999276e-12	5.597940790368099344e-04
-2.103004199999999912e-04	-9.392113799999999824e-12	5.664657941807582035e-04
-2.120171699999999710e-04	-9.468905700000000637e-12	5.635454558818589954e-04
-2.137338899999999893e-04	-9.531537900000000803e-12	5.591283701372010443e-04
-2.154506399999999962e-04	-9.635062699999999885e-12	5.623111947994658549e-04
-2.171673799999999889e-04	-9.730061399999999841e-12	5.643875031327431121e-04
-2.188841099999999944e-04	-9.803552099999999763e-12	5.644290098383428949e-04
-2.206008500000000141e-04	-9.862524900000000673e-12	5.550063078436772313e-04
-2.223175999999999939e-04	-9.929099200000000114e-12	5.633104887123154339e-04
-2.240343200000000123e-04	-1.001709999999999939e-11	5.600231653166405730e-04
-2.257510600000000049e-04	-1.010333699999999993e-11	5.591956605180598049e-04
-2.274678100000000118e-04	-1.019195500000000006e-11	5.596964373982690148e-04
-2.291845500000000045e-04	-1.022380800000000070e-11	5.614240451249566518e-04
-2.309012800000000100e-04	-1.031152199999999921e-11	5.596127891776336372e-04
-2.326180200000000026e-04	-1.039550799999999925e-11	5.583047374624294746e-04
-2.343347700000000095e-04	-1.048584300000000020e-11	5.563238855620642777e-04
-2.360514900000000007e-04	-1.057363300000000057e-11	5.635621683643270196e-04
-2.377682399999999805e-04	-1.063030000000000005e-11	5.610185952036899791e-04
-2.394849799999999732e-04	-1.068068500000000014e-11	5.611714387963411248e-04
-2.412017100000000058e-04	-1.078178800000000030e-11	5.620208736889439893e-04
-2.429184499999999984e-04	-1.086798200000000025e-11	5.636937009948567645e-04
-2.446351899999999911e-04	-1.095997599999999922e-11	5.616531592721559678e-04
-2.463519200000000237e-04	-1.100553899999999940e-11	5.596314099252983456e-04
-2.480686600000000163e-04	-1.102451099999999921e-11	5.574338789051603215e-04
-2.497854100000000232e-04	-1.111639400000000034e-11	5.691092392977937543e-04
-2.515021299999999874e-04	-1.122986499999999922e-11	5.619832434303979668e-04
-2.532188799999999943e-04	-1.134062999999999991e-11	5.552918225396694801e-04
-2.549356199999999869e-04	-1.140830699999999936e-11	5.576787339941519529e-04
-2.566523500000000195e-04	-1.143755399999999975e-11	5.601504150906119837e-04
-2.583690900000000122e-04	-1.149197199999999990e-11	5.611078165232585456e-04
-2.600858400000000191e-04	-1.155017500000000071e-11	5.549001655315929796e-04
-2.618025599999999832e-04	-1.163376900000000065e-11	5.579385892847906793e-04
-2.635193099999999901e-04	-1.172975999999999989e-11	5.604935768318906452e-04
-2.652360499999999828e-04	-1.177290500000000011e-11	5.586112367602360726e-04
-2.669527800000000154e-04	-1.184957399999999945e-11	5.569179259439988646e-04
-2.686695200000000080e-04	-1.193442700000000076e-11	5.541674888125540680e-04
-2.703862600000000007e-04	-1.198550000000000058e-11	5.559584620766740756e-04
-2.721029899999999791e-04	-1.206276399999999927e-11	5.613003920587710102e-04
-2.738197300000000259e-04	-1.212780500000000055e-11	5.587287958270377138e-04
-2.755364799999999786e-04	-1.219166899999999931e-11	5.577449486281162638e-04
-2.772532200000000255e-04	-1.230241699999999988e-11	5.544553180064066113e-04
-2.789699500000000039e-04	-1.240139700000000074e-11	5.548011687187008514e-04
-2.806866899999999965e-04	-1.249995099999999963e-11	5.534646255458883484e-04
-2.824034400000000034e-04	-1.249124800000000017e-11	5.577076275152112938e-04
-2.841201599999999675e-04	-1.257953199999999976e-11	5.544783122323921351e-04
-2.858369100000000287e-04	-1.270072399999999991e-11	5.622464235738781988e-04
-2.875536500000000213e-04	-1.279694600000000003e-11	5.545591999965724045e-04
-2.892703699999999854e-04	-1.289817399999999964e-11	5.604003157261015821e-04
-2.909871199999999923e-04	-1.291922799999999932e-11	5.624395836687540347e-04
-2.927038599999999850e-04	-1.297033499999999938e-11	5.518456682081265526e-04
-2.944205900000000176e-04	-1.306272299999999961e-11	5.567673046962913139e-04
-2.961373300000000102e-04	-1.315858300000000078e-11	5.618455780431757694e-04
-2.978540800000000171e-04	-1.327010099999999994e-11	5.534053866417929955e-04
-2.995707999999999813e-04	-1.334351599999999979e-11	5.565238377673923081e-04
-3.012875499999999882e-04	-1.338769700000000028e-11	5.560011892189280474e-04
-3.030042899999999808e-04	-1.347824300000000025e-11	5.580653445196644830e-04
-3.047210200000000134e-04	-1.355051400000000048e-11	5.562659869973463891e-04
-3.064377600000000061e-04	-1.362447200000000035e-11	5.608324813529625211e-04
-3.081544999999999987e-04	-1.368350800000000059e-11	5.528621778748110107e-04
-3.098712299999999771e-04	-1.378483400000000023e-11	5.603547387625428889e-04
-3.115879699999999698e-04	-1.381125100000000032e-11	5.616783800534690813e-04
-3.133047000000000024e-04	-1.385875400000000079e-11	5.504908732347456313e-04
-3.150214600000000235e-04	-1.395380300000000070e-11	5.586132649545510424e-04
-3.167381900000000019e-04	-1.399979300000000018e-11	5.604293373490243499e-04
-3.184549099999999661e-04	-1.409833699999999977e-11	5.550670673813371805e-04
-3.201716800000000015e-04	-1.413799500000000008e-11	5.520029922643585746e-04
-3.218884000000000198e-04	-1.421392499999999933e-11	5.574605378620818780e-04
-3.236051299999999982e-04	-1.436772600000000033e-11	5.587746782680738135e-04
-3.253218900000000194e-04	-1.439571099999999922e-11	5.551934352780118175e-04
-3.270386199999999978e-04	-1.438772300000000053e-11	5.582357298981389156e-04
-3.287553399999999619e-04	-1.453658699999999984e-11	5.529992962891876109e-04
-3.304720999999999831e-04	-1.464727100000000063e-11	5.587599686418691152e-04
-3.321888299999999614e-04	-1.473225399999999944e-11	5.526279776960977804e-04
-3.339055599999999941e-04	-1.477577299999999906e-11	5.549094199493714158e-04
-3.356223199999999610e-04	-1.481263000000000128e-11	5.596641539019666647e-04
-3.373390400000000336e-04	-1.493166699999999981e-11	5.568509336129895534e-04
-3.390557700000000120e-04	-1.501515099999999926e-11	5.630173619099473978e-04
-3.407725300000000331e-04	-1.510205699999999986e-11	5.552245757186008261e-04
-3.424892600000000115e-04	-1.516665599999999963e-11	5.551115330990924902e-04
-3.442059799999999756e-04	-1.526336199999999964e-11	5.548990094389304054e-04
-3.459227500000000110e-04	-1.527814999999999948e-11	5.495445788465597777e-04
-3.476394700000000294e-04	-1.534163900000000149e-11	5.534937890392467629e-04
-3.493562000000000078e-04	-1.546441299999999884e-11	5.567032489337094469e-04
-3.510729600000000289e-04	-1.550476900000000142e-11	5.532509257440832015e-04
-3.527896900000000073e-04	-1.556931000000000003e-11	5.550682593787725078e-04
-3.545064500000000285e-04	-1.558733199999999912e-11	5.487649808911458475e-04
-3.562231699999999926e-04	-1.570423500000000008e-11	5.488450465966574756e-04
-3.579398999999999710e-04	-1.578902799999999907e-11	5.544384314746745451e-04
-3.596566599999999922e-04	-1.590011100000000077e-11	5.534770602961279267e-04
-3.613733899999999706e-04	-1.594832800000000143e-11	5.512652276631984077e-04
-3.630901100000000431e-04	-1.593544200000000095e-11	5.593282926309061558e-04
-3.648068799999999701e-04	-1.605892500000000046e-11	5.481735012077112914e-04
-3.665236000000000427e-04	-1.609102600000000047e-11	5.556460972277560374e-04
-3.682403299999999669e-04	-1.609512699999999938e-11	5.555067040106497888e-04
-3.699570900000000422e-04	-1.614450199999999966e-11	5.506821015305802050e-04
-3.716738100000000064e-04	-1.627954700000000113e-11	5.503694519322346792e-04
-3.733905400000000390e-04	-1.639148200000000029e-11	5.553137336703900528e-04
-3.751073000000000059e-04	-1.657315600000000015e-11	5.545311221279470041e-04
-3.768240300000000385e-04	-1.662997999999999979e-11	5.516080906372746850e-04
-3.785407500000000027e-04	-1.667310699999999931e-11	5.472693180561027980e-04
-3.802575200000000381e-04	-1.671140499999999971e-11	5.560403390714849150e-04
-3.819742400000000022e-04	-1.673220399999999921e-11	5.475904858427226409e-04
-3.836909699999999806e-04	-1.684935500000000116e-11	5.505864902653424733e-04
-3.854077300000000018e-04	-1.690198700000000105e-11	5.553830450519652018e-04
-3.871244599999999801e-04	-1.702438000000000142e-11	5.533253438044573617e-04
-3.888411799999999985e-04	-1.713522199999999971e-11	5.498696712491840883e-04
-3.905579399999999654e-04	-1.724161599999999910e-11	5.565498872726890641e-04
-3.922746699999999980e-04	-1.727289700000000073e-11	5.586187473477972378e-04
-3.939913999999999764e-04	-1.730387499999999870e-11	5.597060440954000583e-04
-3.957081599999999976e-04	-1.736252599999999964e-11	5.535413873817643122e-04
-3.974248800000000159e-04	-1.743025500000000003e-11	5.532186175063895156e-04
-3.991416099999999401e-04	-1.749649600000000094e-11	5.580957811058389608e-04
-4.008583700000000155e-04	-1.764831300000000047e-11	5.575032436834442915e-04
-4.025751000000000481e-04	-1.772097699999999977e-11	5.543236711815823295e-04
-4.042918200000000122e-04	-1.775260300000000022e-11	5.584812393211045951e-04
-4.060085900000000476e-04	-1.783873600000000050e-11	5.532303094199106331e-04
-4.077253100000000118e-04	-1.787696399999999927e-11	5.572520758163694013e-04
-4.094420399999999902e-04	-1.788693799999999896e-11	5.512476958395766489e-04
-4.111588000000000113e-04	-1.797963300000000032e-11	5.523910773600110334e-04
-4.128755299999999897e-04	-1.805302100000000073e-11	5.511581814369967717e-04
-4.145922500000000081e-04	-1.815304000000000037e-11	5.486874161267419649e-04
-4.163090099999999750e-04	-1.833148699999999855e-11	5.532837894723337605e-04
-4.180257400000000076e-04	-1.836100899999999936e-11	5.526391199022112665e-04
-4.197424699999999860e-04	-1.847433100000000108e-11	5.485737945560332802e-04
-4.214592300000000072e-04	-1.847340299999999852e-11	5.450546484822978112e-04
-4.231759499999999713e-04	-1.855396000000000145e-11	5.543588628525025763e-04
-4.248926799999999497e-04	-1.860976099999999862e-11	5.533386814256302305e-04
-4.266094399999999709e-04	-1.868162599999999874e-11	5.505846969228406305e-04
-4.283261700000000577e-04	-1.872737000000000000e-11	5.525816769131025163e-04
-4.300428900000000218e-04	-1.883860900000000128e-11	5.512393482867703268e-04
-4.317596600000000572e-04	-1.885925800000000143e-11	5.433931676168109268e-04
-4.334763800000000214e-04	-1.893795399999999958e-11	5.534625647734844976e-04
-4.351931099999999998e-04	-1.907117300000000033e-11	5.583285516849034605e-04
-4.369098700000000209e-04	-1.913211599999999958e-11	5.539709274418110497e-04
-4.386265899999999851e-04	-1.927821600000000115e-11	5.593633539097713934e-04
-4.403433200000000177e-04	-1.936516099999999841e-11	5.504591629963531728e-04
-4.420600799999999846e-04	-1.936658299999999856e-11	5.534610250957136936e-04
-4.437768100000000172e-04	-1.945819900000000066e-11	5.462743589600223184e-04
-4.454935299999999813e-04	-1.947412500000000150e-11	5.545605695733386376e-04
-4.472103000000000167e-04	-1.953944600000000124e-11	5.567110011642473991e-04
-4.489270199999999809e-04	-1.966138000000000159e-11	5.491654463708442631e-04
-4.506437900000000163e-04	-1.979459999999999969e-11	5.590145983224454468e-04
-4.523605099999999804e-04	-1.992732700000000076e-11	5.519008059072875441e-04
-4.540772399999999588e-04	-1.991613300000000120e-11	5.450612354978638359e-04
-4.557939999999999800e-04	-1.999262000000000049e-11	5.432147211032463223e-04
-4.575107199999999441e-04	-2.004973399999999951e-11	5.458347678031995245e-04
-4.592274500000000309e-04	-2.008783399999999872e-11	5.488113230462131125e-04
-4.609442099999999437e-04	-2.018721499999999841e-11	5.515378023090681961e-04
-4.626609400000000305e-04	-2.032376200000000098e-11	5.536262376374136412e-04
-4.643776599999999946e-04	-2.035602099999999849e-11	5.472120090509857010e-04
-4.660944300000000300e-04	-2.040215599999999928e-11	5.509496266229634920e-04
-4.678111499999999942e-04	-2.054584800000000020e-11	5.564850911149466514e-04
-4.695278800000000268e-04	-2.063157999999999841e-11	5.609004542532282670e-04
-4.712446399999999937e-04	-2.069625200000000155e-11	5.571010470818732897e-04
-4.729613700000000263e-04	-2.074317499999999840e-11	5.589057212984733722e-04
-4.746780899999999905e-04	-2.076549299999999911e-11	5.494327849657661958e-04
-4.763948500000000116e-04	-2.080834599999999879e-11	5.604598636921554692e-04
-4.781115799999999900e-04	-2.095633900000000098e-11	5.458982721666821598e-04
-4.798283099999999684e-04	-2.104143899999999948e-11	5.586911075952881965e-04
-4.815450699999999896e-04	-2.111325000000000074e-11	5.516415453443933000e-04
-4.832617899999999537e-04	-2.116840899999999889e-11	5.538586360900806275e-04
-4.849785199999999863e-04	-2.118856499999999878e-11	5.476594124172283343e-04
-4.866952799999999532e-04	-2.124932300000000110e-11	5.543515491780743459e-04
-4.884120099999999859e-04	-2.139362599999999930e-11	5.496995426153235059e-04
-4.901287299999999500e-04	-2.152120099999999898e-11	5.581172092183261588e-04
-4.918455000000000396e-04	-2.159298299999999966e-11	5.528297581973883523e-04
-4.935622200000000038e-04	-2.164038599999999895e-11	5.513009996095236381e-04
-4.952789500000000364e-04	-2.168295800000000120e-11	5.522570863565515837e-04
-4.969957099999999491e-04	-2.175770699999999887e-11	5.459617918692654445e-04
-4.987124399999999817e-04	-2.175293100000000127e-11	5.472323456975856102e-04
-5.004291599999999458e-04	-2.192638100000000029e-11	5.514794480990493040e-04
-5.021459200000000754e-04	-2.198722500000000055e-11	5.564552088287447401e-04
-5.038626499999999996e-04	-2.205907300000000055e-11	5.435288091084297148e-04
-5.055793699999999637e-04	-2.207683300000000027e-11	5.471951552919080168e-04
-5.072961399999999449e-04	-2.213686700000000146e-11	5.545886929532006359e-04
-5.090128600000000175e-04	-2.224821400000000046e-11	5.471550934574720285e-04
-5.107295900000000501e-04	-2.233182599999999948e-11	5.509359999196886170e-04
-5.124463499999999628e-04	-2.242588100000000074e-11	5.488701965260702875e-04
-5.141630799999999954e-04	-2.252410199999999966e-11	5.518855103766722456e-04
-5.158797999999999596e-04	-2.260250999999999958e-11	5.517552426891608871e-04
-5.175965700000000492e-04	-2.267664400000000089e-11	5.455990204299757639e-04
-5.193132900000000133e-04	-2.265114999999999886e-11	5.510036602968339161e-04
-5.210300200000000459e-04	-2.263812400000000157e-11	5.499934786918349002e-04
-5.227467799999999587e-04	-2.280870800000000052e-11	5.474697472014406667e-04
-5.244635000000000312e-04	-2.292604100000000090e-11	5.502188543852500448e-04
-5.261802299999999554e-04	-2.307416799999999967e-11	5.514739190689931349e-04
-5.278969899999999766e-04	-2.302879899999999839e-11	5.446919529615638607e-04
-5.296137200000000092e-04	-2.309057600000000087e-11	5.527692618473871358e-04
-5.313304399999999733e-04	-2.312238600000000091e-11	5.452608960337555419e-04
-5.330472099999999545e-04	-2.323419599999999900e-11	5.499008649975338633e-04
-5.347639299999999186e-04	-2.325182100000000156e-11	5.491855584934422427e-04
-5.364806600000000597e-04	-2.335920500000000053e-11	5.466908812464173770e-04
-5.381974199999999724e-04	-2.346467499999999968e-11	5.528425722361043166e-04
-5.399141500000000050e-04	-2.366590300000000089e-11	5.480221848013748379e-04
-5.416308699999999691e-04	-2.373244500000000107e-11	5.447116270173653525e-04
-5.433476299999999903e-04	-2.379477999999999931e-11	5.508730764453663225e-04
-5.450643600000000229e-04	-2.381469700000000018e-11	5.487333480668341772e-04
-5.467810900000000555e-04	-2.386181700000000089e-11	5.441932642745715178e-04
-5.484978499999999682e-04	-2.389226299999999872e-11	5.526486174849144220e-04
-5.502145700000000408e-04	-2.397830900000000047e-11	5.507191175615344788e-04
-5.519313400000000220e-04	-2.399723599999999854e-11	5.467167541951905001e-04
-5.536480599999999861e-04	-2.419107600000000007e-11	5.530605330981039304e-04
-5.553647900000000187e-04	-2.422158699999999987e-11	5.493574154631709113e-04
-5.570815500000000399e-04	-2.435311000000000062e-11	5.565280477679441498e-04
-5.587982799999999641e-04	-2.446502000000000151e-11	5.515916098053545800e-04
-5.605149999999999282e-04	-2.448859500000000083e-11	5.502793536097685088e-04
-5.622317599999999494e-04	-2.457229599999999953e-11	5.475224098673686082e-04
-5.639484899999999820e-04	-2.457972000000000061e-11	5.489989363660872923e-04
-5.656652200000000146e-04	-2.466505999999999870e-11	5.520671190713897364e-04
-5.673819799999999273e-04	-2.479504399999999962e-11	5.463172766334006966e-04
-5.690986999999999999e-04	-2.485204799999999977e-11	5.549795291982983960e-04
-5.708154300000000325e-04	-2.491495900000000093e-11	5.485603381357572611e-04
-5.725321900000000536e-04	-2.498748599999999869e-11	5.528204633298394299e-04
-5.742489199999999778e-04	-2.507427399999999902e-11	5.542930104464535712e-04
-5.759656400000000504e-04	-2.516626299999999996e-11	5.561720333352527038e-04
-5.776824100000000316e-04	-2.527182799999999901e-11	5.525847909677969634e-04
-5.793991299999999957e-04	-2.533829400000000056e-11	5.466772730019352645e-04
-5.811158600000000283e-04	-2.539025400000000027e-11	5.499867648769310273e-04
-5.828326200000000495e-04	-2.546135499999999880e-11	5.528510796509156743e-04
-5.845493499999999737e-04	-2.550617700000000097e-11	5.498155806340205122e-04
-5.862660699999999378e-04	-2.553801600000000159e-11	5.492275441783803138e-04
-5.879828299999999590e-04	-2.565506299999999844e-11	5.505679590050489456e-04
-5.896995599999999916e-04	-2.581820300000000091e-11	5.437361027475012213e-04
-5.914162800000000641e-04	-2.583492800000000093e-11	5.459876300706339612e-04
-5.931330499999999369e-04	-2.585711500000000033e-11	5.469673603223735919e-04
-5.948497700000000095e-04	-2.594614100000000012e-11	5.493254535519747619e-04
-5.965664999999999336e-04	-2.600978299999999998e-11	5.490573973630793287e-04
-5.982832600000000632e-04	-2.605454700000000098e-11	5.409097169945624711e-04
-5.999999899999999874e-04	-2.623031000000000074e-11	5.433347494075587130e-04
-6.081632499999999747e-04	-2.660780300000000070e-11	5.495677147195436856e-04
-6.163265200000000305e-04	-2.682111300000000032e-11	5.435835662834096393e-04
-6.244897800000000177e-04	-2.704532999999999862e-11	5.444893951180567598e-04
-6.326530900000000221e-04	-2.757556300000000101e-11	5.445974059072250040e-04
-6.408163200000000208e-04	-2.789650299999999944e-11	5.491233451827104255e-04
-6.489795399999999511e-04	-2.822354800000000009e-11	5.412744970495657944e-04
-6.571428499999999555e-04	-2.867990599999999882e-11	5.413547941784918171e-04
-6.653061499999999998e-04	-2.895677999999999852e-11	5.446802356115541073e-04
-6.734693799999999985e-04	-2.924773299999999912e-11	5.439175701586429447e-04
-6.816326099999999973e-04	-2.964059199999999976e-11	5.407459477475880108e-04
-6.897959100000000416e-04	-2.995264099999999683e-11	5.409914766682314682e-04
-6.979592099999999775e-04	-3.027235100000000254e-11	5.484291946275227743e-04
-7.061224400000000847e-04	-3.060310000000000235e-11	5.401186107472793780e-04
-7.142856699999999750e-04	-3.103881000000000151e-11	5.425630369636779164e-04
-7.224489700000000193e-04	-3.139839099999999802e-11	5.402933475775159892e-04
-7.306122800000000236e-04	-3.174812100000000121e-11	5.446994947318873443e-04
-7.387755100000000224e-04	-3.205385300000000292e-11	5.357349183246565023e-04
-7.469387399999999127e-04	-3.245358500000000322e-11	5.423813024599897625e-04
-7.551020399999999570e-04	-3.260948499999999774e-11	5.446488701377398631e-04
-7.632653400000000013e-04	-3.291137200000000292e-11	5.372017849132331054e-04
-7.714285700000000001e-04	-3.341468400000000024e-11	5.319656969363308237e-04
-7.795917999999999988e-04	-3.378819800000000062e-11	5.432636719498700872e-04
-7.877551000000000431e-04	-3.405286099999999852e-11	5.454695077702230357e-04
-7.959184099999999391e-04	-3.434289699999999969e-11	5.444816560362647885e-04
-8.040816300000000862e-04	-3.468668399999999724e-11	5.431305313514742800e-04
-8.122448599999999765e-04	-3.496767800000000036e-11	5.400498091225036093e-04
-8.204081699999999809e-04	-3.537869999999999747e-11	5.422392647963125050e-04
-8.285714700000000252e-04	-3.569707400000000098e-11	5.442829101621006254e-04
-8.367347000000000239e-04	-3.596125499999999852e-11	5.430927413131224433e-04
-8.448979299999999143e-04	-3.625685499999999980e-11	5.346324985743603452e-04
-8.530612299999999586e-04	-3.667228999999999822e-11	5.369801255451166731e-04
-8.612245300000000029e-04	-3.721250399999999788e-11	5.373878533788927891e-04
-8.693877600000000016e-04	-3.755704100000000187e-11	5.488128199935334451e-04
-8.775509900000000004e-04	-3.783478400000000238e-11	5.410612929295779625e-04
-8.857142899999999363e-04	-3.802686300000000193e-11	5.444379648739421833e-04
-8.938775999999999406e-04	-3.842659200000000049e-11	5.371399923671843664e-04
-9.020408200000000877e-04	-3.897188100000000233e-11	5.361035799767254048e-04
-9.102040499999999781e-04	-3.931073200000000040e-11	5.406105174316083728e-04
-9.183673599999999824e-04	-3.959255799999999912e-11	5.419554240976411173e-04
-9.265306600000000267e-04	-3.983742800000000311e-11	5.430206019084700755e-04
-9.346938900000000255e-04	-4.025878600000000209e-11	5.359073069114777491e-04
-9.428571199999999158e-04	-4.059830200000000276e-11	5.412809222591320139e-04
-9.510204199999999601e-04	-4.096715299999999969e-11	5.320522085623297136e-04
-9.591837200000000044e-04	-4.128245299999999937e-11	5.395022417566772577e-04
-9.673469500000000032e-04	-4.155859299999999863e-11	5.362931165377512067e-04
-9.755101800000000019e-04	-4.189486299999999958e-11	5.327716571782180116e-04
-9.836734799999998294e-04	-4.229909800000000144e-11	5.321710535966436275e-04
-9.918367899999999421e-04	-4.265926500000000018e-11	5.274698290927115054e-04
-1.000000000000000021e-03	-4.297284400000000159e-11	5.423219996547716266e-04
