# [DATA]
1.000000000000000021e-03	4.260378500000000091e-11	5.497646652737397466e-04
9.918367899999999421e-04	4.213937200000000197e-11	5.407445613384942538e-04
9.836734799999998294e-04	4.176411000000000065e-11	5.490108783246169799e-04
9.755101800000000019e-04	4.156041100000000120e-11	5.462323674436448577e-04
9.673469500000000032e-04	4.114421000000000003e-11	5.517112204193650284e-04
9.591837200000000044e-04	4.098630100000000255e-11	5.566282929404892327e-04
9.510204199999999601e-04	4.061672900000000300e-11	5.521409044217040962e-04
9.428571199999999158e-04	4.027966200000000080e-11	5.478143063830092242e-04
9.346938900000000255e-04	4.001504300000000245e-11	5.486125162431699284e-04
9.265306600000000267e-04	3.972655200000000135e-11	5.450823264864344689e-04
9.183673599999999824e-04	3.945281299999999869e-11	5.456828998514879443e-04
9.102040499999999781e-04	3.913155599999999822e-11	5.528017031294286043e-04
9.020408200000000877e-04	3.867316900000000113e-11	5.553609762067903939e-04
8.938775999999999406e-04	3.843147999999999812e-11	5.578573040876575427e-04
8.857142899999999363e-04	3.808310300000000048e-11	5.553952273890204591e-04
8.775509900000000004e-04	3.772971499999999884e-11	5.556868584818085415e-04
8.693877600000000016e-04	3.734912399999999735e-11	5.531064584608123228e-04
8.612245300000000029e-04	3.690531600000000224e-11	5.542669445067073108e-04
8.530612299999999586e-04	3.662579300000000172e-11	5.494682174975026520e-04
8.448979299999999143e-04	3.638933900000000277e-11	5.514293748272503827e-04
8.367347000000000239e-04	3.608059999999999714e-11	5.575559060177378819e-04
8.285714700000000252e-04	3.575267199999999728e-11	5.622167094620488274e-04
8.204081699999999809e-04	3.539583899999999736e-11	5.626355887930673851e-04
8.122448599999999765e-04	3.491579599999999720e-11	5.588842562860912508e-04
8.040816300000000862e-04	3.467493999999999684e-11	5.678287645378041985e-04
7.959184099999999391e-04	3.444414899999999700e-11	5.626555126819234032e-04
7.877551000000000431e-04	3.408715299999999992e-11	5.598652242017633767e-04
7.795917999999999988e-04	3.370899700000000175e-11	5.624473968421485424e-04
7.714285700000000001e-04	3.344535399999999813e-11	5.591080782418724002e-04
7.632653400000000013e-04	3.303839099999999830e-11	5.658870961444782818e-04
7.551020399999999570e-04	3.259685899999999872e-11	5.616688371497905461e-04
7.469387399999999127e-04	3.217559899999999815e-11	5.559107314646761101e-04
7.387755100000000224e-04	3.193426800000000147e-11	5.610447575330698190e-04
7.306122800000000236e-04	3.152991400000000200e-11	5.652292054301889107e-04
7.224489700000000193e-04	3.120484399999999761e-11	5.630601209761482541e-04
7.142856699999999750e-04	3.091899699999999769e-11	5.645717718727318946e-04
7.061224400000000847e-04	3.067220799999999745e-11	5.650838543828499202e-04
6.979592099999999775e-04	3.028447300000000143e-11	5.617085416403834333e-04
6.897959100000000416e-04	2.991330799999999995e-11	5.642738985566794849e-04
6.816326099999999973e-04	2.958688200000000120e-11	5.621724785949196602e-04
6.734693799999999985e-04	2.928186900000000095e-11	5.670729725572602655e-04
6.653061499999999998e-04	2.894011199999999910e-11	5.679310705800880328e-04
6.571428499999999555e-04	2.862238699999999865e-11	5.644230503507142527e-04
6.489795399999999511e-04	2.827065499999999976e-11	5.627345858503482240e-04
6.408163200000000208e-04	2.796342999999999892e-11	5.667285923148392785e-04
6.326530900000000221e-04	2.762095800000000114e-11	5.616279980054132096e-04
6.244897800000000177e-04	2.728180499999999999e-11	5.599179578456629737e-04
6.163265200000000305e-04	2.695178799999999946e-11	5.708606223078889963e-04
6.081632499999999747e-04	2.653620399999999904e-11	5.637284364381243496e-04
5.999999899999999874e-04	2.620895500000000018e-11	5.614009962770319948e-04
5.982832600000000632e-04	2.618195900000000028e-11	5.713901981139231237e-04
5.965664999999999336e-04	2.609785500000000159e-11	5.695576601590773011e-04
5.948497700000000095e-04	2.602062499999999991e-11	5.675100054034999328e-04
5.931330499999999369e-04	2.595569800000000143e-11	5.690063267883183496e-04
5.914162800000000641e-04	2.587348599999999956e-11	5.663528318524027171e-04
5.896995599999999916e-04	2.585090499999999889e-11	5.662876800473384906e-04
5.879828299999999590e-04	2.574051399999999922e-11	5.689158719436175930e-04
5.862660699999999378e-04	2.569411500000000113e-11	5.732407798967293711e-04
5.845493499999999737e-04	2.557890400000000109e-11	5.725879583915019543e-04
5.828326200000000495e-04	2.550129600000000092e-11	5.645055070089521594e-04
5.811158600000000283e-04	2.552901799999999986e-11	5.624574443873046631e-04
5.793991299999999957e-04	2.549436500000000009e-11	5.654953115810194006e-04
5.776824100000000316e-04	2.534772399999999964e-11	5.661173251903760251e-04
5.759656400000000504e-04	2.523204600000000143e-11	5.725350038189101331e-04
5.742489199999999778e-04	2.512003299999999925e-11	5.677428797151673435e-04
5.725321900000000536e-04	2.507350099999999870e-11	5.659344432563304366e-04
5.708154300000000325e-04	2.501331799999999873e-11	5.653252894078969384e-04
5.690986999999999999e-04	2.495093499999999864e-11	5.776423246324304851e-04
5.673819799999999273e-04	2.487378199999999940e-11	5.749085466793482256e-04
5.656652200000000146e-04	2.477760400000000045e-11	5.671069040938676430e-04
5.639484899999999820e-04	2.472043900000000107e-11	5.691201741508318838e-04
5.622317599999999494e-04	2.462895899999999993e-11	5.628912572306099017e-04
5.605149999999999282e-04	2.456072300000000090e-11	5.674040707566836922e-04
5.587982799999999641e-04	2.455195600000000004e-11	5.688815367263360409e-04
5.570815500000000399e-04	2.440555599999999977e-11	5.722716356086020566e-04
5.553647900000000187e-04	2.438662300000000147e-11	5.717278155592346849e-04
5.536480599999999861e-04	2.431201900000000027e-11	5.664962394218129877e-04
5.519313400000000220e-04	2.429162400000000135e-11	5.662796024478981448e-04
5.502145700000000408e-04	2.418251400000000122e-11	5.680287280134063308e-04
5.484978499999999682e-04	2.407374299999999968e-11	5.667183682299684533e-04
5.467810900000000555e-04	2.401979800000000117e-11	5.721140891125338444e-04
5.450643600000000229e-04	2.396177699999999878e-11	5.717300415635842830e-04
5.433476299999999903e-04	2.389624399999999945e-11	5.600923495023100041e-04
5.416308699999999691e-04	2.382338899999999976e-11	5.694609987735799400e-04
5.399141500000000050e-04	2.374880000000000075e-11	5.706878045837407301e-04
5.381974199999999724e-04	2.365066600000000035e-11	5.655706630265754228e-04
5.364806600000000597e-04	2.356819899999999991e-11	5.742811111649769084e-04
5.347639299999999186e-04	2.345130299999999976e-11	5.628387514087904078e-04
5.330472099999999545e-04	2.320758900000000070e-11	5.692165294932788593e-04
5.313304399999999733e-04	2.335294800000000103e-11	5.728017257473244942e-04
5.296137200000000092e-04	2.323286999999999933e-11	5.697979152338166105e-04
5.278969899999999766e-04	2.324662199999999889e-11	5.716023349841105935e-04
5.261802299999999554e-04	2.316578900000000143e-11	5.641326104179761065e-04
5.244635000000000312e-04	2.313617700000000036e-11	5.705894672579671627e-04
5.227467799999999587e-04	2.305718300000000144e-11	5.790828778650653321e-04
5.210300200000000459e-04	2.296861099999999877e-11	5.600208323762852431e-04
5.193132900000000133e-04	2.290783399999999841e-11	5.713308247413690505e-04
5.175965700000000492e-04	2.287472599999999871e-11	5.570977750146001266e-04
5.158797999999999596e-04	2.268632300000000154e-11	5.698186363585886925e-04
5.141630799999999954e-04	2.253071299999999994e-11	5.771687908899273073e-04
5.124463499999999628e-04	2.254193700000000066e-11	5.766148113386255483e-04
5.107295900000000501e-04	2.245527699999999990e-11	5.697160392930450054e-04
5.090128600000000175e-04	2.242310299999999976e-11	5.680703935207995518e-04
5.072961399999999449e-04	2.237852100000000042e-11	5.639676524282580825e-04
5.055793699999999637e-04	2.231296899999999982e-11	5.701297981555066962e-04
5.038626499999999996e-04	2.224234200000000026e-11	5.763924937614286689e-04
5.021459200000000754e-04	2.212114499999999884e-11	5.692378282030092097e-04
5.004291599999999458e-04	2.206796700000000041e-11	5.735184360519694552e-04
4.987124399999999817e-04	2.200147700000000117e-11	5.610797240097276312e-04
4.969957099999999491e-04	2.197309300000000136e-11	5.689176753765339423e-04
4.952789500000000364e-04	2.189033500000000095e-11	5.718572711467170009e-04
4.935622200000000038e-04	2.184123900000000017e-11	5.737716489562667008e-04
4.918455000000000396e-04	2.175691600000000108e-11	5.710529777276992115e-04
4.901287299999999500e-04	2.169377499999999962e-11	5.649909490949290821e-04
4.884120099999999859e-04	2.159605999999999876e-11	5.755289415707559976e-04
4.866952799999999532e-04	2.150661800000000117e-11	5.694170680617004947e-04
4.849785199999999863e-04	2.142884999999999911e-11	5.719153248179172349e-04
4.832617899999999537e-04	2.142292100000000155e-11	5.753228081528912515e-04
4.815450699999999896e-04	2.137984599999999973e-11	5.704158179009193074e-04
4.798283099999999684e-04	2.127291699999999846e-11	5.714859727675984007e-04
4.781115799999999900e-04	2.118122199999999923e-11	5.691654745582371651e-04
4.763948500000000116e-04	2.110465099999999992e-11	5.697348723617799444e-04
4.746780899999999905e-04	2.103401499999999840e-11	5.681836257406081914e-04
4.729613700000000263e-04	2.094400300000000135e-11	5.773367969853372261e-04
4.712446399999999937e-04	2.087693000000000160e-11	5.630454154502511060e-04
4.695278800000000268e-04	2.081068300000000046e-11	5.695243222520162676e-04
4.678111499999999942e-04	2.074197199999999865e-11	5.690214937243615913e-04
4.660944300000000300e-04	2.064863699999999943e-11	5.713998955705261538e-04
4.643776599999999946e-04	2.052035800000000048e-11	5.766704860309411268e-04
4.626609400000000305e-04	2.045097599999999907e-11	5.747493787256099506e-04
4.609442099999999437e-04	2.032766099999999961e-11	5.714918804528459732e-04
4.592274500000000309e-04	2.031030600000000104e-11	5.729324265721619886e-04
4.575107199999999441e-04	2.026070499999999955e-11	5.623629400360640254e-04
4.557939999999999800e-04	2.018249500000000083e-11	5.686255114143195415e-04
4.540772399999999588e-04	1.998811500000000101e-11	5.705092914935689426e-04
4.523605099999999804e-04	1.995905900000000101e-11	5.758350373818778853e-04
4.506437900000000163e-04	1.994564800000000120e-11	5.672817857649095109e-04
4.489270199999999809e-04	1.988081099999999975e-11	5.759245740811066647e-04
4.472103000000000167e-04	1.988048099999999989e-11	5.739576731366497668e-04
4.454935299999999813e-04	1.982065700000000037e-11	5.712498702425323517e-04
4.437768100000000172e-04	1.967112800000000007e-11	5.741842332660403170e-04
4.420600799999999846e-04	1.961624299999999853e-11	5.710735987348750054e-04
4.403433200000000177e-04	1.953154800000000118e-11	5.735766038524127463e-04
4.386265899999999851e-04	1.950002800000000052e-11	5.698624174821206780e-04
4.369098700000000209e-04	1.943914500000000037e-11	5.749515596023034927e-04
4.351931099999999998e-04	1.936756799999999848e-11	5.682161645839076689e-04
4.334763800000000214e-04	1.926208699999999945e-11	5.766505620013019986e-04
4.317596600000000572e-04	1.926033100000000036e-11	5.642420659224775016e-04
4.300428900000000218e-04	1.916464599999999843e-11	5.673623924007747087e-04
4.283261700000000577e-04	1.903033500000000062e-11	5.715582459745522552e-04
4.266094399999999709e-04	1.899742700000000005e-11	5.771721688327387332e-04
4.248926799999999497e-04	1.899548899999999930e-11	5.760956486258095224e-04
4.231759499999999713e-04	1.893164300000000122e-11	5.618011819326614378e-04
4.214592300000000072e-04	1.882013299999999860e-11	5.762857220112054370e-04
4.197424699999999860e-04	1.868269800000000041e-11	5.654924294151349737e-04
4.180257400000000076e-04	1.841438499999999899e-11	5.613836166446084649e-04
4.163090099999999750e-04	1.840891199999999970e-11	5.743675115272270414e-04
4.145922500000000081e-04	1.842568500000000157e-11	5.678729338766591367e-04
4.128755299999999897e-04	1.836830899999999994e-11	5.696125566380453838e-04
4.111588000000000113e-04	1.833210299999999871e-11	5.674685849240993993e-04
4.094420399999999902e-04	1.826289500000000081e-11	5.719203263834895298e-04
4.077253100000000118e-04	1.818121999999999874e-11	5.648888351278558021e-04
4.060085900000000476e-04	1.807419299999999906e-11	5.686124253752369026e-04
4.042918200000000122e-04	1.803887600000000049e-11	5.681777999278213613e-04
4.025751000000000481e-04	1.795563999999999881e-11	5.656613835186212295e-04
4.008583700000000155e-04	1.790675100000000119e-11	5.696027315340137023e-04
3.991416099999999401e-04	1.782020400000000104e-11	5.668983523047804339e-04
3.974248800000000159e-04	1.771816699999999970e-11	5.744868781794614703e-04
3.957081599999999976e-04	1.764904700000000090e-11	5.668905548203885406e-04
3.939913999999999764e-04	1.751925299999999981e-11	5.724674021672464513e-04
3.922746699999999980e-04	1.744444299999999924e-11	5.757846991539937887e-04
3.905579399999999654e-04	1.738302899999999952e-11	5.664330187398066655e-04
3.888411799999999985e-04	1.735564599999999917e-11	5.794825044490769985e-04
3.871244599999999801e-04	1.729936899999999864e-11	5.680281705145697390e-04
3.854077300000000018e-04	1.723038600000000138e-11	5.741986100722943796e-04
3.836909699999999806e-04	1.717490900000000060e-11	5.673426405320376514e-04
3.819742400000000022e-04	1.711492399999999861e-11	5.746801658948518313e-04
3.802575200000000381e-04	1.700776999999999994e-11	5.715573743204999330e-04
3.785407500000000027e-04	1.691690900000000069e-11	5.752444154734690342e-04
3.768240300000000385e-04	1.687382500000000015e-11	5.704599843685537316e-04
3.751073000000000059e-04	1.683105000000000026e-11	5.681274045417699595e-04
3.733905400000000390e-04	1.667434399999999929e-11	5.778996412106096646e-04
3.716738100000000064e-04	1.661407099999999907e-11	5.739857011595619982e-04
3.699570900000000422e-04	1.655689999999999946e-11	5.783978552990772480e-04
3.682403299999999669e-04	1.651253999999999903e-11	5.807568881833043367e-04
3.665236000000000427e-04	1.644786600000000120e-11	5.761456364288357595e-04
3.648068799999999701e-04	1.638218199999999871e-11	5.702477655329361590e-04
3.630901100000000431e-04	1.628986200000000057e-11	5.773077819084226599e-04
3.613733899999999706e-04	1.622178299999999847e-11	5.736579558874854712e-04
3.596566599999999922e-04	1.613529799999999856e-11	5.751038449296046748e-04
3.579398999999999710e-04	1.604034100000000006e-11	5.758441589383836651e-04
3.562231699999999926e-04	1.594344100000000115e-11	5.758912551950526228e-04
3.545064500000000285e-04	1.591419500000000134e-11	5.683666621231872780e-04
3.527896900000000073e-04	1.586623899999999948e-11	5.704638782160363544e-04
3.510729600000000289e-04	1.577663200000000034e-11	5.739989000244900916e-04
3.493562000000000078e-04	1.572867900000000021e-11	5.735095719403719488e-04
3.476394700000000294e-04	1.565677399999999962e-11	5.733956666964594136e-04
3.459227500000000110e-04	1.558665300000000136e-11	5.758973534317770281e-04
3.442059799999999756e-04	1.548762499999999864e-11	5.824460215764459521e-04
3.424892600000000115e-04	1.541467499999999904e-11	5.799468022083828587e-04
3.407725300000000331e-04	1.534802500000000114e-11	5.732408485186561969e-04
3.390557700000000120e-04	1.527329300000000036e-11	5.798495870177748949e-04
3.373390400000000336e-04	1.519816700000000155e-11	5.730029463625850583e-04
3.356223199999999610e-04	1.513645599999999841e-11	5.812846260045079422e-04
3.339055599999999941e-04	1.508122299999999954e-11	5.761855012522304779e-04
3.321888299999999614e-04	1.500658300000000018e-11	5.824549952914674514e-04
3.304720999999999831e-04	1.491624700000000027e-11	5.643612765814644229e-04
3.287553399999999619e-04	1.484902300000000059e-11	5.741022621939442360e-04
3.270386199999999978e-04	1.479859299999999876e-11	5.852186204981031821e-04
3.253218900000000194e-04	1.473337399999999974e-11	5.772132196813313174e-04
3.236051299999999982e-04	1.464590100000000141e-11	5.726519100833520797e-04
3.218884000000000198e-04	1.457311899999999862e-11	5.780625046124295962e-04
3.201716800000000015e-04	1.452266599999999966e-11	5.776556828225455197e-04
3.184549099999999661e-04	1.444958899999999945e-11	5.744025651555096377e-04
3.167381900000000019e-04	1.433550399999999994e-11	5.836879802800278840e-04
3.150214600000000235e-04	1.426092099999999955e-11	5.741237931569188923e-04
3.133047000000000024e-04	1.420003100000000020e-11	5.764898091379195514e-04
3.115879699999999698e-04	1.409527499999999963e-11	5.825769781709481173e-04
3.098712299999999771e-04	1.401584799999999955e-11	5.791081399760128218e-04
3.081544999999999987e-04	1.392583800000000042e-11	5.753800895721929891e-04
3.064377600000000061e-04	1.387526800000000016e-11	5.861577706309467704e-04
3.047210200000000134e-04	1.378386300000000031e-11	5.799460263161219367e-04
3.030042899999999808e-04	1.372966799999999965e-11	5.767209027879739019e-04
3.012875499999999882e-04	1.367055500000000021e-11	5.796976651282105411e-04
2.995707999999999813e-04	1.358383699999999989e-11	5.768429071860712090e-04
2.978540800000000171e-04	1.350793500000000064e-11	5.835888116687976135e-04
2.961373300000000102e-04	1.341802900000000016e-11	5.751875488532949597e-04
2.944205900000000176e-04	1.337821699999999980e-11	5.798195001602650649e-04
2.927038599999999850e-04	1.329426099999999931e-11	5.789009093293782113e-04
2.909871199999999923e-04	1.323071000000000028e-11	5.805497542315567411e-04
2.892703699999999854e-04	1.316726199999999931e-11	5.777939537611133294e-04
2.875536500000000213e-04	1.309791599999999930e-11	5.849998258151631065e-04
2.858369100000000287e-04	1.302902800000000033e-11	5.742729328459181531e-04
2.841201599999999675e-04	1.294101599999999943e-11	5.797933259479579656e-04
2.824034400000000034e-04	1.287273300000000074e-11	5.767927672106053921e-04
2.806866899999999965e-04	1.279009399999999956e-11	5.814085038058141794e-04
2.789699500000000039e-04	1.269907300000000005e-11	5.874091668039045644e-04
2.772532200000000255e-04	1.263139399999999944e-11	5.887309468858646210e-04
2.755364799999999786e-04	1.257381699999999972e-11	5.768829542990964749e-04
2.738197300000000259e-04	1.248508800000000012e-11	5.799170767824141917e-04
2.721029899999999791e-04	1.244539700000000015e-11	5.786295731155643302e-04
2.703862600000000007e-04	1.237807299999999929e-11	5.859567420354410121e-04
2.686695200000000080e-04	1.228226099999999998e-11	5.862439228310529658e-04
2.669527800000000154e-04	1.221108699999999971e-11	5.880668849693931671e-04
2.652360499999999828e-04	1.213207500000000008e-11	5.799757146166564748e-04
2.635193099999999901e-04	1.208450400000000075e-11	5.819490959630501227e-04
2.618025599999999832e-04	1.198529999999999983e-11	5.818201522483621747e-04
2.600858400000000191e-04	1.192083100000000079e-11	5.781190158979362731e-04
2.583690900000000122e-04	1.187200899999999984e-11	5.799460239269963640e-04
2.566523500000000195e-04	1.178482899999999940e-11	5.888131949020748278e-04
2.549356199999999869e-04	1.170209399999999935e-11	5.827085657031245676e-04
2.532188799999999943e-04	1.159564299999999936e-11	5.783073679261767396e-04
2.515021299999999874e-04	1.152531700000000070e-11	5.861794215306651229e-04
2.497854100000000232e-04	1.145668899999999995e-11	5.830988722412434183e-04
2.480686600000000163e-04	1.137490900000000028e-11	5.829826068923222139e-04
2.463519200000000237e-04	1.130086700000000038e-11	5.840384190331095833e-04
2.446351899999999911e-04	1.119936299999999976e-11	5.845508723904569446e-04
2.429184499999999984e-04	1.111118399999999940e-11	5.802716406663080244e-04
2.412017100000000058e-04	1.103938200000000011e-11	5.787250749150832374e-04
2.394849799999999732e-04	1.095469599999999987e-11	5.834342261839928385e-04
2.377682399999999805e-04	1.089214499999999973e-11	5.820520897541450918e-04
2.360514900000000007e-04	1.085138300000000027e-11	5.890371883754831183e-04
2.343347700000000095e-04	1.077165200000000080e-11	5.840585914829695205e-04
2.326180200000000026e-04	1.066982400000000056e-11	5.812546714791096353e-04
2.309012800000000100e-04	1.061366999999999995e-11	5.900990005272241682e-04
2.291845500000000045e-04	1.054230299999999973e-11	5.845958189877573140e-04
2.274678100000000118e-04	1.046659499999999939e-11	5.840595083473224067e-04
2.257510600000000049e-04	1.038057100000000064e-11	5.850850835028012986e-04
2.240343200000000123e-04	1.031799400000000003e-11	5.928036347101413609e-04
2.223175999999999939e-04	1.027259899999999990e-11	5.843455002294492290e-04
2.206008500000000141e-04	1.020400199999999928e-11	5.867930581780528201e-04
2.188841099999999944e-04	1.010073000000000072e-11	5.766388671549240157e-04
2.171673799999999889e-04	1.003416300000000065e-11	5.832505841790249250e-04
2.154506399999999962e-04	9.953131199999999905e-12	5.815606494015070245e-04
2.137338899999999893e-04	9.866929300000000246e-12	5.851320448023462212e-04
2.120171699999999710e-04	9.802292699999999769e-12	5.842697271104956187e-04
2.103004199999999912e-04	9.740264200000000747e-12	5.946434039383744537e-04
2.085836799999999985e-04	9.691222700000000728e-12	5.935087771977907945e-04
2.068669500000000201e-04	9.594122399999999283e-12	5.899588935319075543e-04
2.051502100000000004e-04	9.503880300000000264e-12	5.875592987671180096e-04
2.034334700000000077e-04	9.440385099999999519e-12	5.891357161723186769e-04
2.017167400000000022e-04	9.325408500000000694e-12	5.883239327814005935e-04
2.000000000000000096e-04	9.281029100000000375e-12	5.854990185981284213e-04
1.982832500000000027e-04	9.187158000000000262e-12	5.813044690853670562e-04
1.965665299999999843e-04	9.110121500000000422e-12	5.840028155211490074e-04
1.948497800000000045e-04	9.058602800000000196e-12	5.883595957677268144e-04
1.931330400000000119e-04	8.997323700000000799e-12	5.963110668335034432e-04
1.914163099999999793e-04	8.904333900000000520e-12	5.920763988043865151e-04
1.896995699999999866e-04	8.784192100000000762e-12	5.896698648922507223e-04
1.879828200000000068e-04	8.711604400000000276e-12	5.905406512748985612e-04
1.862660999999999885e-04	8.664799800000000688e-12	5.886857622367933562e-04
1.845493499999999816e-04	8.584496000000000139e-12	5.962846280788731837e-04
1.828326099999999889e-04	8.512937799999999411e-12	5.851469073407133438e-04
1.811158800000000106e-04	8.416605100000000018e-12	5.867086298449616889e-04
1.793991400000000179e-04	8.346663600000000361e-12	5.891924155244705101e-04
1.776823999999999982e-04	8.269807599999999704e-12	5.878652852411213282e-04
1.759656699999999927e-04	8.149467200000000008e-12	5.918179352729761606e-04
1.742489300000000000e-04	8.119623899999999515e-12	5.939020144262939201e-04
1.725321800000000202e-04	8.030586599999999668e-12	5.862281729661616286e-04
1.708154400000000005e-04	7.935338199999999356e-12	5.915279538770937436e-04
1.690987099999999950e-04	7.882692799999999808e-12	5.929612901365517502e-04
1.673819700000000023e-04	7.795162100000000482e-12	6.016475273941254091e-04
1.656652199999999954e-04	7.757631300000000280e-12	5.944703885108251198e-04
1.639484999999999771e-04	7.668703300000000520e-12	5.946117561303159013e-04
1.622317499999999973e-04	7.572022900000000746e-12	5.934205690184736091e-04
1.605150100000000046e-04	7.514529799999999370e-12	6.018864588540069182e-04
1.587982799999999991e-04	7.403207400000000030e-12	5.938127923235240503e-04
1.570815399999999794e-04	7.348487299999999979e-12	5.962054766819877612e-04
1.553648100000000010e-04	7.270064300000000284e-12	5.978658190507312592e-04
1.536480599999999941e-04	7.190664699999999864e-12	5.975697253158538703e-04
1.519313299999999886e-04	7.105529699999999742e-12	5.986618327766499463e-04
1.502145899999999959e-04	7.057843500000000147e-12	6.008492264215290748e-04
1.484978500000000033e-04	6.945414700000000278e-12	5.914645409055924391e-04
1.467811100000000106e-04	6.895822499999999822e-12	5.937262605426950985e-04
1.450643800000000051e-04	6.777038100000000084e-12	5.989097747823207739e-04
1.433476299999999982e-04	6.704844600000000166e-12	5.927568620024304281e-04
1.416308999999999927e-04	6.640163199999999677e-12	6.010767192360520934e-04
1.399141600000000001e-04	6.565015000000000173e-12	6.039933307835419849e-04
1.381974200000000074e-04	6.505318900000000165e-12	6.004336131435071468e-04
1.364806900000000019e-04	6.417324599999999791e-12	6.008151172842242024e-04
1.347639399999999950e-04	6.319407700000000318e-12	6.043592979497553136e-04
1.330472099999999895e-04	6.252447300000000138e-12	6.017209025181427182e-04
1.313304699999999969e-04	6.157345000000000154e-12	6.049026165910341337e-04
1.296137300000000043e-04	6.093662899999999763e-12	5.995182140282697726e-04
1.278969900000000116e-04	6.024644299999999720e-12	6.017660816174722187e-04
1.261802599999999790e-04	5.948200699999999636e-12	6.013087471728542372e-04
1.244635099999999992e-04	5.842540000000000266e-12	6.002420978787319922e-04
1.227467799999999937e-04	5.769608700000000148e-12	6.011547659332968328e-04
1.210300400000000011e-04	5.697897399999999898e-12	6.017689089234867436e-04
1.193133000000000084e-04	5.625211700000000193e-12	6.069313923460045420e-04
1.175965600000000022e-04	5.548338299999999992e-12	6.036041017764721137e-04
1.158798299999999967e-04	5.483912800000000208e-12	6.021691906057614809e-04
1.141630899999999905e-04	5.409382599999999601e-12	6.037810848580002498e-04
1.124463499999999979e-04	5.328220899999999802e-12	6.127478949738709123e-04
1.107296099999999917e-04	5.264707099999999629e-12	6.074994370575989393e-04
1.090128700000000126e-04	5.162227899999999905e-12	6.088683629649272507e-04
1.072961400000000071e-04	5.067462899999999955e-12	6.116692405518467943e-04
1.055793900000000002e-04	4.988343899999999957e-12	6.024551077397030142e-04
1.038626599999999947e-04	4.922096999999999681e-12	6.068546061103516744e-04
1.021459200000000020e-04	4.837767800000000239e-12	6.035988973450410501e-04
1.004291799999999958e-04	4.742451699999999620e-12	6.059069825653200366e-04
9.871244400000000075e-05	4.689252899999999692e-12	6.089008293455230305e-04
9.699570899999998812e-05	4.591200699999999662e-12	6.143516481378857690e-04
9.527896500000001146e-05	4.497617099999999916e-12	6.047505146298756424e-04
9.356222999999999883e-05	4.436394399999999957e-12	6.078221464920729707e-04
9.184549599999999577e-05	4.382448800000000288e-12	6.118119660268444291e-04
9.012875099999999599e-05	4.321331100000000358e-12	6.095557839603978068e-04
8.841201700000000648e-05	4.249687400000000357e-12	6.091995338887922721e-04
8.669527200000000670e-05	4.197038599999999653e-12	6.061847290089062562e-04
8.497853800000000363e-05	4.095020300000000227e-12	6.141070132000405824e-04
8.326180299999999101e-05	4.021331000000000367e-12	6.128175193550808439e-04
8.154505899999998724e-05	3.921496799999999972e-12	6.112116466601095338e-04
7.982832400000000172e-05	3.842945499999999723e-12	6.128415010127741648e-04
7.811158399999999552e-05	3.763163800000000065e-12	6.149666168537637001e-04
7.639484899999999645e-05	3.654897099999999645e-12	6.145962500131397707e-04
7.467810999999999980e-05	3.608071299999999936e-12	6.112173691013120681e-04
7.296137000000000716e-05	3.515860099999999982e-12	6.119465989334253557e-04
7.124463600000000409e-05	3.416899099999999996e-12	6.144961394256244405e-04
6.952789599999999789e-05	3.342657100000000160e-12	6.127388493027784286e-04
6.781115700000000125e-05	3.244483499999999925e-12	6.200004420115865118e-04
6.609441700000000860e-05	3.179073099999999875e-12	6.224754617273336055e-04
6.437768199999999597e-05	3.093672200000000143e-12	6.217066003788883962e-04
6.266094299999999933e-05	3.016034500000000198e-12	6.160717581442947842e-04
6.094420299999999991e-05	2.955102099999999798e-12	6.172313167618488335e-04
5.922746800000000083e-05	2.857015199999999933e-12	6.159773488366156007e-04
5.751072900000000419e-05	2.781203000000000019e-12	6.222167056966258986e-04
5.579398899999999799e-05	2.690602099999999865e-12	6.114624220502422021e-04
5.407725000000000135e-05	2.628773700000000031e-12	6.150470190496365105e-04
5.236051500000000228e-05	2.553659999999999844e-12	6.228109943771656864e-04
5.064377600000000563e-05	2.452682200000000064e-12	6.215755376641202276e-04
4.892703599999999943e-05	2.379945199999999826e-12	6.287725500338903857e-04
4.721030100000000036e-05	2.330620100000000077e-12	6.226392468118900712e-04
4.549356200000000372e-05	2.224701500000000060e-12	6.207004402591217648e-04
4.377682199999999752e-05	2.167449400000000076e-12	6.227213342990409401e-04
4.206008300000000087e-05	2.064499399999999995e-12	6.148935554728982922e-04
4.034334800000000180e-05	1.978243100000000033e-12	6.295603530890317911e-04
3.862660799999999560e-05	1.889579200000000055e-12	6.216332118426368732e-04
3.690987100000000452e-05	1.822468200000000181e-12	6.240707832009328255e-04
3.519313200000000110e-05	1.717865299999999942e-12	6.212988882255608648e-04
3.347639500000000324e-05	1.642845900000000069e-12	6.204503520797141625e-04
3.175965499999999704e-05	1.556839900000000001e-12	6.255779193234943828e-04
3.004291799999999919e-05	1.474982599999999927e-12	6.268230496722031848e-04
2.832618099999999794e-05	1.363663699999999983e-12	6.224210792391617368e-04
2.660944100000000190e-05	1.298334600000000012e-12	6.253044223158938731e-04
2.489270400000000066e-05	1.219080200000000006e-12	6.237839043254686088e-04
2.317596500000000063e-05	1.098950499999999963e-12	6.269567324948242554e-04
2.145922699999999999e-05	9.973690700000000490e-13	6.275986913650939084e-04
1.974248799999999996e-05	9.353162800000000104e-13	6.230745037610909386e-04
1.802575100000000210e-05	8.647451199999999959e-13	6.261962430442982079e-04
1.630901199999999868e-05	8.083379900000000381e-13	6.236647814726729334e-04
1.459227399999999974e-05	7.113043300000000240e-13	6.251764163148391213e-04
1.287553600000000079e-05	6.066812099999999673e-13	6.267653636438632247e-04
1.115879900000000124e-05	5.742875800000000263e-13	6.211819831825540891e-04
9.442059699999999698e-06	4.858541399999999814e-13	6.260078728491853296e-04
7.725321900000000632e-06	4.168059400000000172e-13	6.293840907859797303e-04
6.008583600000000176e-06	3.095720799999999917e-13	6.311633325587557219e-04
4.291845299999999720e-06	2.366919300000000177e-13	6.304813871953503365e-04
2.575107199999999989e-06	1.375341200000000111e-13	6.307145085271319632e-04
8.583690900000000104e-07	4.903039399999999883e-14	6.259296286573747502e-04
-8.583690900000000104e-07	-1.477259000000000049e-14	6.257166308521070006e-04
-2.575107199999999989e-06	-8.391975499999999727e-14	6.251800789315852544e-04
-4.291845299999999720e-06	-1.759507300000000049e-13	6.281664059814808443e-04
-6.008583600000000176e-06	-2.410909499999999785e-13	6.229929419493114660e-04
-7.725321900000000632e-06	-3.038952600000000179e-13	6.236214013603494540e-04
-9.442059699999999698e-06	-4.000726899999999885e-13	6.313705119288587006e-04
-1.115879900000000124e-05	-4.644190799999999679e-13	6.266361552451305212e-04
-1.287553600000000079e-05	-5.591939699999999928e-13	6.191826423791247421e-04
-1.459227399999999974e-05	-6.465835900000000302e-13	6.236422519427509397e-04
-1.630901199999999868e-05	-7.367231300000000449e-13	6.310419699235291250e-04
-1.802575100000000210e-05	-8.188317100000000133e-13	6.261081128438722703e-04
-1.974248799999999996e-05	-9.026818500000000044e-13	6.313325167186582777e-04
-2.145922699999999999e-05	-9.965624200000000910e-13	6.241621136136524944e-04
-2.317596500000000063e-05	-1.058165199999999979e-12	6.203886855882730393e-04
-2.489270400000000066e-05	-1.121476499999999982e-12	6.351725393335185292e-04
-2.660944100000000190e-05	-1.232868199999999947e-12	6.225921756697316281e-04
-2.832618099999999794e-05	-1.292935099999999940e-12	6.173121512402997583e-04
-3.004291799999999919e-05	-1.406082200000000061e-12	6.178094633181671234e-04
-3.175965499999999704e-05	-1.473580400000000097e-12	6.258645894647630898e-04
-3.347639500000000324e-05	-1.561211699999999940e-12	6.238564042422866697e-04
-3.519313200000000110e-05	-1.643118599999999969e-12	6.186376967343977214e-04
-3.690987100000000452e-05	-1.718597700000000053e-12	6.261878335325354742e-04
-3.862660799999999560e-05	-1.782117999999999940e-12	6.218181538720766489e-04
-4.034334800000000180e-05	-1.868484800000000076e-12	6.204353714097233076e-04
-4.206008300000000087e-05	-1.925910600000000164e-12	6.257179270860097672e-04
-4.377682199999999752e-05	-2.012532100000000110e-12	6.193311995273780013e-04
-4.549356200000000372e-05	-2.107279199999999824e-12	6.171341424723796824e-04
-4.721030100000000036e-05	-2.197677799999999923e-12	6.231905980714585970e-04
-4.892703599999999943e-05	-2.287620400000000130e-12	6.149844762683032845e-04
-5.064377600000000563e-05	-2.355291699999999925e-12	6.202741841864447192e-04
-5.236051500000000228e-05	-2.436652399999999894e-12	6.152641079720510284e-04
-5.407725000000000135e-05	-2.519273899999999856e-12	6.122244936194375054e-04
-5.579398899999999799e-05	-2.627630099999999838e-12	6.152043488249532436e-04
-5.751072900000000419e-05	-2.689836900000000005e-12	6.164557521661061116e-04
-5.922746800000000083e-05	-2.762384100000000134e-12	6.158986569132772785e-04
-6.094420299999999991e-05	-2.852340099999999999e-12	6.163256102627732904e-04
-6.266094299999999933e-05	-2.932725499999999992e-12	6.182768509747599110e-04
-6.437768199999999597e-05	-3.006123099999999890e-12	6.205579267044494937e-04
-6.609441700000000860e-05	-3.094635000000000172e-12	6.033988235480819418e-04
-6.781115700000000125e-05	-3.173274399999999983e-12	6.166682983873786198e-04
-6.952789599999999789e-05	-3.257383899999999828e-12	6.159782507181493566e-04
-7.124463600000000409e-05	-3.330839099999999856e-12	6.072948089254364855e-04
-7.296137000000000716e-05	-3.408119900000000166e-12	6.094818707531963684e-04
-7.467810999999999980e-05	-3.492538100000000094e-12	6.070380763900723930e-04
-7.639484899999999645e-05	-3.574881100000000040e-12	6.133159810165302907e-04
-7.811158399999999552e-05	-3.634563400000000160e-12	6.112148126092988671e-04
-7.982832400000000172e-05	-3.712357700000000032e-12	6.054923203225548401e-04
-8.154505899999998724e-05	-3.794022799999999621e-12	6.062055627245073594e-04
-8.326180299999999101e-05	-3.858312099999999945e-12	6.059006464324492728e-04
-8.497853800000000363e-05	-3.950366099999999626e-12	6.058891921671063097e-04
-8.669527200000000670e-05	-4.003707999999999766e-12	6.051964786126077817e-04
-8.841201700000000648e-05	-4.084381300000000357e-12	6.042968817560343334e-04
-9.012875099999999599e-05	-4.164280900000000220e-12	6.082938285625370334e-04
-9.184549599999999577e-05	-4.243424599999999936e-12	6.069028718383945396e-04
-9.356222999999999883e-05	-4.310153799999999938e-12	6.022020850604702016e-04
-9.527896500000001146e-05	-4.391447700000000120e-12	6.091774769431535083e-04
-9.699570899999998812e-05	-4.477464000000000075e-12	6.152255057577475910e-04
-9.871244400000000075e-05	-4.582271200000000311e-12	5.964455786709507018e-04
-1.004291799999999958e-04	-4.645752500000000302e-12	6.007328651480604853e-04
-1.021459200000000020e-04	-4.744244899999999989e-12	6.019456625759633849e-04
-1.038626599999999947e-04	-4.841578100000000170e-12	6.015659418371426502e-04
-1.055793900000000002e-04	-4.904138700000000202e-12	6.029751891360650515e-04
-1.072961400000000071e-04	-4.971845900000000121e-12	6.024952800953035969e-04
-1.090128700000000126e-04	-5.043286099999999779e-12	6.090586134307004367e-04
-1.107296099999999917e-04	-5.148909899999999659e-12	6.033776731917090764e-04
-1.124463499999999979e-04	-5.209527299999999973e-12	6.036534760113539252e-04
-1.141630899999999905e-04	-5.318679999999999709e-12	5.930603438954144954e-04
-1.158798299999999967e-04	-5.385025799999999723e-12	5.988381081021833209e-04
-1.175965600000000022e-04	-5.428306199999999745e-12	5.935331615079297895e-04
-1.193133000000000084e-04	-5.520350700000000404e-12	6.045326369582602975e-04
-1.210300400000000011e-04	-5.611299200000000074e-12	5.959398705605395375e-04
-1.227467799999999937e-04	-5.681496500000000377e-12	5.981165734150189085e-04
-1.244635099999999992e-04	-5.764150399999999656e-12	5.975021662056579329e-04
-1.261802599999999790e-04	-5.841080700000000391e-12	5.993792486436712265e-04
-1.278969900000000116e-04	-5.916711599999999852e-12	5.994565344399675972e-04
-1.296137300000000043e-04	-5.980027699999999799e-12	5.967143520565833551e-04
-1.313304699999999969e-04	-6.057508700000000163e-12	5.947993313705714127e-04
-1.330472099999999895e-04	-6.110362599999999710e-12	5.947714449375439633e-04
-1.347639399999999950e-04	-6.151174200000000336e-12	5.939649503022167943e-04
-1.364806900000000019e-04	-6.277541399999999927e-12	5.936491710879987158e-04
-1.381974200000000074e-04	-6.359360100000000134e-12	5.895725515777033377e-04
-1.399141600000000001e-04	-6.449313699999999825e-12	5.895045491113431188e-04
-1.416308999999999927e-04	-6.543811900000000049e-12	5.994578679283491624e-04
-1.433476299999999982e-04	-6.624157000000000205e-12	5.955551026664543304e-04
-1.450643800000000051e-04	-6.717878000000000105e-12	5.924066750510073543e-04
-1.467811100000000106e-04	-6.799926100000000259e-12	5.916370560382589947e-04
-1.484978500000000033e-04	-6.856792900000000369e-12	5.911276932167388882e-04
-1.502145899999999959e-04	-6.917888999999999948e-12	5.955691664318271987e-04
-1.519313299999999886e-04	-7.021195699999999952e-12	5.988797010367909786e-04
-1.536480599999999941e-04	-7.078295000000000183e-12	5.957875720933431506e-04
-1.553648100000000010e-04	-7.150384000000000362e-12	5.918007210001589554e-04
-1.570815399999999794e-04	-7.225151900000000052e-12	5.882612601742347744e-04
-1.587982799999999991e-04	-7.311482099999999457e-12	5.953414270509843013e-04
-1.605150100000000046e-04	-7.395884300000000651e-12	5.907746031085835473e-04
-1.622317499999999973e-04	-7.487427299999999385e-12	5.874503775942019942e-04
-1.639484999999999771e-04	-7.530090299999999241e-12	5.953027389552015269e-04
-1.656652199999999954e-04	-7.593793600000000561e-12	5.898865476658420081e-04
-1.673819700000000023e-04	-7.692100400000000544e-12	5.913782481533056724e-04
-1.690987099999999950e-04	-7.801426999999999692e-12	5.915497194000423828e-04
-1.708154400000000005e-04	-7.869586099999999560e-12	5.891677117558561088e-04
-1.725321800000000202e-04	-7.939111199999999566e-12	5.815274188459427151e-04
-1.742489300000000000e-04	-8.040465899999999621e-12	5.919078566735831151e-04
-1.759656699999999927e-04	-8.083645700000000540e-12	5.879201978902503243e-04
-1.776823999999999982e-04	-8.174371799999999458e-12	5.872206404497257561e-04
-1.793991400000000179e-04	-8.281078900000000264e-12	5.874818212386194753e-04
-1.811158800000000106e-04	-8.336687199999999285e-12	5.889627859963456492e-04
-1.828326099999999889e-04	-8.432516800000000677e-12	5.853914071836129919e-04
-1.845493499999999816e-04	-8.523413699999999641e-12	5.851854059166389536e-04
-1.862660999999999885e-04	-8.583888800000000206e-12	5.867049545938162781e-04
-1.879828200000000068e-04	-8.673516800000000155e-12	5.903384729260408156e-04
-1.896995699999999866e-04	-8.739705099999999722e-12	5.873668499913967935e-04
-1.914163099999999793e-04	-8.826144699999999272e-12	5.785963394143462529e-04
-1.931330400000000119e-04	-8.881433799999999823e-12	5.876608901796884742e-04
-1.948497800000000045e-04	-8.946845900000000450e-12	5.883458330185875867e-04
-1.965665299999999843e-04	-9.036111299999999494e-12	5.840422801485510617e-04
-1.982832500000000027e-04	-9.103084599999999850e-12	5.849908211173975676e-04
-2.000000000000000096e-04	-9.181336199999999961e-12	5.847371808336392909e-04
-2.017167400000000022e-04	-9.251701800000000482e-12	5.910403024190690954e-04
-2.034334700000000077e-04	-9.307675300000000294e-12	5.840880825838169234e-04
-2.051502100000000004e-04	-9.417203999999999785e-12	5.787513418156680712e-04
-2.068669500000000201e-04	-9.477682500000000697e-12	5.829486137521940493e-04
-2.085836799999999985e-04	-9.564653800000000217e-12	5.885021618549757900e-04
-2.103004199999999912e-04	-9.646294200000000088e-12	5.907130806830026854e-04
-2.120171699999999710e-04	-9.714448900000000648e-12	5.799560432768604635e-04
-2.137338899999999893e-04	-9.778330900000000113e-12	5.849045744397206401e-04
-2.154506399999999962e-04	-9.821084900000000801e-12	5.800773790752722803e-04
-2.171673799999999889e-04	-9.917282299999999637e-12	5.884177079638449248e-04
-2.188841099999999944e-04	-1.001404800000000018e-11	5.790520746735875563e-04
-2.206008500000000141e-04	-1.007038799999999992e-11	5.845227097764527525e-04
-2.223175999999999939e-04	-1.016847099999999996e-11	5.810194884336712228e-04
-2.240343200000000123e-04	-1.024658799999999992e-11	5.817464561968380739e-04
-2.257510600000000049e-04	-1.028633099999999922e-11	5.811784746012816803e-04
-2.274678100000000118e-04	-1.036445900000000068e-11	5.797736740685400332e-04
-2.291845500000000045e-04	-1.042338399999999985e-11	5.870298715447944300e-04
-2.309012800000000100e-04	-1.053095600000000071e-11	5.861517688759901442e-04
-2.326180200000000026e-04	-1.066222500000000024e-11	5.810000698258682055e-04
-2.343347700000000095e-04	-1.069238400000000042e-11	5.822587564585468382e-04
-2.360514900000000007e-04	-1.078898300000000005e-11	5.843471258448106271e-04
-2.377682399999999805e-04	-1.087858299999999999e-11	5.783387200728084187e-04
-2.394849799999999732e-04	-1.092130699999999952e-11	5.834663707264061035e-04
-2.412017100000000058e-04	-1.098882599999999985e-11	5.853565832709509446e-04
-2.429184499999999984e-04	-1.107033699999999934e-11	5.843206301909633672e-04
-2.446351899999999911e-04	-1.118368900000000061e-11	5.812377796999598344e-04
-2.463519200000000237e-04	-1.126629599999999948e-11	5.784664106814475359e-04
-2.480686600000000163e-04	-1.131313300000000000e-11	5.792985685534312321e-04
-2.497854100000000232e-04	-1.135527799999999971e-11	5.852525355473676017e-04
-2.515021299999999874e-04	-1.143122599999999966e-11	5.813444330556666534e-04
-2.532188799999999943e-04	-1.151814799999999980e-11	5.761680601497487378e-04
-2.549356199999999869e-04	-1.163118500000000018e-11	5.839370358956923190e-04
-2.566523500000000195e-04	-1.167071400000000035e-11	5.850204404839836041e-04
-2.583690900000000122e-04	-1.176969800000000028e-11	5.741533940014555831e-04
-2.600858400000000191e-04	-1.182614200000000028e-11	5.779859424638812866e-04
-2.618025599999999832e-04	-1.193152200000000078e-11	5.796810187455433885e-04
-2.635193099999999901e-04	-1.197152499999999992e-11	5.765370402525553167e-04
-2.652360499999999828e-04	-1.207924500000000060e-11	5.725262527836671132e-04
-2.669527800000000154e-04	-1.218479200000000057e-11	5.781585628302369009e-04
-2.686695200000000080e-04	-1.222459099999999989e-11	5.822596396872525056e-04
-2.703862600000000007e-04	-1.228179599999999974e-11	5.797021503746238591e-04
-2.721029899999999791e-04	-1.235898399999999980e-11	5.773483862772685153e-04
-2.738197300000000259e-04	-1.237853700000000057e-11	5.727455644310179214e-04
-2.755364799999999786e-04	-1.247058999999999967e-11	5.804495669205015631e-04
-2.772532200000000255e-04	-1.252925099999999992e-11	5.771688404049404907e-04
-2.789699500000000039e-04	-1.266900899999999978e-11	5.771099500434102815e-04
-2.806866899999999965e-04	-1.280601299999999959e-11	5.793794418953089565e-04
-2.824034400000000034e-04	-1.287348000000000060e-11	5.761955539374556332e-04
-2.841201599999999675e-04	-1.291046899999999984e-11	5.777516897828259557e-04
-2.858369100000000287e-04	-1.305078699999999985e-11	5.767727757764654463e-04
-2.875536500000000213e-04	-1.313308799999999979e-11	5.752243599185174550e-04
-2.892703699999999854e-04	-1.321050499999999956e-11	5.804314721699103344e-04
-2.909871199999999923e-04	-1.326919800000000051e-11	5.807413775756628625e-04
-2.927038599999999850e-04	-1.334839399999999972e-11	5.836280006709110161e-04
-2.944205900000000176e-04	-1.340958900000000065e-11	5.755672887467850815e-04
-2.961373300000000102e-04	-1.346013300000000044e-11	5.733834604540198653e-04
-2.978540800000000171e-04	-1.353465300000000001e-11	5.745998046072705321e-04
-2.995707999999999813e-04	-1.364361099999999963e-11	5.820383714921081256e-04
-3.012875499999999882e-04	-1.372789599999999941e-11	5.782494546419850558e-04
-3.030042899999999808e-04	-1.380024600000000000e-11	5.755370801178702261e-04
-3.047210200000000134e-04	-1.387380099999999988e-11	5.798578618052851498e-04
-3.064377600000000061e-04	-1.395130100000000072e-11	5.753188326490679769e-04
-3.081544999999999987e-04	-1.401602699999999948e-11	5.766374955737357637e-04
-3.098712299999999771e-04	-1.411032099999999977e-11	5.744457378838834774e-04
-3.115879699999999698e-04	-1.420330800000000005e-11	5.756224982792072006e-04
-3.133047000000000024e-04	-1.426890599999999974e-11	5.758567855517989810e-04
-3.150214600000000235e-04	-1.434659900000000051e-11	5.736526061737322107e-04
-3.167381900000000019e-04	-1.438234700000000069e-11	5.774059074634017505e-04
-3.184549099999999661e-04	-1.442720900000000010e-11	5.742806432132408455e-04
-3.201716800000000015e-04	-1.455181800000000014e-11	5.779056737275179790e-04
-3.218884000000000198e-04	-1.465123199999999950e-11	5.768753018068367060e-04
-3.236051299999999982e-04	-1.476717499999999882e-11	5.768289643287310585e-04
-3.253218900000000194e-04	-1.483691600000000067e-11	5.765519028561013129e-04
-3.270386199999999978e-04	-1.489318000000000016e-11	5.748820001533049701e-04
-3.287553399999999619e-04	-1.496060899999999862e-11	5.717445834021011577e-04
-3.304720999999999831e-04	-1.504047399999999951e-11	5.718203603642831295e-04
-3.321888299999999614e-04	-1.510299199999999999e-11	5.730760413503487635e-04
-3.339055599999999941e-04	-1.518892000000000148e-11	5.751348745636654511e-04
-3.356223199999999610e-04	-1.525718400000000051e-11	5.774387395526797261e-04
-3.373390400000000336e-04	-1.530394699999999871e-11	5.841974348544495994e-04
-3.390557700000000120e-04	-1.537305899999999935e-11	5.757009381231963747e-04
-3.407725300000000331e-04	-1.543567500000000147e-11	5.732742005558860536e-04
-3.424892600000000115e-04	-1.552296299999999964e-11	5.770812195914229665e-04
-3.442059799999999756e-04	-1.564223099999999904e-11	5.683954750855639559e-04
-3.459227500000000110e-04	-1.566604799999999912e-11	5.762380760790307378e-04
-3.476394700000000294e-04	-1.576161099999999848e-11	5.793480416055916222e-04
-3.493562000000000078e-04	-1.587241600000000126e-11	5.757466052183455186e-04
-3.510729600000000289e-04	-1.593959500000000081e-11	5.770541651099955760e-04
-3.527896900000000073e-04	-1.599728899999999860e-11	5.716703562901244992e-04
-3.545064500000000285e-04	-1.608997300000000007e-11	5.711387669724116937e-04
-3.562231699999999926e-04	-1.615769499999999964e-11	5.739364790168249462e-04
-3.579398999999999710e-04	-1.623446899999999982e-11	5.716391352529484691e-04
-3.596566599999999922e-04	-1.628863700000000105e-11	5.754609677456935541e-04
-3.613733899999999706e-04	-1.637069799999999976e-11	5.744434454209399344e-04
-3.630901100000000431e-04	-1.641578899999999889e-11	5.809652454120876972e-04
-3.648068799999999701e-04	-1.647354500000000016e-11	5.781702993311811818e-04
-3.665236000000000427e-04	-1.657706799999999982e-11	5.727281105882522016e-04
-3.682403299999999669e-04	-1.665259099999999839e-11	5.787230581295395478e-04
-3.699570900000000422e-04	-1.673564199999999991e-11	5.735931423562031688e-04
-3.716738100000000064e-04	-1.681809599999999931e-11	5.707953223795474542e-04
-3.733905400000000390e-04	-1.688293099999999960e-11	5.748048341893813567e-04
-3.751073000000000059e-04	-1.699073499999999869e-11	5.818633435819138512e-04
-3.768240300000000385e-04	-1.701822700000000057e-11	5.759755057991411235e-04
-3.785407500000000027e-04	-1.709356999999999862e-11	5.754498308263206229e-04
-3.802575200000000381e-04	-1.715332199999999859e-11	5.763928790118399937e-04
-3.819742400000000022e-04	-1.724622500000000046e-11	5.754544783448299833e-04
-3.836909699999999806e-04	-1.732378999999999842e-11	5.701394539398300584e-04
-3.854077300000000018e-04	-1.740952199999999986e-11	5.689721478123754578e-04
-3.871244599999999801e-04	-1.747106299999999858e-11	5.713398815121328465e-04
-3.888411799999999985e-04	-1.756870499999999930e-11	5.734460788636309286e-04
-3.905579399999999654e-04	-1.758699799999999974e-11	5.809625259815992841e-04
-3.922746699999999980e-04	-1.766728599999999924e-11	5.784104802166949817e-04
-3.939913999999999764e-04	-1.781133700000000061e-11	5.673540398969615511e-04
-3.957081599999999976e-04	-1.786818599999999852e-11	5.766740680093214834e-04
-3.974248800000000159e-04	-1.794252400000000127e-11	5.709391402952856054e-04
-3.991416099999999401e-04	-1.804299600000000068e-11	5.682318052837019053e-04
-4.008583700000000155e-04	-1.816095699999999846e-11	5.681613959639225360e-04
-4.025751000000000481e-04	-1.821668900000000104e-11	5.772870751004359653e-04
-4.042918200000000122e-04	-1.827518499999999974e-11	5.666670159240924220e-04
-4.060085900000000476e-04	-1.838856200000000091e-11	5.688539031731780883e-04
-4.077253100000000118e-04	-1.845636800000000051e-11	5.706687954516631751e-04
-4.094420399999999902e-04	-1.852220500000000084e-11	5.691183754892201966e-04
-4.111588000000000113e-04	-1.860791599999999985e-11	5.702300184294111212e-04
-4.128755299999999897e-04	-1.867695799999999886e-11	5.741092830313124186e-04
-4.145922500000000081e-04	-1.873721999999999920e-11	5.655863543141645714e-04
-4.163090099999999750e-04	-1.875026299999999983e-11	5.711828387415603028e-04
-4.180257400000000076e-04	-1.882932700000000039e-11	5.737227540353022218e-04
-4.197424699999999860e-04	-1.895715400000000015e-11	5.694487594979738034e-04
-4.214592300000000072e-04	-1.902302099999999841e-11	5.739059777444290283e-04
-4.231759499999999713e-04	-1.903501000000000130e-11	5.710564420846706447e-04
-4.248926799999999497e-04	-1.917079199999999847e-11	5.697069020030675170e-04
-4.266094399999999709e-04	-1.924947499999999881e-11	5.765118624802358137e-04
-4.283261700000000577e-04	-1.930793899999999843e-11	5.692917547465205794e-04
-4.300428900000000218e-04	-1.937914599999999999e-11	5.727333994388122875e-04
-4.317596600000000572e-04	-1.946005300000000139e-11	5.677437373900858430e-04
-4.334763800000000214e-04	-1.958601199999999880e-11	5.697502365593003042e-04
-4.351931099999999998e-04	-1.960685400000000050e-11	5.820432859093376248e-04
-4.369098700000000209e-04	-1.969773099999999928e-11	5.748744717446534983e-04
-4.386265899999999851e-04	-1.975182700000000095e-11	5.815792308517806538e-04
-4.403433200000000177e-04	-1.980356699999999968e-11	5.720455776773856115e-04
-4.420600799999999846e-04	-1.991739899999999854e-11	5.704899864371943850e-04
-4.437768100000000172e-04	-2.003769399999999950e-11	5.698899377797689509e-04
-4.454935299999999813e-04	-2.008535499999999909e-11	5.759404422044497526e-04
-4.472103000000000167e-04	-2.015349899999999993e-11	5.713926772929391745e-04
-4.489270199999999809e-04	-2.027500400000000144e-11	5.675230444505461160e-04
-4.506437900000000163e-04	-2.034188399999999964e-11	5.697979089691124687e-04
-4.523605099999999804e-04	-2.040397499999999920e-11	5.786968261785157544e-04
-4.540772399999999588e-04	-2.049298899999999852e-11	5.715363229490109422e-04
-4.557939999999999800e-04	-2.053970400000000131e-11	5.705482739233038933e-04
-4.575107199999999441e-04	-2.060123899999999980e-11	5.688228481492155425e-04
-4.592274500000000309e-04	-2.071835900000000001e-11	5.720228897434203718e-04
-4.609442099999999437e-04	-2.077460800000000053e-11	5.629115909035208075e-04
-4.626609400000000305e-04	-2.086000499999999922e-11	5.728157569561873573e-04
-4.643776599999999946e-04	-2.090450000000000004e-11	5.681450256591021649e-04
-4.660944300000000300e-04	-2.098153099999999993e-11	5.707497287591590911e-04
-4.678111499999999942e-04	-2.103733900000000114e-11	5.693846845487952890e-04
-4.695278800000000268e-04	-2.112361700000000111e-11	5.757624446383845501e-04
-4.712446399999999937e-04	-2.116670199999999900e-11	5.686090630160398453e-04
-4.729613700000000263e-04	-2.128354799999999937e-11	5.707444295835147931e-04
-4.746780899999999905e-04	-2.133050499999999969e-11	5.693737151931269145e-04
-4.763948500000000116e-04	-2.144202699999999955e-11	5.708073295751149188e-04
-4.781115799999999900e-04	-2.150882800000000061e-11	5.719216493702021162e-04
-4.798283099999999684e-04	-2.155647400000000123e-11	5.711697781165921617e-04
-4.815450699999999896e-04	-2.165415900000000093e-11	5.729406792487026128e-04
-4.832617899999999537e-04	-2.175548999999999861e-11	5.684389830673597160e-04
-4.849785199999999863e-04	-2.188013100000000097e-11	5.686251920733845526e-04
-4.866952799999999532e-04	-2.191833699999999997e-11	5.687049078232495796e-04
-4.884120099999999859e-04	-2.188424299999999977e-11	5.709071510187732797e-04
-4.901287299999999500e-04	-2.198281699999999890e-11	5.686164204969673024e-04
-4.918455000000000396e-04	-2.211895900000000032e-11	5.756037094116175012e-04
-4.935622200000000038e-04	-2.221568200000000046e-11	5.702109887175243336e-04
-4.952789500000000364e-04	-2.227867699999999841e-11	5.678451103923242782e-04
-4.969957099999999491e-04	-2.236576899999999975e-11	5.688156590970738693e-04
-4.987124399999999817e-04	-2.243310899999999854e-11	5.645243896879587183e-04
-5.004291599999999458e-04	-2.252889000000000095e-11	5.676854966195372248e-04
-5.021459200000000754e-04	-2.257478400000000156e-11	5.690272791831020366e-04
-5.038626499999999996e-04	-2.262476999999999913e-11	5.646009003927415478e-04
-5.055793699999999637e-04	-2.271858699999999870e-11	5.737291808684626040e-04
-5.072961399999999449e-04	-2.285824500000000061e-11	5.679016991849278329e-04
-5.090128600000000175e-04	-2.290575399999999970e-11	5.731628310370147014e-04
-5.107295900000000501e-04	-2.295616000000000060e-11	5.663853836457070868e-04
-5.124463499999999628e-04	-2.303957900000000130e-11	5.631167776921527620e-04
-5.141630799999999954e-04	-2.311264000000000036e-11	5.726068230304441706e-04
-5.158797999999999596e-04	-2.316938100000000055e-11	5.701503106972042462e-04
-5.175965700000000492e-04	-2.321769700000000020e-11	5.775366419154696939e-04
-5.193132900000000133e-04	-2.337192200000000038e-11	5.696761440514403439e-04
-5.210300200000000459e-04	-2.341864900000000041e-11	5.732314579146691831e-04
-5.227467799999999587e-04	-2.349488700000000136e-11	5.783707010102138871e-04
-5.244635000000000312e-04	-2.352682500000000098e-11	5.686174309391897087e-04
-5.261802299999999554e-04	-2.359573300000000019e-11	5.713224508940664172e-04
-5.278969899999999766e-04	-2.368718099999999901e-11	5.722908070746429406e-04
-5.296137200000000092e-04	-2.378699299999999871e-11	5.671235897779095588e-04
-5.313304399999999733e-04	-2.380016499999999949e-11	5.704936419213955294e-04
-5.330472099999999545e-04	-2.385619999999999926e-11	5.694196686436994812e-04
-5.347639299999999186e-04	-2.398439300000000027e-11	5.747035874666643748e-04
-5.364806600000000597e-04	-2.404267199999999972e-11	5.746678734626790895e-04
-5.381974199999999724e-04	-2.411556200000000023e-11	5.702343989590149967e-04
-5.399141500000000050e-04	-2.421162199999999892e-11	5.730889538884321359e-04
-5.416308699999999691e-04	-2.429992500000000139e-11	5.710162887551987164e-04
-5.433476299999999903e-04	-2.442624100000000132e-11	5.632615656538026740e-04
-5.450643600000000229e-04	-2.443800399999999976e-11	5.770745225540545092e-04
-5.467810900000000555e-04	-2.449400399999999871e-11	5.622228115505337230e-04
-5.484978499999999682e-04	-2.449905700000000111e-11	5.607376493021120310e-04
-5.502145700000000408e-04	-2.463919900000000131e-11	5.686290458947756846e-04
-5.519313400000000220e-04	-2.478548600000000096e-11	5.654209234489030291e-04
-5.536480599999999861e-04	-2.483690900000000087e-11	5.734131761634733964e-04
-5.553647900000000187e-04	-2.493297200000000129e-11	5.711092878862402203e-04
-5.570815500000000399e-04	-2.500808399999999848e-11	5.677513152290144605e-04
-5.587982799999999641e-04	-2.509149099999999871e-11	5.720010108652601221e-04
-5.605149999999999282e-04	-2.511908199999999957e-11	5.680096489543854169e-04
-5.622317599999999494e-04	-2.516605200000000094e-11	5.643498040725551885e-04
-5.639484899999999820e-04	-2.527930300000000045e-11	5.754567260364718429e-04
-5.656652200000000146e-04	-2.530862300000000098e-11	5.721575113669994219e-04
-5.673819799999999273e-04	-2.540230399999999960e-11	5.615890722889011356e-04
-5.690986999999999999e-04	-2.552835199999999991e-11	5.736714717282388179e-04
-5.708154300000000325e-04	-2.557837600000000002e-11	5.699467228345272540e-04
-5.725321900000000536e-04	-2.568364800000000119e-11	5.771175293236482104e-04
-5.742489199999999778e-04	-2.576496299999999901e-11	5.735944501212631493e-04
-5.759656400000000504e-04	-2.583436099999999996e-11	5.708354356001228182e-04
-5.776824100000000316e-04	-2.597323199999999993e-11	5.630426653178086929e-04
-5.793991299999999957e-04	-2.604651900000000020e-11	5.724776722953577859e-04
-5.811158600000000283e-04	-2.602416199999999959e-11	5.750833218112031157e-04
-5.828326200000000495e-04	-2.609110300000000069e-11	5.666525347126828314e-04
-5.845493499999999737e-04	-2.618775900000000092e-11	5.652403792419570137e-04
-5.862660699999999378e-04	-2.623262399999999883e-11	5.691627513936686495e-04
-5.879828299999999590e-04	-2.624741700000000155e-11	5.628304601414980957e-04
-5.896995599999999916e-04	-2.644743499999999897e-11	5.777757850635602656e-04
-5.914162800000000641e-04	-2.657906000000000044e-11	5.679922291850349018e-04
-5.931330499999999369e-04	-2.664691200000000075e-11	5.602256530504775428e-04
-5.948497700000000095e-04	-2.668550799999999870e-11	5.685699159107377668e-04
-5.965664999999999336e-04	-2.680069900000000012e-11	5.619395139397479789e-04
-5.982832600000000632e-04	-2.685152400000000056e-11	5.720390671537850177e-04
-5.999999899999999874e-04	-2.689879599999999855e-11	5.712595922008998229e-04
-6.081632499999999747e-04	-2.725293099999999843e-11	5.687395574134125912e-04
-6.163265200000000305e-04	-2.766238800000000009e-11	5.674584054861169739e-04
-6.244897800000000177e-04	-2.801402700000000022e-11	5.655114822832977032e-04
-6.326530900000000221e-04	-2.832670400000000115e-11	5.649580283312637206e-04
-6.408163200000000208e-04	-2.869129799999999959e-11	5.654484321862086665e-04
-6.489795399999999511e-04	-2.897703299999999948e-11	5.706897908420646703e-04
-6.571428499999999555e-04	-2.936400099999999864e-11	5.619571280370293026e-04
-6.653061499999999998e-04	-2.974342299999999739e-11	5.642290129739958686e-04
-6.734693799999999985e-04	-3.015204800000000020e-11	5.689955825606541045e-04
-6.816326099999999973e-04	-3.050013699999999961e-11	5.601413975140896815e-04
-6.897959100000000416e-04	-3.080800500000000005e-11	5.660108139047427935e-04
-6.979592099999999775e-04	-3.117593700000000285e-11	5.723606479312942858e-04
-7.061224400000000847e-04	-3.152121300000000046e-11	5.629831104929457122e-04
-7.142856699999999750e-04	-3.184219200000000201e-11	5.584373718026265079e-04
-7.224489700000000193e-04	-3.224126200000000144e-11	5.551668814511793570e-04
-7.306122800000000236e-04	-3.259772299999999988e-11	5.577730299267627968e-04
-7.387755100000000224e-04	-3.292112399999999724e-11	5.611733622887888013e-04
-7.469387399999999127e-04	-3.323826299999999868e-11	5.619439632332965881e-04
-7.551020399999999570e-04	-3.359026300000000041e-11	5.663260631197446996e-04
-7.632653400000000013e-04	-3.384811899999999798e-11	5.605023398731076795e-04
-7.714285700000000001e-04	-3.423815100000000166e-11	5.565269520998624960e-04
-7.795917999999999988e-04	-3.466261300000000240e-11	5.577361191069793531e-04
-7.877551000000000431e-04	-3.502867399999999789e-11	5.654777246395580959e-04
-7.959184099999999391e-04	-3.538962200000000157e-11	5.638964012348233979e-04
-8.040816300000000862e-04	-3.569357300000000269e-11	5.572118641497760981e-04
-8.122448599999999765e-04	-3.599342699999999750e-11	5.570886545779506161e-04
-8.204081699999999809e-04	-3.640815800000000312e-11	5.524376031238489556e-04
-8.285714700000000252e-04	-3.679547999999999984e-11	5.572465121197125873e-04
-8.367347000000000239e-04	-3.716370300000000260e-11	5.565246061560487215e-04
-8.448979299999999143e-04	-3.752246799999999981e-11	5.526988739494987203e-04
-8.530612299999999586e-04	-3.784643400000000021e-11	5.557265529882742970e-04
-8.612245300000000029e-04	-3.819826400000000074e-11	5.600277323946548482e-04
-8.693877600000000016e-04	-3.854440399999999951e-11	5.657765338154998724e-04
-8.775509900000000004e-04	-3.881466300000000307e-11	5.608640205278243428e-04
-8.857142899999999363e-04	-3.924161700000000125e-11	5.575278981635717725e-04
-8.938775999999999406e-04	-3.961490500000000042e-11	5.570276549986577204e-04
-9.020408200000000877e-04	-3.993852800000000315e-11	5.694024146046679745e-04
-9.102040499999999781e-04	-4.026481599999999979e-11	5.549160503527567111e-04
-9.183673599999999824e-04	-4.067519199999999881e-11	5.494216840426984850e-04
-9.265306600000000267e-04	-4.107428299999999744e-11	5.609579051546133201e-04
-9.346938900000000255e-04	-4.142017999999999810e-11	5.566932154431593295e-04
-9.428571199999999158e-04	-4.176918500000000283e-11	5.563277568994378893e-04
-9.510204199999999601e-04	-4.213968099999999940e-11	5.564718062391844694e-04
-9.591837200000000044e-04	-4.251535600000000001e-11	5.566502201298049058e-04
-9.673469500000000032e-04	-4.281724600000000046e-11	5.556217180491665247e-04
-9.755101800000000019e-04	-4.316463899999999875e-11	5.513962039993731707e-04
-9.836734799999998294e-04	-4.357921000000000248e-11	5.515409434877573168e-04
-9.918367899999999421e-04	-4.377829700000000207e-11	5.478173826682625593e-04
-1.000000000000000021e-03	-4.417650600000000208e-11	5.572097195277383053e-04
