# [DATA]
1.000000000000000021e-03	4.063400699999999912e-11	5.281176847930092299e-04
9.918367899999999421e-04	4.034549100000000298e-11	5.213950709817797170e-04
9.836734799999998294e-04	3.993875000000000206e-11	5.176566154412013841e-04
9.755101800000000019e-04	3.956172899999999992e-11	5.126149370481181307e-04
9.673469500000000032e-04	3.936380399999999903e-11	5.272560857990569137e-04
9.591837200000000044e-04	3.893313099999999949e-11	5.260994942894889293e-04
9.510204199999999601e-04	3.867325599999999965e-11	5.252054322638003260e-04
9.428571199999999158e-04	3.839903400000000252e-11	5.204397443933470209e-04
9.346938900000000255e-04	3.807008199999999962e-11	5.241092461841383209e-04
9.265306600000000267e-04	3.774374600000000112e-11	5.221471222122162992e-04
9.183673599999999824e-04	3.747028000000000096e-11	5.335707375486299468e-04
9.102040499999999781e-04	3.720748699999999688e-11	5.229964978761392604e-04
9.020408200000000877e-04	3.680741099999999833e-11	5.206033149237219906e-04
8.938775999999999406e-04	3.646171899999999968e-11	5.288837059887344441e-04
8.857142899999999363e-04	3.616580299999999693e-11	5.273236801039923351e-04
8.775509900000000004e-04	3.582969299999999787e-11	5.309022639093733927e-04
8.693877600000000016e-04	3.548036500000000055e-11	5.325385769606479211e-04
8.612245300000000029e-04	3.521410599999999899e-11	5.344493746117705236e-04
8.530612299999999586e-04	3.486012499999999753e-11	5.287845693870531563e-04
8.448979299999999143e-04	3.450459700000000131e-11	5.254430564738278965e-04
8.367347000000000239e-04	3.415330500000000116e-11	5.289752566150655649e-04
8.285714700000000252e-04	3.384885100000000048e-11	5.243211165385408719e-04
8.204081699999999809e-04	3.360969800000000093e-11	5.302151733830295097e-04
8.122448599999999765e-04	3.322556799999999860e-11	5.301784492842369486e-04
8.040816300000000862e-04	3.294400500000000307e-11	5.350913671075528157e-04
7.959184099999999391e-04	3.270005099999999795e-11	5.288434079135320319e-04
7.877551000000000431e-04	3.235700899999999748e-11	5.304725340789745534e-04
7.795917999999999988e-04	3.184835000000000252e-11	5.308112095354054760e-04
7.714285700000000001e-04	3.151801400000000202e-11	5.383122737271625645e-04
7.632653400000000013e-04	3.127503100000000166e-11	5.304063709019202644e-04
7.551020399999999570e-04	3.097616300000000088e-11	5.344704663983330375e-04
7.469387399999999127e-04	3.080434199999999872e-11	5.327434922189418394e-04
7.387755100000000224e-04	3.051293899999999683e-11	5.337767754597254246e-04
7.306122800000000236e-04	3.015654699999999946e-11	5.338264690752990514e-04
7.224489700000000193e-04	2.975709299999999808e-11	5.349355639793081877e-04
7.142856699999999750e-04	2.946847300000000006e-11	5.283095721598933840e-04
7.061224400000000847e-04	2.911410300000000023e-11	5.355309580296739201e-04
6.979592099999999775e-04	2.878698300000000152e-11	5.333471528175097193e-04
6.897959100000000416e-04	2.855152399999999857e-11	5.347278584773940222e-04
6.816326099999999973e-04	2.821324099999999881e-11	5.359878018870558106e-04
6.734693799999999985e-04	2.782511500000000003e-11	5.439123743361056439e-04
6.653061499999999998e-04	2.750534300000000053e-11	5.358419127922935815e-04
6.571428499999999555e-04	2.716948699999999946e-11	5.388934983496570380e-04
6.489795399999999511e-04	2.685510999999999946e-11	5.286209443695520042e-04
6.408163200000000208e-04	2.657190299999999840e-11	5.295361141063920259e-04
6.326530900000000221e-04	2.621400799999999935e-11	5.403296490937248243e-04
6.244897800000000177e-04	2.590301599999999852e-11	5.404818420633318143e-04
6.163265200000000305e-04	2.556969000000000068e-11	5.361029009401918058e-04
6.081632499999999747e-04	2.526755500000000098e-11	5.315050907984711056e-04
5.999999899999999874e-04	2.500608199999999955e-11	5.371255808360768857e-04
5.982832600000000632e-04	2.495507799999999918e-11	5.384208756017646626e-04
5.965664999999999336e-04	2.479695400000000036e-11	5.481062604309209964e-04
5.948497700000000095e-04	2.478596100000000051e-11	5.394119793756452013e-04
5.931330499999999369e-04	2.473137100000000125e-11	5.399269671569086309e-04
5.914162800000000641e-04	2.467688000000000097e-11	5.382582552885238365e-04
5.896995599999999916e-04	2.459636499999999967e-11	5.426076268225452212e-04
5.879828299999999590e-04	2.452889500000000016e-11	5.416297297141587416e-04
5.862660699999999378e-04	2.448212099999999885e-11	5.383213560654146997e-04
5.845493499999999737e-04	2.434654000000000139e-11	5.349369930667266862e-04
5.828326200000000495e-04	2.423553499999999948e-11	5.439755066174571142e-04
5.811158600000000283e-04	2.418206100000000144e-11	5.304523832833139916e-04
5.793991299999999957e-04	2.404988699999999971e-11	5.365858038754351984e-04
5.776824100000000316e-04	2.407761700000000003e-11	5.426317922558198835e-04
5.759656400000000504e-04	2.403043900000000138e-11	5.384740702682855968e-04
5.742489199999999778e-04	2.391371600000000093e-11	5.355618482222798942e-04
5.725321900000000536e-04	2.385220000000000049e-11	5.333216690542574292e-04
5.708154300000000325e-04	2.381032499999999992e-11	5.433482851220424337e-04
5.690986999999999999e-04	2.361381400000000103e-11	5.443524302984465140e-04
5.673819799999999273e-04	2.348482300000000142e-11	5.435108178241100608e-04
5.656652200000000146e-04	2.350126299999999847e-11	5.406576444221979473e-04
5.639484899999999820e-04	2.351706900000000112e-11	5.387201319373373766e-04
5.622317599999999494e-04	2.351556800000000060e-11	5.297629174855872066e-04
5.605149999999999282e-04	2.343435999999999992e-11	5.380995610085539558e-04
5.587982799999999641e-04	2.332720000000000101e-11	5.423694383155317758e-04
5.570815500000000399e-04	2.321858300000000113e-11	5.384388964761360795e-04
5.553647900000000187e-04	2.314872399999999902e-11	5.404026510807312606e-04
5.536480599999999861e-04	2.305100700000000023e-11	5.387993761720951715e-04
5.519313400000000220e-04	2.302077499999999992e-11	5.377734920428733131e-04
5.502145700000000408e-04	2.303254499999999917e-11	5.397242705839660386e-04
5.484978499999999682e-04	2.294874400000000091e-11	5.436650516869942365e-04
5.467810900000000555e-04	2.285333700000000113e-11	5.419835527481321009e-04
5.450643600000000229e-04	2.276162400000000120e-11	5.388528952118554205e-04
5.433476299999999903e-04	2.263115699999999935e-11	5.368542953777392154e-04
5.416308699999999691e-04	2.256257699999999885e-11	5.383814626025659484e-04
5.399141500000000050e-04	2.247813599999999949e-11	5.428366099845571054e-04
5.381974199999999724e-04	2.243397099999999854e-11	5.343602567552659197e-04
5.364806600000000597e-04	2.239163500000000004e-11	5.321330968368143469e-04
5.347639299999999186e-04	2.228330400000000047e-11	5.391671244175232774e-04
5.330472099999999545e-04	2.219701899999999969e-11	5.444489823218313018e-04
5.313304399999999733e-04	2.203015700000000060e-11	5.413190691482373329e-04
5.296137200000000092e-04	2.208178100000000022e-11	5.373176108609715529e-04
5.278969899999999766e-04	2.200653399999999942e-11	5.456069681638061990e-04
5.261802299999999554e-04	2.193214200000000104e-11	5.361725924570826494e-04
5.244635000000000312e-04	2.183955100000000156e-11	5.390486249920527738e-04
5.227467799999999587e-04	2.177214299999999907e-11	5.433388737003360183e-04
5.210300200000000459e-04	2.178431199999999923e-11	5.354623858083780875e-04
5.193132900000000133e-04	2.169032099999999938e-11	5.375461438253954609e-04
5.175965700000000492e-04	2.164127400000000103e-11	5.336718677571433700e-04
5.158797999999999596e-04	2.159952900000000119e-11	5.385314444288546911e-04
5.141630799999999954e-04	2.153767300000000158e-11	5.463513665350534353e-04
5.124463499999999628e-04	2.136018400000000066e-11	5.444003021454989471e-04
5.107295900000000501e-04	2.131818499999999960e-11	5.381441876032306421e-04
5.090128600000000175e-04	2.126365800000000116e-11	5.391736174585308071e-04
5.072961399999999449e-04	2.118520599999999846e-11	5.427124972272092665e-04
5.055793699999999637e-04	2.113475699999999858e-11	5.431326919026205824e-04
5.038626499999999996e-04	2.114836999999999867e-11	5.402478988796734867e-04
5.021459200000000754e-04	2.103580299999999980e-11	5.411670533848654888e-04
5.004291599999999458e-04	2.094645099999999924e-11	5.413543576684417061e-04
4.987124399999999817e-04	2.091471299999999875e-11	5.424192696568778125e-04
4.969957099999999491e-04	2.083072800000000090e-11	5.375736268843726027e-04
4.952789500000000364e-04	2.071411800000000106e-11	5.350427052651394793e-04
4.935622200000000038e-04	2.064821599999999874e-11	5.410495882886418029e-04
4.918455000000000396e-04	2.060856999999999889e-11	5.422595483962465044e-04
4.901287299999999500e-04	2.053957000000000151e-11	5.431354727541523771e-04
4.884120099999999859e-04	2.052241200000000034e-11	5.409078978226380431e-04
4.866952799999999532e-04	2.043964500000000120e-11	5.367849006009460348e-04
4.849785199999999863e-04	2.031283299999999930e-11	5.380617110433264828e-04
4.832617899999999537e-04	2.026158399999999967e-11	5.363789196057646997e-04
4.815450699999999896e-04	2.021357700000000068e-11	5.448416276628764363e-04
4.798283099999999684e-04	2.008258100000000041e-11	5.416817796410599564e-04
4.781115799999999900e-04	2.003229500000000093e-11	5.451943272198348173e-04
4.763948500000000116e-04	1.997158199999999874e-11	5.461431906587188665e-04
4.746780899999999905e-04	1.986474499999999888e-11	5.388039220250882486e-04
4.729613700000000263e-04	1.976941500000000155e-11	5.361387413548910187e-04
4.712446399999999937e-04	1.980085199999999953e-11	5.435380310838748260e-04
4.695278800000000268e-04	1.973010800000000029e-11	5.422776712242534511e-04
4.678111499999999942e-04	1.953253499999999902e-11	5.376602479560133865e-04
4.660944300000000300e-04	1.946154200000000145e-11	5.367869838687193852e-04
4.643776599999999946e-04	1.941055500000000119e-11	5.403073010999099408e-04
4.626609400000000305e-04	1.938422300000000009e-11	5.378401414111165816e-04
4.609442099999999437e-04	1.936552099999999943e-11	5.385156041087431084e-04
4.592274500000000309e-04	1.933683100000000069e-11	5.384716353756896718e-04
4.575107199999999441e-04	1.922911799999999921e-11	5.477997467689648802e-04
4.557939999999999800e-04	1.918020799999999917e-11	5.456300942061535850e-04
4.540772399999999588e-04	1.909008200000000093e-11	5.417389018200406779e-04
4.523605099999999804e-04	1.904898799999999884e-11	5.414870331825759374e-04
4.506437900000000163e-04	1.894517499999999980e-11	5.409831795786128111e-04
4.489270199999999809e-04	1.887576199999999988e-11	5.368737558943604453e-04
4.472103000000000167e-04	1.879027099999999862e-11	5.402503336275639835e-04
4.454935299999999813e-04	1.875903100000000127e-11	5.365044407328463079e-04
4.437768100000000172e-04	1.874541800000000118e-11	5.388970631509343388e-04
4.420600799999999846e-04	1.863870499999999858e-11	5.454952639501261949e-04
4.403433200000000177e-04	1.844373100000000160e-11	5.447100330399576047e-04
4.386265899999999851e-04	1.833560600000000139e-11	5.430583570379832886e-04
4.369098700000000209e-04	1.827840000000000096e-11	5.330226536727844869e-04
4.351931099999999998e-04	1.824559099999999937e-11	5.372254787528177788e-04
4.334763800000000214e-04	1.825453200000000052e-11	5.407598718768116645e-04
4.317596600000000572e-04	1.822875700000000106e-11	5.415468238817980253e-04
4.300428900000000218e-04	1.813380200000000048e-11	5.454700602580256135e-04
4.283261700000000577e-04	1.801519199999999964e-11	5.450679181403262361e-04
4.266094399999999709e-04	1.798863299999999998e-11	5.461089183615187859e-04
4.248926799999999497e-04	1.785900400000000043e-11	5.375280092814252453e-04
4.231759499999999713e-04	1.776126099999999956e-11	5.407056825401944421e-04
4.214592300000000072e-04	1.771540699999999942e-11	5.392035410213129624e-04
4.197424699999999860e-04	1.770660699999999889e-11	5.388748465745112895e-04
4.180257400000000076e-04	1.766094000000000007e-11	5.403709693835126752e-04
4.163090099999999750e-04	1.756652299999999987e-11	5.391777637195685480e-04
4.145922500000000081e-04	1.746720500000000100e-11	5.394477824524166343e-04
4.128755299999999897e-04	1.744112000000000031e-11	5.461257756636207425e-04
4.111588000000000113e-04	1.732395499999999997e-11	5.371938395701884817e-04
4.094420399999999902e-04	1.733226599999999932e-11	5.457758415264091830e-04
4.077253100000000118e-04	1.725971299999999948e-11	5.410701989984579522e-04
4.060085900000000476e-04	1.721438399999999868e-11	5.427434754621607901e-04
4.042918200000000122e-04	1.708121299999999979e-11	5.383234004721623245e-04
4.025751000000000481e-04	1.700575999999999963e-11	5.450265421295441602e-04
4.008583700000000155e-04	1.692205400000000127e-11	5.383679377470175064e-04
3.991416099999999401e-04	1.689074399999999906e-11	5.367245785557879468e-04
3.974248800000000159e-04	1.681136500000000084e-11	5.401369076223091039e-04
3.957081599999999976e-04	1.675032500000000052e-11	5.407100496289921239e-04
3.939913999999999764e-04	1.666586499999999989e-11	5.471161098456496638e-04
3.922746699999999980e-04	1.656996399999999929e-11	5.372050952026918846e-04
3.905579399999999654e-04	1.653533600000000102e-11	5.309538361890931433e-04
3.888411799999999985e-04	1.648180599999999974e-11	5.381774367595562906e-04
3.871244599999999801e-04	1.638309999999999872e-11	5.407696633816616409e-04
3.854077300000000018e-04	1.625737000000000103e-11	5.512341480188847481e-04
3.836909699999999806e-04	1.630618599999999851e-11	5.384126400530438172e-04
3.819742400000000022e-04	1.626987400000000072e-11	5.369419452782544155e-04
3.802575200000000381e-04	1.614444900000000138e-11	5.451381633342083791e-04
3.785407500000000027e-04	1.604347700000000091e-11	5.423187411725880055e-04
3.768240300000000385e-04	1.603776499999999937e-11	5.426619056234564895e-04
3.751073000000000059e-04	1.593968400000000048e-11	5.402760560449362858e-04
3.733905400000000390e-04	1.587099900000000076e-11	5.401841060401259840e-04
3.716738100000000064e-04	1.582655199999999858e-11	5.431352660633450040e-04
3.699570900000000422e-04	1.576810599999999966e-11	5.432617523908166027e-04
3.682403299999999669e-04	1.564323500000000024e-11	5.427456583931824976e-04
3.665236000000000427e-04	1.552297399999999953e-11	5.443314088746215550e-04
3.648068799999999701e-04	1.551254099999999983e-11	5.426528919745650858e-04
3.630901100000000431e-04	1.539432500000000024e-11	5.410650347848226707e-04
3.613733899999999706e-04	1.532121699999999990e-11	5.364081049136442238e-04
3.596566599999999922e-04	1.528704600000000049e-11	5.473184200917400200e-04
3.579398999999999710e-04	1.521158900000000125e-11	5.488252401019303806e-04
3.562231699999999926e-04	1.516680199999999990e-11	5.507679381158723858e-04
3.545064500000000285e-04	1.512666699999999888e-11	5.426930564222815770e-04
3.527896900000000073e-04	1.500414199999999986e-11	5.402688839896925338e-04
3.510729600000000289e-04	1.493923600000000058e-11	5.417658053030435837e-04
3.493562000000000078e-04	1.486037199999999915e-11	5.435475861783413453e-04
3.476394700000000294e-04	1.476544200000000008e-11	5.440873882711600796e-04
3.459227500000000110e-04	1.468238699999999948e-11	5.460779953128518409e-04
3.442059799999999756e-04	1.464035300000000084e-11	5.521209115248550733e-04
3.424892600000000115e-04	1.461080699999999910e-11	5.433566577917968822e-04
3.407725300000000331e-04	1.452571099999999968e-11	5.434702397542175633e-04
3.390557700000000120e-04	1.435540000000000000e-11	5.452065419649904749e-04
3.373390400000000336e-04	1.436074999999999937e-11	5.422007257908766781e-04
3.356223199999999610e-04	1.430913300000000056e-11	5.437445501305120847e-04
3.339055599999999941e-04	1.425074900000000027e-11	5.415274798654539940e-04
3.321888299999999614e-04	1.419025199999999999e-11	5.499237365257431858e-04
3.304720999999999831e-04	1.413305800000000002e-11	5.510695609781048488e-04
3.287553399999999619e-04	1.409109099999999966e-11	5.526478055730727357e-04
3.270386199999999978e-04	1.402452200000000005e-11	5.457671664511012282e-04
3.253218900000000194e-04	1.392317900000000028e-11	5.489321124692494308e-04
3.236051299999999982e-04	1.383609599999999929e-11	5.487270061441168380e-04
3.218884000000000198e-04	1.376664900000000075e-11	5.444182458145563905e-04
3.201716800000000015e-04	1.373221499999999976e-11	5.479432187128654812e-04
3.184549099999999661e-04	1.366162500000000057e-11	5.453058511741175687e-04
3.167381900000000019e-04	1.361684600000000060e-11	5.466037863443382744e-04
3.150214600000000235e-04	1.353104999999999938e-11	5.423652979368373669e-04
3.133047000000000024e-04	1.346750099999999989e-11	5.435334891987542204e-04
3.115879699999999698e-04	1.337964300000000065e-11	5.537269826234463054e-04
3.098712299999999771e-04	1.334592499999999940e-11	5.503329358083765927e-04
3.081544999999999987e-04	1.325205199999999980e-11	5.506151278088909249e-04
3.064377600000000061e-04	1.317461900000000049e-11	5.519681699097667149e-04
3.047210200000000134e-04	1.305996299999999933e-11	5.534878970659466669e-04
3.030042899999999808e-04	1.293770700000000050e-11	5.426045704376193657e-04
3.012875499999999882e-04	1.288864099999999926e-11	5.502815183643877759e-04
2.995707999999999813e-04	1.282713999999999940e-11	5.473893074109217102e-04
2.978540800000000171e-04	1.276355399999999956e-11	5.460238465423372873e-04
2.961373300000000102e-04	1.273375399999999982e-11	5.453002163903790042e-04
2.944205900000000176e-04	1.266646900000000048e-11	5.453077491630511225e-04
2.927038599999999850e-04	1.262077899999999969e-11	5.477724521190241577e-04
2.909871199999999923e-04	1.254420899999999934e-11	5.497206536848571815e-04
2.892703699999999854e-04	1.246060500000000010e-11	5.503637719477274225e-04
2.875536500000000213e-04	1.236794300000000002e-11	5.527779456187194599e-04
2.858369100000000287e-04	1.235868399999999949e-11	5.490179841158129891e-04
2.841201599999999675e-04	1.223815299999999962e-11	5.522471479862860536e-04
2.824034400000000034e-04	1.212403800000000057e-11	5.508428062099335115e-04
2.806866899999999965e-04	1.210997499999999920e-11	5.520541446787555857e-04
2.789699500000000039e-04	1.202082399999999995e-11	5.468316987460522397e-04
2.772532200000000255e-04	1.193637700000000036e-11	5.527501169771209880e-04
2.755364799999999786e-04	1.191294799999999970e-11	5.444101748208384156e-04
2.738197300000000259e-04	1.185109800000000032e-11	5.499293825165915348e-04
2.721029899999999791e-04	1.175291200000000060e-11	5.512946377445111963e-04
2.703862600000000007e-04	1.168967999999999993e-11	5.477180011770225532e-04
2.686695200000000080e-04	1.163145100000000026e-11	5.536206383122546171e-04
2.669527800000000154e-04	1.154423500000000003e-11	5.516430277584907001e-04
2.652360499999999828e-04	1.145537700000000029e-11	5.548726065793264635e-04
2.635193099999999901e-04	1.140725999999999920e-11	5.530198857533050920e-04
2.618025599999999832e-04	1.132940899999999931e-11	5.499454467462752075e-04
2.600858400000000191e-04	1.126996499999999943e-11	5.506101895205447539e-04
2.583690900000000122e-04	1.120354200000000008e-11	5.517911320306919786e-04
2.566523500000000195e-04	1.107016800000000033e-11	5.488050105768159815e-04
2.549356199999999869e-04	1.101835100000000078e-11	5.522641933343176409e-04
2.532188799999999943e-04	1.096945500000000074e-11	5.597798875900541300e-04
2.515021299999999874e-04	1.090693899999999980e-11	5.476091673278782324e-04
2.497854100000000232e-04	1.082418199999999997e-11	5.497390465713995582e-04
2.480686600000000163e-04	1.071761899999999995e-11	5.513846047991288876e-04
2.463519200000000237e-04	1.069217499999999932e-11	5.513612770110563411e-04
2.446351899999999911e-04	1.062590199999999933e-11	5.495465018597214639e-04
2.429184499999999984e-04	1.059054099999999959e-11	5.538689122491304061e-04
2.412017100000000058e-04	1.047086800000000066e-11	5.529689360378914386e-04
2.394849799999999732e-04	1.044116899999999945e-11	5.537707638607443838e-04
2.377682399999999805e-04	1.034618199999999979e-11	5.565720932681186752e-04
2.360514900000000007e-04	1.025754099999999930e-11	5.552260112126584327e-04
2.343347700000000095e-04	1.018001999999999927e-11	5.548088040502671811e-04
2.326180200000000026e-04	1.006884499999999939e-11	5.467129838107843368e-04
2.309012800000000100e-04	9.980559800000000728e-12	5.545621907362463304e-04
2.291845500000000045e-04	9.933003200000000013e-12	5.557085894371336775e-04
2.274678100000000118e-04	9.912745099999999336e-12	5.521943071513677002e-04
2.257510600000000049e-04	9.851914400000000291e-12	5.520708977071436385e-04
2.240343200000000123e-04	9.768246099999999469e-12	5.580034354546070012e-04
2.223175999999999939e-04	9.729089899999999636e-12	5.576144110722089375e-04
2.206008500000000141e-04	9.663639699999999633e-12	5.545564710931936373e-04
2.188841099999999944e-04	9.587550400000000510e-12	5.520856407602300420e-04
2.171673799999999889e-04	9.514985200000000087e-12	5.578511900397853905e-04
2.154506399999999962e-04	9.413564500000000707e-12	5.525232950707761577e-04
2.137338899999999893e-04	9.301954199999999962e-12	5.498441387188822633e-04
2.120171699999999710e-04	9.230936299999999322e-12	5.543231769697186222e-04
2.103004199999999912e-04	9.177472200000000534e-12	5.518234962624019458e-04
2.085836799999999985e-04	9.121922799999999971e-12	5.571234993789516820e-04
2.068669500000000201e-04	9.014350900000000777e-12	5.594050531259986241e-04
2.051502100000000004e-04	8.965295499999999197e-12	5.579988358285793964e-04
2.034334700000000077e-04	8.917698999999999683e-12	5.522887795692689016e-04
2.017167400000000022e-04	8.848642300000000265e-12	5.530228933122879843e-04
2.000000000000000096e-04	8.749443000000000445e-12	5.592830425464821167e-04
1.982832500000000027e-04	8.715638499999999345e-12	5.562184438680405551e-04
1.965665299999999843e-04	8.657837499999999559e-12	5.504978976317127185e-04
1.948497800000000045e-04	8.548206400000000733e-12	5.635092398189589773e-04
1.931330400000000119e-04	8.456028400000000558e-12	5.680915565766227410e-04
1.914163099999999793e-04	8.380572300000000221e-12	5.544404528724764013e-04
1.896995699999999866e-04	8.339161799999999607e-12	5.585676706530297948e-04
1.879828200000000068e-04	8.218358300000000767e-12	5.527387937900508268e-04
1.862660999999999885e-04	8.156627300000000613e-12	5.555146164928407258e-04
1.845493499999999816e-04	8.063615700000000674e-12	5.596232836140685148e-04
1.828326099999999889e-04	8.010478600000000012e-12	5.610956743780141052e-04
1.811158800000000106e-04	7.953049700000000154e-12	5.595010507453966088e-04
1.793991400000000179e-04	7.864770500000000107e-12	5.550417894359448243e-04
1.776823999999999982e-04	7.822340000000000372e-12	5.633083465416437912e-04
1.759656699999999927e-04	7.762393999999999892e-12	5.640408929567345157e-04
1.742489300000000000e-04	7.662499099999999193e-12	5.606132421648316521e-04
1.725321800000000202e-04	7.573002100000000548e-12	5.584179992808150673e-04
1.708154400000000005e-04	7.496565899999999889e-12	5.619888555431276893e-04
1.690987099999999950e-04	7.406154700000000190e-12	5.569166856895975144e-04
1.673819700000000023e-04	7.366650699999999918e-12	5.539937441353400644e-04
1.656652199999999954e-04	7.302178000000000351e-12	5.645026926196113331e-04
1.639484999999999771e-04	7.236693399999999877e-12	5.580139742415501708e-04
1.622317499999999973e-04	7.188105600000000039e-12	5.672677215885648218e-04
1.605150100000000046e-04	7.129933800000000268e-12	5.589493424025195230e-04
1.587982799999999991e-04	7.053441999999999825e-12	5.644491336438242678e-04
1.570815399999999794e-04	6.939462499999999826e-12	5.645411081052639996e-04
1.553648100000000010e-04	6.862449399999999761e-12	5.624478724924924155e-04
1.536480599999999941e-04	6.779790700000000134e-12	5.677202565302592397e-04
1.519313299999999886e-04	6.735749100000000137e-12	5.642051162656441625e-04
1.502145899999999959e-04	6.656331299999999712e-12	5.697865237086724259e-04
1.484978500000000033e-04	6.595680200000000138e-12	5.630881206068939380e-04
1.467811100000000106e-04	6.516791399999999741e-12	5.603837435305376131e-04
1.450643800000000051e-04	6.437770499999999826e-12	5.677018508792197214e-04
1.433476299999999982e-04	6.348314699999999924e-12	5.611631187624322283e-04
1.416308999999999927e-04	6.268939399999999799e-12	5.689595704876241125e-04
1.399141600000000001e-04	6.210252800000000120e-12	5.686967601062874189e-04
1.381974200000000074e-04	6.122249400000000148e-12	5.690040343938949745e-04
1.364806900000000019e-04	6.065157099999999919e-12	5.696267720135858147e-04
1.347639399999999950e-04	5.959831199999999947e-12	5.708017110153877464e-04
1.330472099999999895e-04	5.890273899999999931e-12	5.658535961255222683e-04
1.313304699999999969e-04	5.786784200000000108e-12	5.683287275011793043e-04
1.296137300000000043e-04	5.691328499999999683e-12	5.623246527993770597e-04
1.278969900000000116e-04	5.650638399999999725e-12	5.689220014063443593e-04
1.261802599999999790e-04	5.610804400000000402e-12	5.759926533972313913e-04
1.244635099999999992e-04	5.521589699999999930e-12	5.685716791782245401e-04
1.227467799999999937e-04	5.454178799999999802e-12	5.747518569274076951e-04
1.210300400000000011e-04	5.371907800000000222e-12	5.710978309610550757e-04
1.193133000000000084e-04	5.298357199999999649e-12	5.706421979585749905e-04
1.175965600000000022e-04	5.194935200000000133e-12	5.680366080712023931e-04
1.158798299999999967e-04	5.118695000000000334e-12	5.696716082054218994e-04
1.141630899999999905e-04	5.064654900000000236e-12	5.745732148152483693e-04
1.124463499999999979e-04	4.999324299999999804e-12	5.749362106584993918e-04
1.107296099999999917e-04	4.902027599999999690e-12	5.812039034470840426e-04
1.090128700000000126e-04	4.821563300000000194e-12	5.735933747859239297e-04
1.072961400000000071e-04	4.752845700000000232e-12	5.674087487086434088e-04
1.055793900000000002e-04	4.699043700000000256e-12	5.704605513316810027e-04
1.038626599999999947e-04	4.620108499999999730e-12	5.774531704332000123e-04
1.021459200000000020e-04	4.529163899999999888e-12	5.726280555452926968e-04
1.004291799999999958e-04	4.462242599999999661e-12	5.765175559033907261e-04
9.871244400000000075e-05	4.395822200000000204e-12	5.800923309121798618e-04
9.699570899999998812e-05	4.336281799999999602e-12	5.752731230189044769e-04
9.527896500000001146e-05	4.232710999999999815e-12	5.700915635083398172e-04
9.356222999999999883e-05	4.147641400000000288e-12	5.815208647653649773e-04
9.184549599999999577e-05	4.087610900000000305e-12	5.724083829019830684e-04
9.012875099999999599e-05	4.016598300000000301e-12	5.756838866209671932e-04
8.841201700000000648e-05	3.916566299999999622e-12	5.797560977367989705e-04
8.669527200000000670e-05	3.854647500000000111e-12	5.774729540292439407e-04
8.497853800000000363e-05	3.796250599999999645e-12	5.745270134812583427e-04
8.326180299999999101e-05	3.707494799999999931e-12	5.763488738924834069e-04
8.154505899999998724e-05	3.661110900000000052e-12	5.747725939476792121e-04
7.982832400000000172e-05	3.572854900000000070e-12	5.806503702531308269e-04
7.811158399999999552e-05	3.480293100000000079e-12	5.831199503738294368e-04
7.639484899999999645e-05	3.419006999999999873e-12	5.782723816465854373e-04
7.467810999999999980e-05	3.356103200000000037e-12	5.826835511656091020e-04
7.296137000000000716e-05	3.256712600000000051e-12	5.799118683371673726e-04
7.124463600000000409e-05	3.182932900000000108e-12	5.822376437352821911e-04
6.952789599999999789e-05	3.106146000000000162e-12	5.795644887857710498e-04
6.781115700000000125e-05	3.015569100000000130e-12	5.852514894662288981e-04
6.609441700000000860e-05	2.960575099999999890e-12	5.850308102993811423e-04
6.437768199999999597e-05	2.878506000000000134e-12	5.906348577244829477e-04
6.266094299999999933e-05	2.832820999999999810e-12	5.838756252541197223e-04
6.094420299999999991e-05	2.756396699999999961e-12	5.809951037389027252e-04
5.922746800000000083e-05	2.654800599999999899e-12	5.796375257410405803e-04
5.751072900000000419e-05	2.590779600000000166e-12	5.837102923704679848e-04
5.579398899999999799e-05	2.509713799999999989e-12	5.798201418646340690e-04
5.407725000000000135e-05	2.434938299999999950e-12	5.878364813085273227e-04
5.236051500000000228e-05	2.367203900000000081e-12	5.801964695171668443e-04
5.064377600000000563e-05	2.304540700000000195e-12	5.846824931843118541e-04
4.892703599999999943e-05	2.224375400000000030e-12	5.815939388763266592e-04
4.721030100000000036e-05	2.143913300000000188e-12	5.780905142552674554e-04
4.549356200000000372e-05	2.083520200000000107e-12	5.918936691948771577e-04
4.377682199999999752e-05	2.000558399999999995e-12	5.885481959732969878e-04
4.206008300000000087e-05	1.909761599999999846e-12	5.877122503955871857e-04
4.034334800000000180e-05	1.832776799999999962e-12	5.892583369599184656e-04
3.862660799999999560e-05	1.743237000000000037e-12	5.838373594582312205e-04
3.690987100000000452e-05	1.685525600000000073e-12	5.856003744751094812e-04
3.519313200000000110e-05	1.591754199999999959e-12	5.860625767740746143e-04
3.347639500000000324e-05	1.538496300000000043e-12	5.911715845559592291e-04
3.175965499999999704e-05	1.455221699999999904e-12	5.889073138608092546e-04
3.004291799999999919e-05	1.382402500000000076e-12	5.888716336434733373e-04
2.832618099999999794e-05	1.299863400000000021e-12	5.855767579808003912e-04
2.660944100000000190e-05	1.215459400000000010e-12	5.854524128502736936e-04
2.489270400000000066e-05	1.142104899999999951e-12	5.878439300861776741e-04
2.317596500000000063e-05	1.056890699999999953e-12	5.888103956807428860e-04
2.145922699999999999e-05	9.889457999999999400e-13	5.886821845459424239e-04
1.974248799999999996e-05	9.179188400000000477e-13	5.880672759238614019e-04
1.802575100000000210e-05	8.155318899999999596e-13	5.892963144478582721e-04
1.630901199999999868e-05	7.564289399999999525e-13	5.934621037091640907e-04
1.459227399999999974e-05	6.842228099999999729e-13	5.920326476710984333e-04
1.287553600000000079e-05	6.375422099999999708e-13	5.926924644022852056e-04
1.115879900000000124e-05	5.743014600000000012e-13	5.889969371881993839e-04
9.442059699999999698e-06	4.816889099999999971e-13	5.900513333022617320e-04
7.725321900000000632e-06	3.875355400000000029e-13	5.908371995640827965e-04
6.008583600000000176e-06	3.076072900000000097e-13	5.879888972950030653e-04
4.291845299999999720e-06	2.461914699999999843e-13	5.819500960144316721e-04
2.575107199999999989e-06	1.657310099999999990e-13	5.929636715084292192e-04
8.583690900000000104e-07	9.906188599999999767e-14	5.984801153820816857e-04
-8.583690900000000104e-07	4.556324100000000061e-14	5.939906402052870819e-04
-2.575107199999999989e-06	-6.423111800000000030e-15	5.873986185700936277e-04
-4.291845299999999720e-06	-8.969225800000000445e-14	5.905096780855173359e-04
-6.008583600000000176e-06	-1.684054799999999922e-13	5.910218641323644649e-04
-7.725321900000000632e-06	-2.532179399999999977e-13	5.937292248111606611e-04
-9.442059699999999698e-06	-3.575377799999999799e-13	5.894390194842851491e-04
-1.115879900000000124e-05	-4.223106500000000166e-13	5.915503684391264705e-04
-1.287553600000000079e-05	-5.034071600000000293e-13	5.890825032004270686e-04
-1.459227399999999974e-05	-5.865365700000000423e-13	5.847923226000075738e-04
-1.630901199999999868e-05	-6.752827499999999985e-13	5.914151176190421931e-04
-1.802575100000000210e-05	-7.582912199999999501e-13	5.838359143125472191e-04
-1.974248799999999996e-05	-8.418446600000000198e-13	5.824194221513604537e-04
-2.145922699999999999e-05	-8.918466599999999515e-13	5.840398685624669135e-04
-2.317596500000000063e-05	-9.939335599999999010e-13	5.897155417999250075e-04
-2.489270400000000066e-05	-1.059429300000000061e-12	5.883501864497230277e-04
-2.660944100000000190e-05	-1.136510900000000086e-12	5.901461297166680142e-04
-2.832618099999999794e-05	-1.216524599999999980e-12	5.920897786624531624e-04
-3.004291799999999919e-05	-1.311625600000000021e-12	5.896876470079788577e-04
-3.175965499999999704e-05	-1.360603899999999907e-12	5.892322357648181221e-04
-3.347639500000000324e-05	-1.435022499999999907e-12	5.870537363389588060e-04
-3.519313200000000110e-05	-1.517375700000000085e-12	5.897380780118458140e-04
-3.690987100000000452e-05	-1.623713600000000013e-12	5.834503355462654752e-04
-3.862660799999999560e-05	-1.683542300000000029e-12	5.851618443230007871e-04
-4.034334800000000180e-05	-1.756467999999999943e-12	5.823366137547130979e-04
-4.206008300000000087e-05	-1.824921700000000035e-12	5.880465146743687165e-04
-4.377682199999999752e-05	-1.925808900000000022e-12	5.863081134440941908e-04
-4.549356200000000372e-05	-1.985126899999999870e-12	5.863874254598283467e-04
-4.721030100000000036e-05	-2.077724499999999928e-12	5.884870627860591804e-04
-4.892703599999999943e-05	-2.153154199999999970e-12	5.801093672620129954e-04
-5.064377600000000563e-05	-2.220418900000000116e-12	5.872018619567236390e-04
-5.236051500000000228e-05	-2.297031700000000131e-12	5.879841507604396684e-04
-5.407725000000000135e-05	-2.358698499999999979e-12	5.814672172273161127e-04
-5.579398899999999799e-05	-2.476945899999999918e-12	5.800977750308487562e-04
-5.751072900000000419e-05	-2.558505899999999825e-12	5.821623094610254906e-04
-5.922746800000000083e-05	-2.628290799999999959e-12	5.812780788765252796e-04
-6.094420299999999991e-05	-2.694436499999999977e-12	5.861040797777645247e-04
-6.266094299999999933e-05	-2.792504100000000010e-12	5.758029620399279054e-04
-6.437768199999999597e-05	-2.857774800000000195e-12	5.818942811768631606e-04
-6.609441700000000860e-05	-2.957368300000000179e-12	5.834048743971753659e-04
-6.781115700000000125e-05	-3.005750799999999847e-12	5.829112406980284334e-04
-6.952789599999999789e-05	-3.088165600000000042e-12	5.810653819370930305e-04
-7.124463600000000409e-05	-3.164602700000000009e-12	5.813090007151847614e-04
-7.296137000000000716e-05	-3.258790999999999862e-12	5.775864855703170776e-04
-7.467810999999999980e-05	-3.304331199999999801e-12	5.920591034345489348e-04
-7.639484899999999645e-05	-3.412264000000000131e-12	5.765719495058654323e-04
-7.811158399999999552e-05	-3.511246800000000180e-12	5.792068670879529490e-04
-7.982832400000000172e-05	-3.548677000000000066e-12	5.804141592100876216e-04
-8.154505899999998724e-05	-3.611304800000000116e-12	5.743079592411544192e-04
-8.326180299999999101e-05	-3.683012200000000134e-12	5.810584950885510670e-04
-8.497853800000000363e-05	-3.770982200000000213e-12	5.761684364671959937e-04
-8.669527200000000670e-05	-3.849214399999999625e-12	5.749349031024125495e-04
-8.841201700000000648e-05	-3.923287899999999936e-12	5.754115652558266939e-04
-9.012875099999999599e-05	-3.993208100000000222e-12	5.756845075121600364e-04
-9.184549599999999577e-05	-4.073324099999999797e-12	5.713518174425886607e-04
-9.356222999999999883e-05	-4.168210899999999780e-12	5.734617898205133981e-04
-9.527896500000001146e-05	-4.242326999999999640e-12	5.740156190475999504e-04
-9.699570899999998812e-05	-4.318126200000000128e-12	5.669985641990178899e-04
-9.871244400000000075e-05	-4.404993300000000082e-12	5.735052000944391515e-04
-1.004291799999999958e-04	-4.457519000000000002e-12	5.678496718197220770e-04
-1.021459200000000020e-04	-4.546109100000000190e-12	5.725510172867771808e-04
-1.038626599999999947e-04	-4.640892300000000145e-12	5.707655059425533568e-04
-1.055793900000000002e-04	-4.722829299999999981e-12	5.690716481314836905e-04
-1.072961400000000071e-04	-4.766720899999999822e-12	5.731249698858522377e-04
-1.090128700000000126e-04	-4.831869700000000320e-12	5.646063975436175402e-04
-1.107296099999999917e-04	-4.916691199999999607e-12	5.714192076180424264e-04
-1.124463499999999979e-04	-4.997907500000000229e-12	5.697612162610126872e-04
-1.141630899999999905e-04	-5.039640100000000180e-12	5.636683620334366745e-04
-1.158798299999999967e-04	-5.103892999999999687e-12	5.679945774509347761e-04
-1.175965600000000022e-04	-5.182655499999999878e-12	5.695646544512642830e-04
-1.193133000000000084e-04	-5.277108599999999917e-12	5.672538293966279677e-04
-1.210300400000000011e-04	-5.350348200000000291e-12	5.684707795772562210e-04
-1.227467799999999937e-04	-5.425678599999999959e-12	5.694810953676663918e-04
-1.244635099999999992e-04	-5.494857599999999699e-12	5.733711344816576176e-04
-1.261802599999999790e-04	-5.587701699999999881e-12	5.672717586585412052e-04
-1.278969900000000116e-04	-5.653758300000000163e-12	5.634027474560596768e-04
-1.296137300000000043e-04	-5.726477900000000051e-12	5.639184702575691628e-04
-1.313304699999999969e-04	-5.809813100000000033e-12	5.657894904853162351e-04
-1.330472099999999895e-04	-5.894020500000000250e-12	5.647050930810750555e-04
-1.347639399999999950e-04	-5.951619399999999693e-12	5.629124455279071494e-04
-1.364806900000000019e-04	-6.024680799999999788e-12	5.680300697183988815e-04
-1.381974200000000074e-04	-6.088678199999999630e-12	5.592025412761139538e-04
-1.399141600000000001e-04	-6.184973099999999819e-12	5.598195171866187552e-04
-1.416308999999999927e-04	-6.242626199999999854e-12	5.640908644667098600e-04
-1.433476299999999982e-04	-6.322057499999999994e-12	5.642257754813103645e-04
-1.450643800000000051e-04	-6.423648099999999709e-12	5.559829738421048339e-04
-1.467811100000000106e-04	-6.461938599999999827e-12	5.618006568064666311e-04
-1.484978500000000033e-04	-6.528069800000000360e-12	5.578607474557924391e-04
-1.502145899999999959e-04	-6.602105599999999910e-12	5.663043374887529856e-04
-1.519313299999999886e-04	-6.680746200000000010e-12	5.644805624155923044e-04
-1.536480599999999941e-04	-6.767223500000000321e-12	5.572585059176355131e-04
-1.553648100000000010e-04	-6.848632299999999783e-12	5.560204841748481695e-04
-1.570815399999999794e-04	-6.874438100000000053e-12	5.610816298491926079e-04
-1.587982799999999991e-04	-6.962331300000000226e-12	5.577714560035427430e-04
-1.605150100000000046e-04	-7.044691699999999714e-12	5.601623541008225651e-04
-1.622317499999999973e-04	-7.110814999999999726e-12	5.599964697313254474e-04
-1.639484999999999771e-04	-7.145334199999999808e-12	5.559632730481355641e-04
-1.656652199999999954e-04	-7.226510600000000015e-12	5.577779471604688401e-04
-1.673819700000000023e-04	-7.320581600000000009e-12	5.603921544252409839e-04
-1.690987099999999950e-04	-7.395183399999999942e-12	5.569076752854695096e-04
-1.708154400000000005e-04	-7.458710699999999830e-12	5.624343979693101781e-04
-1.725321800000000202e-04	-7.565776100000000676e-12	5.527863704830322626e-04
-1.742489300000000000e-04	-7.663584200000000351e-12	5.577789550577090093e-04
-1.759656699999999927e-04	-7.736870200000000045e-12	5.554313826934675208e-04
-1.776823999999999982e-04	-7.807661600000000797e-12	5.570413942032941207e-04
-1.793991400000000179e-04	-7.890063599999999258e-12	5.591947621718330787e-04
-1.811158800000000106e-04	-7.948930600000000485e-12	5.537803823561452538e-04
-1.828326099999999889e-04	-8.028725299999999569e-12	5.551825568417013143e-04
-1.845493499999999816e-04	-8.088965300000000128e-12	5.585453712185223111e-04
-1.862660999999999885e-04	-8.177965199999999389e-12	5.547613651423420047e-04
-1.879828200000000068e-04	-8.230984499999999904e-12	5.549958850758095934e-04
-1.896995699999999866e-04	-8.308329700000000231e-12	5.572546383007548907e-04
-1.914163099999999793e-04	-8.380437800000000127e-12	5.530522094114951465e-04
-1.931330400000000119e-04	-8.464395900000000219e-12	5.575084176162203213e-04
-1.948497800000000045e-04	-8.575896899999999261e-12	5.593276474724544287e-04
-1.965665299999999843e-04	-8.604859900000000498e-12	5.539742970935046832e-04
-1.982832500000000027e-04	-8.698990300000000046e-12	5.584111144224564042e-04
-2.000000000000000096e-04	-8.766582899999999242e-12	5.536334492653219828e-04
-2.017167400000000022e-04	-8.831155399999999874e-12	5.533718697786923048e-04
-2.034334700000000077e-04	-8.864665100000000434e-12	5.533822597092046035e-04
-2.051502100000000004e-04	-8.979769200000000159e-12	5.505949439878301318e-04
-2.068669500000000201e-04	-9.075905000000000595e-12	5.597194551116406198e-04
-2.085836799999999985e-04	-9.148785900000000699e-12	5.553332093062022298e-04
-2.103004199999999912e-04	-9.247276600000000211e-12	5.603778856164385062e-04
-2.120171699999999710e-04	-9.274030300000000795e-12	5.554425972641224493e-04
-2.137338899999999893e-04	-9.354756599999999669e-12	5.491688459146127146e-04
-2.154506399999999962e-04	-9.393346300000000445e-12	5.551827922955908812e-04
-2.171673799999999889e-04	-9.511921600000000645e-12	5.522497287299947414e-04
-2.188841099999999944e-04	-9.576812399999999228e-12	5.541110017746159709e-04
-2.206008500000000141e-04	-9.647578700000000031e-12	5.570190214172941138e-04
-2.223175999999999939e-04	-9.732044200000000607e-12	5.556837169390521376e-04
-2.240343200000000123e-04	-9.817337000000000540e-12	5.488357851829847242e-04
-2.257510600000000049e-04	-9.884534199999999283e-12	5.467239050265820409e-04
-2.274678100000000118e-04	-9.950761600000000419e-12	5.532843874999933799e-04
-2.291845500000000045e-04	-9.976595900000000177e-12	5.464311861207893535e-04
-2.309012800000000100e-04	-1.006760899999999998e-11	5.490413086519872190e-04
-2.326180200000000026e-04	-1.019723499999999941e-11	5.496264546388446911e-04
-2.343347700000000095e-04	-1.027388599999999967e-11	5.486159832832932393e-04
-2.360514900000000007e-04	-1.029898000000000021e-11	5.546701100878616243e-04
-2.377682399999999805e-04	-1.039229400000000023e-11	5.477866447241300707e-04
-2.394849799999999732e-04	-1.041744300000000020e-11	5.534290032116780242e-04
-2.412017100000000058e-04	-1.047913800000000058e-11	5.529738663397025652e-04
-2.429184499999999984e-04	-1.056457600000000032e-11	5.498564015454618543e-04
-2.446351899999999911e-04	-1.065156599999999933e-11	5.501856780365679909e-04
-2.463519200000000237e-04	-1.070167500000000004e-11	5.440137737397506392e-04
-2.480686600000000163e-04	-1.082230099999999981e-11	5.453639611616385502e-04
-2.497854100000000232e-04	-1.089321399999999967e-11	5.529567853479909131e-04
-2.515021299999999874e-04	-1.094359299999999953e-11	5.543636136729783101e-04
-2.532188799999999943e-04	-1.101660900000000008e-11	5.502122579347385736e-04
-2.549356199999999869e-04	-1.109428799999999923e-11	5.454742820001398217e-04
-2.566523500000000195e-04	-1.115602100000000053e-11	5.547582595257870676e-04
-2.583690900000000122e-04	-1.124202099999999996e-11	5.528123019243021477e-04
-2.600858400000000191e-04	-1.134148700000000026e-11	5.572748873618516051e-04
-2.618025599999999832e-04	-1.138963199999999975e-11	5.480782817851770263e-04
-2.635193099999999901e-04	-1.145547899999999940e-11	5.480318401479238174e-04
-2.652360499999999828e-04	-1.156529399999999937e-11	5.548696428491889637e-04
-2.669527800000000154e-04	-1.161820399999999980e-11	5.483507274951649867e-04
-2.686695200000000080e-04	-1.168692599999999988e-11	5.520361122996664174e-04
-2.703862600000000007e-04	-1.179535499999999947e-11	5.410910798373872984e-04
-2.721029899999999791e-04	-1.185408200000000066e-11	5.465794589789160166e-04
-2.738197300000000259e-04	-1.189555399999999962e-11	5.476458917908977797e-04
-2.755364799999999786e-04	-1.187959500000000074e-11	5.461958295611355754e-04
-2.772532200000000255e-04	-1.200362599999999993e-11	5.527320581427838881e-04
-2.789699500000000039e-04	-1.203813899999999966e-11	5.462856825096376514e-04
-2.806866899999999965e-04	-1.214156300000000033e-11	5.467655236580154423e-04
-2.824034400000000034e-04	-1.224701399999999982e-11	5.503673096728563252e-04
-2.841201599999999675e-04	-1.236225900000000010e-11	5.472129015350793825e-04
-2.858369100000000287e-04	-1.247658900000000049e-11	5.437998367052222261e-04
-2.875536500000000213e-04	-1.253603000000000025e-11	5.497022202204156910e-04
-2.892703699999999854e-04	-1.256434500000000062e-11	5.433603227357963143e-04
-2.909871199999999923e-04	-1.266427700000000012e-11	5.422918461818085172e-04
-2.927038599999999850e-04	-1.276586200000000064e-11	5.491661541495585896e-04
-2.944205900000000176e-04	-1.282982600000000059e-11	5.510718749559771193e-04
-2.961373300000000102e-04	-1.288152300000000034e-11	5.466609963148575746e-04
-2.978540800000000171e-04	-1.292729699999999954e-11	5.459027277603331358e-04
-2.995707999999999813e-04	-1.298084499999999991e-11	5.443395060306333239e-04
-3.012875499999999882e-04	-1.308020699999999994e-11	5.456316238866437164e-04
-3.030042899999999808e-04	-1.314442299999999996e-11	5.418312929383747260e-04
-3.047210200000000134e-04	-1.319859399999999969e-11	5.457599340007779137e-04
-3.064377600000000061e-04	-1.333546599999999923e-11	5.436044862172618140e-04
-3.081544999999999987e-04	-1.337339000000000023e-11	5.398499420703285539e-04
-3.098712299999999771e-04	-1.344402499999999956e-11	5.555749587605120395e-04
-3.115879699999999698e-04	-1.353784200000000075e-11	5.507769913795053981e-04
-3.133047000000000024e-04	-1.360016600000000072e-11	5.479344369875750612e-04
-3.150214600000000235e-04	-1.365748099999999945e-11	5.490061879621390122e-04
-3.167381900000000019e-04	-1.373535199999999957e-11	5.432740832061026554e-04
-3.184549099999999661e-04	-1.379170299999999920e-11	5.444064128430810019e-04
-3.201716800000000015e-04	-1.388180100000000066e-11	5.505267523003334320e-04
-3.218884000000000198e-04	-1.396017200000000022e-11	5.445226947497284250e-04
-3.236051299999999982e-04	-1.401201699999999979e-11	5.499278788132156348e-04
-3.253218900000000194e-04	-1.404592200000000074e-11	5.424889157485958098e-04
-3.270386199999999978e-04	-1.412414299999999934e-11	5.492902338433212472e-04
-3.287553399999999619e-04	-1.419516799999999924e-11	5.448845629601788360e-04
-3.304720999999999831e-04	-1.430191800000000057e-11	5.442686865585558706e-04
-3.321888299999999614e-04	-1.434370899999999950e-11	5.425215098426751500e-04
-3.339055599999999941e-04	-1.445515500000000072e-11	5.482215501790718920e-04
-3.356223199999999610e-04	-1.456109400000000080e-11	5.468425378540397010e-04
-3.373390400000000336e-04	-1.461933400000000036e-11	5.482327296268272232e-04
-3.390557700000000120e-04	-1.465072500000000087e-11	5.428478285221928577e-04
-3.407725300000000331e-04	-1.474582799999999964e-11	5.489676090887164522e-04
-3.424892600000000115e-04	-1.484659300000000017e-11	5.492886962438125933e-04
-3.442059799999999756e-04	-1.487637599999999978e-11	5.417190713975901734e-04
-3.459227500000000110e-04	-1.493965000000000047e-11	5.463139361377197366e-04
-3.476394700000000294e-04	-1.502167699999999894e-11	5.414744229796693157e-04
-3.493562000000000078e-04	-1.509722200000000051e-11	5.432808239188941998e-04
-3.510729600000000289e-04	-1.516174300000000050e-11	5.446807623363384473e-04
-3.527896900000000073e-04	-1.524687300000000016e-11	5.498181142197613482e-04
-3.545064500000000285e-04	-1.536236099999999854e-11	5.452369309288468630e-04
-3.562231699999999926e-04	-1.542299399999999978e-11	5.453172617391800498e-04
-3.579398999999999710e-04	-1.545235099999999905e-11	5.455350669190506914e-04
-3.596566599999999922e-04	-1.551298000000000121e-11	5.454040766178776083e-04
-3.613733899999999706e-04	-1.562168500000000019e-11	5.485213381140290187e-04
-3.630901100000000431e-04	-1.568858399999999967e-11	5.407713289010979835e-04
-3.648068799999999701e-04	-1.575570400000000070e-11	5.433844686805663080e-04
-3.665236000000000427e-04	-1.581228399999999842e-11	5.440676556951858306e-04
-3.682403299999999669e-04	-1.585292699999999865e-11	5.466460711055523515e-04
-3.699570900000000422e-04	-1.596436699999999964e-11	5.477165981228636956e-04
-3.716738100000000064e-04	-1.604368900000000050e-11	5.467422135676041576e-04
-3.733905400000000390e-04	-1.605343799999999956e-11	5.475825116136703906e-04
-3.751073000000000059e-04	-1.614357400000000033e-11	5.377324765968342305e-04
-3.768240300000000385e-04	-1.626798900000000148e-11	5.450185096400493243e-04
-3.785407500000000027e-04	-1.627633400000000107e-11	5.468771801018859624e-04
-3.802575200000000381e-04	-1.631430100000000105e-11	5.388741220993410047e-04
-3.819742400000000022e-04	-1.643136300000000009e-11	5.472393754934432334e-04
-3.836909699999999806e-04	-1.651461099999999901e-11	5.442376074667133658e-04
-3.854077300000000018e-04	-1.652980500000000057e-11	5.387706206569887416e-04
-3.871244599999999801e-04	-1.660577200000000018e-11	5.468168725149271606e-04
-3.888411799999999985e-04	-1.663858500000000084e-11	5.425358737962986859e-04
-3.905579399999999654e-04	-1.679488799999999858e-11	5.480723283245933497e-04
-3.922746699999999980e-04	-1.686833799999999924e-11	5.411695359581069785e-04
-3.939913999999999764e-04	-1.695400200000000020e-11	5.391465226037843624e-04
-3.957081599999999976e-04	-1.700446199999999997e-11	5.446549670927773807e-04
-3.974248800000000159e-04	-1.705921299999999847e-11	5.401567123733367216e-04
-3.991416099999999401e-04	-1.716865700000000076e-11	5.376263125075272670e-04
-4.008583700000000155e-04	-1.726951399999999947e-11	5.390323125272231206e-04
-4.025751000000000481e-04	-1.732946599999999857e-11	5.414584023685057885e-04
-4.042918200000000122e-04	-1.746024499999999958e-11	5.402584250260643144e-04
-4.060085900000000476e-04	-1.750551800000000037e-11	5.439939396232848804e-04
-4.077253100000000118e-04	-1.754635300000000158e-11	5.441715237529086424e-04
-4.094420399999999902e-04	-1.757244000000000020e-11	5.443458952224936899e-04
-4.111588000000000113e-04	-1.766898600000000155e-11	5.408162993047936845e-04
-4.128755299999999897e-04	-1.773629300000000067e-11	5.413010950553699338e-04
-4.145922500000000081e-04	-1.784040599999999841e-11	5.391092842980743042e-04
-4.163090099999999750e-04	-1.790656299999999930e-11	5.416037860651798375e-04
-4.180257400000000076e-04	-1.798636200000000086e-11	5.443316942031630563e-04
-4.197424699999999860e-04	-1.807352400000000061e-11	5.485439302980265166e-04
-4.214592300000000072e-04	-1.813751900000000068e-11	5.410356956278936525e-04
-4.231759499999999713e-04	-1.818501400000000138e-11	5.420550792660310761e-04
-4.248926799999999497e-04	-1.828884799999999962e-11	5.404497031440126621e-04
-4.266094399999999709e-04	-1.835898600000000123e-11	5.425767671433410566e-04
-4.283261700000000577e-04	-1.835913700000000116e-11	5.428339527964223246e-04
-4.300428900000000218e-04	-1.841169899999999942e-11	5.384204487389982830e-04
-4.317596600000000572e-04	-1.852361699999999846e-11	5.381812381144075209e-04
-4.334763800000000214e-04	-1.859269700000000002e-11	5.432276264255265445e-04
-4.351931099999999998e-04	-1.865469899999999990e-11	5.398735254795875363e-04
-4.369098700000000209e-04	-1.872739300000000035e-11	5.464197298237213419e-04
-4.386265899999999851e-04	-1.884509000000000084e-11	5.456228433870629344e-04
-4.403433200000000177e-04	-1.892801899999999979e-11	5.422166364843044846e-04
-4.420600799999999846e-04	-1.898066799999999980e-11	5.419155867593859971e-04
-4.437768100000000172e-04	-1.903072800000000130e-11	5.413665538951393293e-04
-4.454935299999999813e-04	-1.911681400000000030e-11	5.380456710767931097e-04
-4.472103000000000167e-04	-1.923287200000000137e-11	5.450052467475515264e-04
-4.489270199999999809e-04	-1.930052499999999989e-11	5.457071603465177322e-04
-4.506437900000000163e-04	-1.935379600000000030e-11	5.372259798313328309e-04
-4.523605099999999804e-04	-1.942308100000000065e-11	5.485539053381717446e-04
-4.540772399999999588e-04	-1.944389399999999853e-11	5.411775351320241957e-04
-4.557939999999999800e-04	-1.951055600000000013e-11	5.413549357932774704e-04
-4.575107199999999441e-04	-1.960713900000000023e-11	5.427479134701447940e-04
-4.592274500000000309e-04	-1.972941400000000033e-11	5.410824517246586767e-04
-4.609442099999999437e-04	-1.976605699999999856e-11	5.399941492521624078e-04
-4.626609400000000305e-04	-1.983508300000000126e-11	5.336523629730139696e-04
-4.643776599999999946e-04	-1.987929100000000119e-11	5.429895346247635285e-04
-4.660944300000000300e-04	-1.997457099999999874e-11	5.411126780248977884e-04
-4.678111499999999942e-04	-2.009362799999999913e-11	5.497688289267113008e-04
-4.695278800000000268e-04	-2.017339400000000103e-11	5.455744517067357682e-04
-4.712446399999999937e-04	-2.026093200000000134e-11	5.448321451097977441e-04
-4.729613700000000263e-04	-2.033928599999999917e-11	5.391620572893417130e-04
-4.746780899999999905e-04	-2.037903000000000066e-11	5.363937702806630646e-04
-4.763948500000000116e-04	-2.049477300000000085e-11	5.435180234585715612e-04
-4.781115799999999900e-04	-2.055390800000000007e-11	5.424667175807939591e-04
-4.798283099999999684e-04	-2.055589700000000118e-11	5.414823839527749868e-04
-4.815450699999999896e-04	-2.071014699999999964e-11	5.428336991344761674e-04
-4.832617899999999537e-04	-2.072983500000000080e-11	5.322955273279749181e-04
-4.849785199999999863e-04	-2.074456899999999854e-11	5.399212966335561071e-04
-4.866952799999999532e-04	-2.082725499999999939e-11	5.397236088221957651e-04
-4.884120099999999859e-04	-2.086077299999999989e-11	5.414834783903559132e-04
-4.901287299999999500e-04	-2.098457999999999902e-11	5.367080690630537769e-04
-4.918455000000000396e-04	-2.102144300000000147e-11	5.407184206605135119e-04
-4.935622200000000038e-04	-2.106776700000000150e-11	5.440530579145429159e-04
-4.952789500000000364e-04	-2.116307300000000114e-11	5.316902431982457487e-04
-4.969957099999999491e-04	-2.126981900000000017e-11	5.476590011558435779e-04
-4.987124399999999817e-04	-2.140540299999999936e-11	5.385943194442348314e-04
-5.004291599999999458e-04	-2.149898999999999865e-11	5.413077438842995226e-04
-5.021459200000000754e-04	-2.153685699999999905e-11	5.425010958909971034e-04
-5.038626499999999996e-04	-2.161678299999999962e-11	5.368365625960245168e-04
-5.055793699999999637e-04	-2.171563799999999940e-11	5.431826752357762737e-04
-5.072961399999999449e-04	-2.183440100000000133e-11	5.441583170014492772e-04
-5.090128600000000175e-04	-2.188642499999999921e-11	5.349061686347762051e-04
-5.107295900000000501e-04	-2.194075000000000059e-11	5.376414905527564540e-04
-5.124463499999999628e-04	-2.199865500000000064e-11	5.429338081383371746e-04
-5.141630799999999954e-04	-2.205702099999999861e-11	5.428976679816417640e-04
-5.158797999999999596e-04	-2.210164999999999923e-11	5.414884642275691632e-04
-5.175965700000000492e-04	-2.218559899999999892e-11	5.390633421121732247e-04
-5.193132900000000133e-04	-2.220434300000000120e-11	5.475753089452099244e-04
-5.210300200000000459e-04	-2.233798899999999964e-11	5.338073487887031810e-04
-5.227467799999999587e-04	-2.248251799999999906e-11	5.461766138013024246e-04
-5.244635000000000312e-04	-2.250784099999999931e-11	5.414986182549864436e-04
-5.261802299999999554e-04	-2.253061099999999922e-11	5.362361907813996235e-04
-5.278969899999999766e-04	-2.264526099999999854e-11	5.390015306371454418e-04
-5.296137200000000092e-04	-2.272527099999999912e-11	5.435775662029150145e-04
-5.313304399999999733e-04	-2.279018800000000152e-11	5.424617836218808675e-04
-5.330472099999999545e-04	-2.285177099999999863e-11	5.486006837339632179e-04
-5.347639299999999186e-04	-2.290409900000000075e-11	5.423262873594243260e-04
-5.364806600000000597e-04	-2.298114999999999927e-11	5.393479928648081895e-04
-5.381974199999999724e-04	-2.308879100000000119e-11	5.427148415534339488e-04
-5.399141500000000050e-04	-2.315559199999999902e-11	5.352270191528957308e-04
-5.416308699999999691e-04	-2.325880500000000067e-11	5.382510406548046168e-04
-5.433476299999999903e-04	-2.328063600000000137e-11	5.474179556400294785e-04
-5.450643600000000229e-04	-2.329709000000000004e-11	5.319622885457049892e-04
-5.467810900000000555e-04	-2.334730299999999940e-11	5.358519067637711143e-04
-5.484978499999999682e-04	-2.341742300000000031e-11	5.424657446237404930e-04
-5.502145700000000408e-04	-2.350621799999999923e-11	5.472755362334560296e-04
-5.519313400000000220e-04	-2.361280600000000075e-11	5.448147929344031607e-04
-5.536480599999999861e-04	-2.361292400000000102e-11	5.453879429827716624e-04
-5.553647900000000187e-04	-2.375472200000000073e-11	5.416811177258289969e-04
-5.570815500000000399e-04	-2.384597399999999950e-11	5.387542126303288296e-04
-5.587982799999999641e-04	-2.385585299999999928e-11	5.460931110139569155e-04
-5.605149999999999282e-04	-2.396148199999999974e-11	5.386365471605117751e-04
-5.622317599999999494e-04	-2.405227800000000024e-11	5.422962797065212365e-04
-5.639484899999999820e-04	-2.402242800000000072e-11	5.355749273040748141e-04
-5.656652200000000146e-04	-2.413880200000000004e-11	5.387386362408213983e-04
-5.673819799999999273e-04	-2.424849000000000102e-11	5.339019235575958883e-04
-5.690986999999999999e-04	-2.425833100000000148e-11	5.423970783250738753e-04
-5.708154300000000325e-04	-2.439585999999999900e-11	5.433469879101961381e-04
-5.725321900000000536e-04	-2.443539800000000113e-11	5.417443021396490567e-04
-5.742489199999999778e-04	-2.452769599999999949e-11	5.364350741324151956e-04
-5.759656400000000504e-04	-2.461575700000000121e-11	5.400296079258962850e-04
-5.776824100000000316e-04	-2.455500399999999855e-11	5.410740830020882791e-04
-5.793991299999999957e-04	-2.465315800000000080e-11	5.419876398265463047e-04
-5.811158600000000283e-04	-2.485731600000000026e-11	5.385960001487803120e-04
-5.828326200000000495e-04	-2.490020699999999926e-11	5.395360145175812213e-04
-5.845493499999999737e-04	-2.495296500000000080e-11	5.372077608166327253e-04
-5.862660699999999378e-04	-2.508537999999999948e-11	5.372030148711711209e-04
-5.879828299999999590e-04	-2.515859199999999846e-11	5.407081770449523620e-04
-5.896995599999999916e-04	-2.523202700000000016e-11	5.392915540506595289e-04
-5.914162800000000641e-04	-2.534015900000000118e-11	5.355907364239965041e-04
-5.931330499999999369e-04	-2.541868500000000136e-11	5.383162468757743272e-04
-5.948497700000000095e-04	-2.544043100000000146e-11	5.419468848365545767e-04
-5.965664999999999336e-04	-2.553580099999999927e-11	5.425531482654166347e-04
-5.982832600000000632e-04	-2.558253600000000068e-11	5.374678101215807358e-04
-5.999999899999999874e-04	-2.552675099999999982e-11	5.402589724500295220e-04
-6.081632499999999747e-04	-2.585449899999999917e-11	5.420366368890510182e-04
-6.163265200000000305e-04	-2.626357799999999910e-11	5.357429960469738172e-04
-6.244897800000000177e-04	-2.660459899999999937e-11	5.339678820168881207e-04
-6.326530900000000221e-04	-2.703995500000000098e-11	5.351178726461717876e-04
-6.408163200000000208e-04	-2.742706900000000041e-11	5.296927200940701030e-04
-6.489795399999999511e-04	-2.769693500000000006e-11	5.272172894075885692e-04
-6.571428499999999555e-04	-2.795400200000000099e-11	5.409878252104132835e-04
-6.653061499999999998e-04	-2.826521799999999864e-11	5.273351758192876011e-04
-6.734693799999999985e-04	-2.864227800000000067e-11	5.327917733666791972e-04
-6.816326099999999973e-04	-2.907665100000000028e-11	5.293619510820690060e-04
-6.897959100000000416e-04	-2.941068199999999797e-11	5.225347957092759841e-04
-6.979592099999999775e-04	-2.973565100000000222e-11	5.268833286392492947e-04
-7.061224400000000847e-04	-3.000662200000000320e-11	5.343786841063202699e-04
-7.142856699999999750e-04	-3.027450900000000105e-11	5.291179602763373523e-04
-7.224489700000000193e-04	-3.070585500000000134e-11	5.317210811433205515e-04
-7.306122800000000236e-04	-3.109550799999999950e-11	5.268351386747969264e-04
-7.387755100000000224e-04	-3.141862800000000267e-11	5.340486680453928421e-04
-7.469387399999999127e-04	-3.169874100000000128e-11	5.343516001124415859e-04
-7.551020399999999570e-04	-3.206675199999999798e-11	5.250560718294124086e-04
-7.632653400000000013e-04	-3.243322299999999750e-11	5.298173609826021266e-04
-7.714285700000000001e-04	-3.287465399999999693e-11	5.282997448929886318e-04
-7.795917999999999988e-04	-3.317483399999999899e-11	5.259445713883606488e-04
-7.877551000000000431e-04	-3.341567300000000247e-11	5.306382984045477594e-04
-7.959184099999999391e-04	-3.371328899999999783e-11	5.280357982335151436e-04
-8.040816300000000862e-04	-3.402056800000000077e-11	5.232173943380884163e-04
-8.122448599999999765e-04	-3.436599600000000211e-11	5.298502485336023396e-04
-8.204081699999999809e-04	-3.474608399999999757e-11	5.332802141352359273e-04
-8.285714700000000252e-04	-3.508617999999999702e-11	5.297420871447349345e-04
-8.367347000000000239e-04	-3.534454300000000291e-11	5.299447683642196554e-04
-8.448979299999999143e-04	-3.574316500000000222e-11	5.237822418850284802e-04
-8.530612299999999586e-04	-3.608837199999999877e-11	5.332449045761459682e-04
-8.612245300000000029e-04	-3.644265800000000181e-11	5.232146985556001195e-04
-8.693877600000000016e-04	-3.680350100000000304e-11	5.217863568146069355e-04
-8.775509900000000004e-04	-3.716136100000000128e-11	5.303642911459383784e-04
-8.857142899999999363e-04	-3.736608599999999847e-11	5.255815012009761294e-04
-8.938775999999999406e-04	-3.771876599999999854e-11	5.351037559173231917e-04
-9.020408200000000877e-04	-3.802212700000000157e-11	5.287451436493686117e-04
-9.102040499999999781e-04	-3.827207999999999943e-11	5.346790476890652972e-04
-9.183673599999999824e-04	-3.858731399999999978e-11	5.302263673921709004e-04
-9.265306600000000267e-04	-3.890441399999999809e-11	5.252636948051443971e-04
-9.346938900000000255e-04	-3.938952999999999927e-11	5.239277693470288872e-04
-9.428571199999999158e-04	-3.973875700000000291e-11	5.197524893244385600e-04
-9.510204199999999601e-04	-4.006112800000000023e-11	5.234027279204735324e-04
-9.591837200000000044e-04	-4.023336899999999927e-11	5.241045770560664053e-04
-9.673469500000000032e-04	-4.067732300000000111e-11	5.295133999124948402e-04
-9.755101800000000019e-04	-4.099333399999999764e-11	5.188656049041359773e-04
-9.836734799999998294e-04	-4.137433799999999842e-11	5.327049535084337232e-04
-9.918367899999999421e-04	-4.166033099999999862e-11	5.280517582181437370e-04
-1.000000000000000021e-03	-4.208094999999999751e-11	5.189782667381870026e-04
