# [DATA]
1.000000000000000021e-03	4.133453999999999807e-11	5.283908104366558285e-04
9.918367899999999421e-04	4.100037000000000092e-11	5.317241287633886438e-04
9.836734799999998294e-04	4.068211700000000264e-11	5.338000998486399544e-04
9.755101800000000019e-04	4.024394399999999693e-11	5.253645791781849650e-04
9.673469500000000032e-04	3.988361700000000276e-11	5.316844081595235817e-04
9.591837200000000044e-04	3.957160999999999763e-11	5.332361581618977244e-04
9.510204199999999601e-04	3.930401800000000205e-11	5.265967110116498906e-04
9.428571199999999158e-04	3.895304900000000094e-11	5.301040952619015490e-04
9.346938900000000255e-04	3.881692200000000172e-11	5.344981057251399102e-04
9.265306600000000267e-04	3.841359199999999883e-11	5.271581523200806040e-04
9.183673599999999824e-04	3.809107500000000125e-11	5.339830101164721402e-04
9.102040499999999781e-04	3.771701999999999876e-11	5.335568419356442752e-04
9.020408200000000877e-04	3.742816500000000079e-11	5.162039239327904276e-04
8.938775999999999406e-04	3.709343899999999934e-11	5.381721379627864418e-04
8.857142899999999363e-04	3.669992799999999714e-11	5.433435794967934928e-04
8.775509900000000004e-04	3.636075099999999829e-11	5.383042735508783211e-04
8.693877600000000016e-04	3.605442999999999908e-11	5.380855466087201963e-04
8.612245300000000029e-04	3.566204600000000122e-11	5.335148364585580319e-04
8.530612299999999586e-04	3.532417399999999961e-11	5.313256540064757380e-04
8.448979299999999143e-04	3.496915600000000052e-11	5.424055869518393811e-04
8.367347000000000239e-04	3.473558199999999682e-11	5.469625154067407364e-04
8.285714700000000252e-04	3.444306599999999867e-11	5.370181436029514708e-04
8.204081699999999809e-04	3.414394800000000221e-11	5.429970544945962596e-04
8.122448599999999765e-04	3.376466099999999738e-11	5.381128980023191935e-04
8.040816300000000862e-04	3.326113299999999816e-11	5.414794388144974178e-04
7.959184099999999391e-04	3.282228300000000231e-11	5.357957944949154295e-04
7.877551000000000431e-04	3.266754199999999829e-11	5.393138634174892299e-04
7.795917999999999988e-04	3.242145400000000206e-11	5.394251882979005531e-04
7.714285700000000001e-04	3.199398699999999854e-11	5.452347653956492223e-04
7.632653400000000013e-04	3.178676400000000045e-11	5.460601513104364159e-04
7.551020399999999570e-04	3.144184899999999797e-11	5.354922968339047209e-04
7.469387399999999127e-04	3.113342600000000027e-11	5.438692084961254140e-04
7.387755100000000224e-04	3.080590599999999683e-11	5.402376774678122615e-04
7.306122800000000236e-04	3.055818400000000085e-11	5.443599815417849265e-04
7.224489700000000193e-04	3.013351699999999809e-11	5.415097111176918809e-04
7.142856699999999750e-04	2.980587300000000062e-11	5.492940548823021293e-04
7.061224400000000847e-04	2.937100200000000111e-11	5.404895933959604154e-04
6.979592099999999775e-04	2.914586300000000049e-11	5.450725843722112806e-04
6.897959100000000416e-04	2.884000299999999920e-11	5.432266364970418735e-04
6.816326099999999973e-04	2.851796399999999967e-11	5.436379243682570948e-04
6.734693799999999985e-04	2.821238599999999962e-11	5.467403056999875543e-04
6.653061499999999998e-04	2.788900199999999915e-11	5.425882371787500453e-04
6.571428499999999555e-04	2.747183899999999841e-11	5.393091265180976167e-04
6.489795399999999511e-04	2.699486100000000012e-11	5.418350132320473534e-04
6.408163200000000208e-04	2.675121199999999981e-11	5.410296450481940581e-04
6.326530900000000221e-04	2.653879499999999870e-11	5.438324065964445083e-04
6.244897800000000177e-04	2.633626099999999967e-11	5.391175101275046729e-04
6.163265200000000305e-04	2.603804799999999895e-11	5.433796021740753364e-04
6.081632499999999747e-04	2.555058899999999910e-11	5.338330156647490624e-04
5.999999899999999874e-04	2.518392799999999976e-11	5.460230793574150348e-04
5.982832600000000632e-04	2.501425299999999887e-11	5.391669527691029737e-04
5.965664999999999336e-04	2.492844999999999845e-11	5.512994257624263946e-04
5.948497700000000095e-04	2.495489600000000074e-11	5.443089733938180977e-04
5.931330499999999369e-04	2.482093199999999968e-11	5.439213993892198827e-04
5.914162800000000641e-04	2.478973599999999865e-11	5.481842104135410372e-04
5.896995599999999916e-04	2.477769900000000036e-11	5.429233581849238384e-04
5.879828299999999590e-04	2.465426799999999856e-11	5.453838457361592524e-04
5.862660699999999378e-04	2.450355899999999887e-11	5.484260554867439671e-04
5.845493499999999737e-04	2.434616400000000083e-11	5.501719302564092454e-04
5.828326200000000495e-04	2.436519899999999985e-11	5.408433568806999582e-04
5.811158600000000283e-04	2.439417099999999982e-11	5.393585803935039636e-04
5.793991299999999957e-04	2.430958000000000111e-11	5.428874942023250404e-04
5.776824100000000316e-04	2.431838400000000072e-11	5.440578929770282851e-04
5.759656400000000504e-04	2.421684200000000079e-11	5.492069395397395195e-04
5.742489199999999778e-04	2.410975800000000051e-11	5.436238939719602835e-04
5.725321900000000536e-04	2.406515999999999840e-11	5.482466622168889183e-04
5.708154300000000325e-04	2.398907800000000026e-11	5.484047544804392278e-04
5.690986999999999999e-04	2.392180199999999965e-11	5.507913383310051583e-04
5.673819799999999273e-04	2.385649699999999946e-11	5.481333084427783900e-04
5.656652200000000146e-04	2.371379300000000019e-11	5.460507522966716451e-04
5.639484899999999820e-04	2.364519300000000107e-11	5.535630383824367406e-04
5.622317599999999494e-04	2.357091600000000122e-11	5.469527913776715822e-04
5.605149999999999282e-04	2.351496099999999916e-11	5.458045596035466553e-04
5.587982799999999641e-04	2.356463500000000080e-11	5.486819776216356366e-04
5.570815500000000399e-04	2.347806999999999994e-11	5.451453837583332971e-04
5.553647900000000187e-04	2.342531700000000129e-11	5.422427778654532191e-04
5.536480599999999861e-04	2.338183600000000098e-11	5.450110932007931966e-04
5.519313400000000220e-04	2.326818399999999940e-11	5.423059433292860831e-04
5.502145700000000408e-04	2.322514399999999840e-11	5.485973041078856353e-04
5.484978499999999682e-04	2.312365899999999906e-11	5.454985691361223998e-04
5.467810900000000555e-04	2.301121799999999861e-11	5.507975054112239453e-04
5.450643600000000229e-04	2.296591600000000047e-11	5.430488039050731207e-04
5.433476299999999903e-04	2.296482799999999925e-11	5.452317885025603078e-04
5.416308699999999691e-04	2.291204700000000059e-11	5.455704684799320353e-04
5.399141500000000050e-04	2.277328300000000100e-11	5.510663873904039474e-04
5.381974199999999724e-04	2.268048800000000008e-11	5.431020040758130973e-04
5.364806600000000597e-04	2.258202100000000132e-11	5.486452252387470901e-04
5.347639299999999186e-04	2.245838099999999843e-11	5.460828665199620466e-04
5.330472099999999545e-04	2.236479899999999880e-11	5.475167722781596694e-04
5.313304399999999733e-04	2.236953499999999915e-11	5.446246378397402894e-04
5.296137200000000092e-04	2.225272199999999845e-11	5.481462265713609632e-04
5.278969899999999766e-04	2.227837400000000121e-11	5.455435558256434368e-04
5.261802299999999554e-04	2.215459599999999944e-11	5.472644259143950038e-04
5.244635000000000312e-04	2.216718499999999972e-11	5.483079047687987751e-04
5.227467799999999587e-04	2.209305799999999922e-11	5.469105605883659363e-04
5.210300200000000459e-04	2.196285299999999998e-11	5.506079330108655566e-04
5.193132900000000133e-04	2.195042200000000043e-11	5.453798433625969052e-04
5.175965700000000492e-04	2.188107499999999984e-11	5.436310817213386125e-04
5.158797999999999596e-04	2.172716899999999963e-11	5.515989993374720811e-04
5.141630799999999954e-04	2.174038200000000146e-11	5.429042122672810954e-04
5.124463499999999628e-04	2.169496900000000063e-11	5.483240834498619197e-04
5.107295900000000501e-04	2.166802800000000017e-11	5.410790868097299514e-04
5.090128600000000175e-04	2.151830799999999947e-11	5.486481417687323831e-04
5.072961399999999449e-04	2.146618999999999903e-11	5.446779443981432682e-04
5.055793699999999637e-04	2.142034799999999935e-11	5.412272570666751574e-04
5.038626499999999996e-04	2.138450500000000088e-11	5.445935579463819214e-04
5.021459200000000754e-04	2.132282499999999947e-11	5.471133800840267567e-04
5.004291599999999458e-04	2.123128900000000154e-11	5.493033970033830852e-04
4.987124399999999817e-04	2.113295099999999970e-11	5.446242396855616088e-04
4.969957099999999491e-04	2.105158800000000002e-11	5.480733783372095927e-04
4.952789500000000364e-04	2.088543899999999893e-11	5.462183549457404501e-04
4.935622200000000038e-04	2.091519999999999877e-11	5.464181460453642909e-04
4.918455000000000396e-04	2.083199099999999974e-11	5.479039942714774084e-04
4.901287299999999500e-04	2.082602000000000056e-11	5.482440260064842157e-04
4.884120099999999859e-04	2.075894700000000081e-11	5.415323207646178345e-04
4.866952799999999532e-04	2.066990300000000032e-11	5.451736383039869566e-04
4.849785199999999863e-04	2.054176999999999841e-11	5.445165393693564585e-04
4.832617899999999537e-04	2.046766400000000034e-11	5.459350719668512033e-04
4.815450699999999896e-04	2.043412000000000098e-11	5.415571791519097978e-04
4.798283099999999684e-04	2.031470799999999923e-11	5.460399116962303453e-04
4.781115799999999900e-04	2.017681199999999987e-11	5.427302561342304188e-04
4.763948500000000116e-04	2.011789299999999933e-11	5.471140046651859013e-04
4.746780899999999905e-04	1.987663499999999955e-11	5.468250961236760998e-04
4.729613700000000263e-04	1.982350600000000033e-11	5.500635855069049450e-04
4.712446399999999937e-04	1.985252800000000008e-11	5.478920257074153819e-04
4.695278800000000268e-04	1.995513299999999972e-11	5.457191426283802002e-04
4.678111499999999942e-04	1.994728200000000095e-11	5.485401844725804705e-04
4.660944300000000300e-04	1.987049399999999916e-11	5.486886709463800272e-04
4.643776599999999946e-04	1.970643800000000106e-11	5.455630554569884964e-04
4.626609400000000305e-04	1.963335900000000130e-11	5.492645576017121363e-04
4.609442099999999437e-04	1.957314200000000109e-11	5.506555046752577938e-04
4.592274500000000309e-04	1.949458999999999883e-11	5.442933934349523158e-04
4.575107199999999441e-04	1.940948600000000125e-11	5.504465329392001574e-04
4.557939999999999800e-04	1.937530900000000161e-11	5.463158059630084801e-04
4.540772399999999588e-04	1.926148299999999975e-11	5.506183971344536920e-04
4.523605099999999804e-04	1.916608900000000101e-11	5.474252662783158415e-04
4.506437900000000163e-04	1.907724000000000000e-11	5.462183920225680608e-04
4.489270199999999809e-04	1.914042400000000043e-11	5.500970371523284568e-04
4.472103000000000167e-04	1.912082599999999953e-11	5.499013199142402733e-04
4.454935299999999813e-04	1.903417400000000015e-11	5.466064775128832293e-04
4.437768100000000172e-04	1.892284599999999920e-11	5.462276964108270499e-04
4.420600799999999846e-04	1.882217099999999892e-11	5.518984622186592828e-04
4.403433200000000177e-04	1.875964799999999879e-11	5.449185723182693036e-04
4.386265899999999851e-04	1.870548700000000160e-11	5.486323624063415508e-04
4.369098700000000209e-04	1.856344200000000147e-11	5.480797901535068963e-04
4.351931099999999998e-04	1.852797899999999940e-11	5.486194200703311402e-04
4.334763800000000214e-04	1.849702999999999878e-11	5.477899697624630639e-04
4.317596600000000572e-04	1.843095600000000057e-11	5.462405122753480379e-04
4.300428900000000218e-04	1.834538800000000010e-11	5.449200403176839317e-04
4.283261700000000577e-04	1.824456400000000106e-11	5.451806885875643905e-04
4.266094399999999709e-04	1.824802599999999945e-11	5.463853587812288280e-04
4.248926799999999497e-04	1.815014800000000143e-11	5.436939296691362025e-04
4.231759499999999713e-04	1.796966199999999913e-11	5.459051832616332572e-04
4.214592300000000072e-04	1.793381199999999984e-11	5.515611252607664945e-04
4.197424699999999860e-04	1.782832199999999884e-11	5.479071285838856562e-04
4.180257400000000076e-04	1.773559400000000106e-11	5.472381964325097109e-04
4.163090099999999750e-04	1.772814699999999962e-11	5.506156955848177850e-04
4.145922500000000081e-04	1.767811199999999963e-11	5.502785429554656006e-04
4.128755299999999897e-04	1.762308000000000047e-11	5.500989635589686750e-04
4.111588000000000113e-04	1.754225099999999886e-11	5.524588387575515066e-04
4.094420399999999902e-04	1.753857100000000064e-11	5.538545053172779301e-04
4.077253100000000118e-04	1.744240900000000123e-11	5.493301727028707766e-04
4.060085900000000476e-04	1.736969800000000065e-11	5.543852000212415526e-04
4.042918200000000122e-04	1.732558899999999972e-11	5.490281912551511637e-04
4.025751000000000481e-04	1.725469199999999940e-11	5.505431981592344816e-04
4.008583700000000155e-04	1.716750699999999930e-11	5.496955491260843403e-04
3.991416099999999401e-04	1.709136699999999999e-11	5.461027237299850368e-04
3.974248800000000159e-04	1.705591900000000012e-11	5.510425994593600406e-04
3.957081599999999976e-04	1.697486799999999960e-11	5.550695742350885645e-04
3.939913999999999764e-04	1.689988800000000106e-11	5.482542169253899495e-04
3.922746699999999980e-04	1.682189099999999929e-11	5.466695552079160530e-04
3.905579399999999654e-04	1.675589500000000087e-11	5.475853698567419766e-04
3.888411799999999985e-04	1.670269300000000152e-11	5.504229830304217764e-04
3.871244599999999801e-04	1.662445899999999864e-11	5.453719674159426085e-04
3.854077300000000018e-04	1.655610899999999843e-11	5.492882957565663627e-04
3.836909699999999806e-04	1.645028599999999908e-11	5.505266000049987771e-04
3.819742400000000022e-04	1.638859199999999928e-11	5.557517697812965930e-04
3.802575200000000381e-04	1.634347900000000038e-11	5.539243495616811598e-04
3.785407500000000027e-04	1.623229699999999969e-11	5.533736769912642791e-04
3.768240300000000385e-04	1.610598099999999977e-11	5.538739084192744562e-04
3.751073000000000059e-04	1.595576299999999917e-11	5.546076698091154372e-04
3.733905400000000390e-04	1.590328000000000128e-11	5.495652047429685789e-04
3.716738100000000064e-04	1.586938200000000113e-11	5.555639781552492015e-04
3.699570900000000422e-04	1.585469599999999879e-11	5.568116178148807896e-04
3.682403299999999669e-04	1.573065999999999994e-11	5.506756980518804408e-04
3.665236000000000427e-04	1.567019599999999932e-11	5.567932958769671124e-04
3.648068799999999701e-04	1.566462199999999989e-11	5.519791878991701494e-04
3.630901100000000431e-04	1.555992799999999957e-11	5.537064289904203903e-04
3.613733899999999706e-04	1.556000800000000052e-11	5.544400720283126872e-04
3.596566599999999922e-04	1.541947600000000137e-11	5.464670658554126193e-04
3.579398999999999710e-04	1.533229600000000093e-11	5.507658550831735821e-04
3.562231699999999926e-04	1.521554600000000105e-11	5.559791801091747100e-04
3.545064500000000285e-04	1.521945599999999957e-11	5.491424357528736392e-04
3.527896900000000073e-04	1.513740199999999843e-11	5.475269838625710598e-04
3.510729600000000289e-04	1.514445699999999976e-11	5.519809532329598891e-04
3.493562000000000078e-04	1.504902300000000055e-11	5.497969368889383569e-04
3.476394700000000294e-04	1.496640999999999984e-11	5.552005002958257602e-04
3.459227500000000110e-04	1.486408399999999969e-11	5.496967106911269507e-04
3.442059799999999756e-04	1.483794700000000130e-11	5.538207727755055940e-04
3.424892600000000115e-04	1.481767999999999871e-11	5.570141073691349488e-04
3.407725300000000331e-04	1.472224300000000101e-11	5.484746629358905031e-04
3.390557700000000120e-04	1.461119600000000070e-11	5.573626340540413070e-04
3.373390400000000336e-04	1.449643000000000066e-11	5.536322995380998100e-04
3.356223199999999610e-04	1.441842799999999924e-11	5.509131577938426510e-04
3.339055599999999941e-04	1.433578500000000059e-11	5.510379161978446860e-04
3.321888299999999614e-04	1.425392399999999939e-11	5.541979787514757878e-04
3.304720999999999831e-04	1.420500700000000016e-11	5.482395885272288568e-04
3.287553399999999619e-04	1.418866499999999990e-11	5.570322848858125881e-04
3.270386199999999978e-04	1.411699700000000042e-11	5.515291935587028497e-04
3.253218900000000194e-04	1.405136700000000002e-11	5.450093672489881094e-04
3.236051299999999982e-04	1.393360299999999963e-11	5.576019905660043472e-04
3.218884000000000198e-04	1.381194300000000073e-11	5.556037039510370017e-04
3.201716800000000015e-04	1.379361900000000018e-11	5.497254602503593487e-04
3.184549099999999661e-04	1.371816299999999990e-11	5.543257700486344929e-04
3.167381900000000019e-04	1.366885299999999998e-11	5.533642766634865907e-04
3.150214600000000235e-04	1.360307000000000012e-11	5.560238430105429903e-04
3.133047000000000024e-04	1.352529399999999990e-11	5.528066153991573932e-04
3.115879699999999698e-04	1.345407400000000054e-11	5.534995174695273457e-04
3.098712299999999771e-04	1.343317300000000032e-11	5.578851288467762820e-04
3.081544999999999987e-04	1.336735700000000080e-11	5.567119105864957356e-04
3.064377600000000061e-04	1.327013899999999926e-11	5.575271131829027645e-04
3.047210200000000134e-04	1.318776799999999931e-11	5.572522511363948257e-04
3.030042899999999808e-04	1.310466300000000054e-11	5.490726482864201558e-04
3.012875499999999882e-04	1.303947099999999934e-11	5.563741746489462344e-04
2.995707999999999813e-04	1.293907899999999926e-11	5.517675470209793941e-04
2.978540800000000171e-04	1.280463500000000060e-11	5.530448747976233776e-04
2.961373300000000102e-04	1.277575599999999939e-11	5.528982458384232041e-04
2.944205900000000176e-04	1.273453499999999992e-11	5.568441103564337590e-04
2.927038599999999850e-04	1.264343999999999969e-11	5.550813436973050120e-04
2.909871199999999923e-04	1.259312400000000066e-11	5.610083185303183255e-04
2.892703699999999854e-04	1.253186399999999936e-11	5.458085458040349463e-04
2.875536500000000213e-04	1.242461599999999973e-11	5.555553174465967898e-04
2.858369100000000287e-04	1.236861699999999974e-11	5.516323472700147531e-04
2.841201599999999675e-04	1.233402900000000033e-11	5.562077839764167399e-04
2.824034400000000034e-04	1.225791900000000057e-11	5.637349897091775480e-04
2.806866899999999965e-04	1.220073800000000003e-11	5.497110721566186072e-04
2.789699500000000039e-04	1.214250499999999966e-11	5.529272570472707708e-04
2.772532200000000255e-04	1.207183199999999941e-11	5.541227818213602472e-04
2.755364799999999786e-04	1.197741700000000036e-11	5.584763384334813507e-04
2.738197300000000259e-04	1.189024100000000061e-11	5.549234161958484278e-04
2.721029899999999791e-04	1.180416100000000023e-11	5.607357711152349562e-04
2.703862600000000007e-04	1.174008000000000060e-11	5.606566898005385007e-04
2.686695200000000080e-04	1.173778099999999986e-11	5.564478441281459162e-04
2.669527800000000154e-04	1.166712600000000030e-11	5.599299663184768676e-04
2.652360499999999828e-04	1.154091600000000018e-11	5.597706382383650604e-04
2.635193099999999901e-04	1.146589800000000071e-11	5.585522310479623664e-04
2.618025599999999832e-04	1.140476800000000014e-11	5.569357414972918915e-04
2.600858400000000191e-04	1.137401900000000027e-11	5.591380027852921103e-04
2.583690900000000122e-04	1.129143300000000060e-11	5.553577043331567147e-04
2.566523500000000195e-04	1.121643400000000079e-11	5.563727240310603313e-04
2.549356199999999869e-04	1.112451000000000022e-11	5.573280391516475824e-04
2.532188799999999943e-04	1.103452299999999983e-11	5.568011909056924018e-04
2.515021299999999874e-04	1.097511600000000031e-11	5.523222865487838890e-04
2.497854100000000232e-04	1.086788299999999965e-11	5.555763485591201601e-04
2.480686600000000163e-04	1.083777900000000052e-11	5.649533576542842099e-04
2.463519200000000237e-04	1.078064600000000023e-11	5.586925407516763571e-04
2.446351899999999911e-04	1.067231599999999962e-11	5.603701813241603611e-04
2.429184499999999984e-04	1.063535599999999934e-11	5.604471041852559588e-04
2.412017100000000058e-04	1.052252999999999959e-11	5.600796546547968458e-04
2.394849799999999732e-04	1.044459400000000072e-11	5.687180011171697911e-04
2.377682399999999805e-04	1.040207000000000033e-11	5.578644634754307066e-04
2.360514900000000007e-04	1.030434600000000073e-11	5.588342332443289309e-04
2.343347700000000095e-04	1.027373600000000032e-11	5.618853737375871342e-04
2.326180200000000026e-04	1.015222500000000019e-11	5.586927750600096179e-04
2.309012800000000100e-04	1.012681699999999934e-11	5.663441944606705317e-04
2.291845500000000045e-04	1.002379600000000028e-11	5.630676286022086915e-04
2.274678100000000118e-04	9.931528700000000250e-12	5.608996027560067934e-04
2.257510600000000049e-04	9.903975200000000028e-12	5.561232819543097819e-04
2.240343200000000123e-04	9.822116199999999983e-12	5.628388567158345256e-04
2.223175999999999939e-04	9.705190600000000516e-12	5.595673940052375795e-04
2.206008500000000141e-04	9.655534199999999350e-12	5.540475205910416322e-04
2.188841099999999944e-04	9.599232000000000431e-12	5.604517570139317967e-04
2.171673799999999889e-04	9.555643599999999517e-12	5.553523102230365546e-04
2.154506399999999962e-04	9.476554100000000392e-12	5.589593494697732553e-04
2.137338899999999893e-04	9.395514700000000107e-12	5.667040335167120978e-04
2.120171699999999710e-04	9.333558200000000642e-12	5.647414182596388436e-04
2.103004199999999912e-04	9.241298700000000272e-12	5.638406313796342530e-04
2.085836799999999985e-04	9.158924500000000088e-12	5.670348774792693730e-04
2.068669500000000201e-04	9.072928199999999561e-12	5.632927651898268252e-04
2.051502100000000004e-04	9.004805599999999760e-12	5.642062766193783755e-04
2.034334700000000077e-04	8.944683499999999405e-12	5.619418841732286025e-04
2.017167400000000022e-04	8.825632100000000634e-12	5.634541640511535375e-04
2.000000000000000096e-04	8.738190699999999544e-12	5.633481101693882344e-04
1.982832500000000027e-04	8.705688899999999199e-12	5.636457645858584812e-04
1.965665299999999843e-04	8.623509900000000221e-12	5.676915255015468420e-04
1.948497800000000045e-04	8.564610799999999851e-12	5.654422404902133400e-04
1.931330400000000119e-04	8.485806700000000688e-12	5.653495516785569334e-04
1.914163099999999793e-04	8.424493699999999493e-12	5.611475780387985886e-04
1.896995699999999866e-04	8.311190300000000426e-12	5.615125307788182635e-04
1.879828200000000068e-04	8.238784700000000046e-12	5.641022195052974300e-04
1.862660999999999885e-04	8.167321899999999460e-12	5.587825364405729156e-04
1.845493499999999816e-04	8.132340300000000638e-12	5.682899892764784779e-04
1.828326099999999889e-04	8.081278699999999324e-12	5.671423742871678541e-04
1.811158800000000106e-04	8.024242700000000091e-12	5.673110284239256786e-04
1.793991400000000179e-04	7.934633899999999916e-12	5.652111419170997419e-04
1.776823999999999982e-04	7.902781699999999746e-12	5.671778538790950156e-04
1.759656699999999927e-04	7.827426199999999321e-12	5.695581388141347312e-04
1.742489300000000000e-04	7.771720800000000793e-12	5.685975015959170414e-04
1.725321800000000202e-04	7.650963199999999369e-12	5.735690044196466251e-04
1.708154400000000005e-04	7.571622100000000407e-12	5.698341300005445829e-04
1.690987099999999950e-04	7.495807800000000088e-12	5.680085598366588565e-04
1.673819700000000023e-04	7.415936800000000579e-12	5.698381180036068061e-04
1.656652199999999954e-04	7.351402499999999381e-12	5.686350908582776678e-04
1.639484999999999771e-04	7.273834300000000378e-12	5.756745334406604365e-04
1.622317499999999973e-04	7.205813599999999624e-12	5.721336096025222756e-04
1.605150100000000046e-04	7.158289599999999956e-12	5.701163413942068100e-04
1.587982799999999991e-04	7.064198200000000304e-12	5.714626848977538654e-04
1.570815399999999794e-04	6.958435999999999694e-12	5.784488193699516235e-04
1.553648100000000010e-04	6.936526899999999957e-12	5.685199791245546235e-04
1.536480599999999941e-04	6.860826099999999727e-12	5.727972929063000155e-04
1.519313299999999886e-04	6.792929899999999756e-12	5.688303736645571821e-04
1.502145899999999959e-04	6.706782299999999938e-12	5.643505620857352991e-04
1.484978500000000033e-04	6.637397199999999970e-12	5.741532423850612306e-04
1.467811100000000106e-04	6.547938399999999951e-12	5.740324725653700097e-04
1.450643800000000051e-04	6.502319900000000048e-12	5.662071728576792288e-04
1.433476299999999982e-04	6.453037299999999791e-12	5.676192494326150802e-04
1.416308999999999927e-04	6.365036100000000281e-12	5.751588980002264638e-04
1.399141600000000001e-04	6.265128200000000155e-12	5.681354317686138035e-04
1.381974200000000074e-04	6.187581299999999715e-12	5.673697642451221244e-04
1.364806900000000019e-04	6.102637099999999876e-12	5.756923838185874168e-04
1.347639399999999950e-04	6.055360600000000103e-12	5.742701588978181776e-04
1.330472099999999895e-04	5.980696399999999691e-12	5.751371472977633752e-04
1.313304699999999969e-04	5.920211399999999873e-12	5.723895028053563490e-04
1.296137300000000043e-04	5.843356199999999678e-12	5.725472269809476740e-04
1.278969900000000116e-04	5.768217500000000003e-12	5.740998272943286440e-04
1.261802599999999790e-04	5.671390000000000131e-12	5.808988385876579126e-04
1.244635099999999992e-04	5.565260900000000173e-12	5.780024673824464250e-04
1.227467799999999937e-04	5.507325899999999774e-12	5.740014218186572422e-04
1.210300400000000011e-04	5.421288899999999987e-12	5.855647218067453483e-04
1.193133000000000084e-04	5.384474599999999805e-12	5.748419580124336861e-04
1.175965600000000022e-04	5.277207100000000232e-12	5.760589653388338864e-04
1.158798299999999967e-04	5.247886800000000341e-12	5.761083729168193666e-04
1.141630899999999905e-04	5.169883599999999836e-12	5.745491790390160796e-04
1.124463499999999979e-04	5.080628600000000334e-12	5.797595189878994261e-04
1.107296099999999917e-04	4.993043699999999609e-12	5.812001861457070625e-04
1.090128700000000126e-04	4.898400300000000384e-12	5.750075803500589089e-04
1.072961400000000071e-04	4.841092400000000097e-12	5.786602852981813936e-04
1.055793900000000002e-04	4.781121199999999610e-12	5.758549312136746314e-04
1.038626599999999947e-04	4.689693100000000157e-12	5.825815251479701242e-04
1.021459200000000020e-04	4.634419200000000303e-12	5.768369884542978547e-04
1.004291799999999958e-04	4.533283499999999845e-12	5.769333382302825001e-04
9.871244400000000075e-05	4.468472499999999668e-12	5.792953487860679146e-04
9.699570899999998812e-05	4.414907199999999814e-12	5.757068704739817886e-04
9.527896500000001146e-05	4.350230200000000250e-12	5.878282688207849514e-04
9.356222999999999883e-05	4.260972199999999824e-12	5.828514883669151658e-04
9.184549599999999577e-05	4.176677700000000218e-12	5.824412562583393665e-04
9.012875099999999599e-05	4.097735599999999748e-12	5.827500320767556828e-04
8.841201700000000648e-05	3.998754499999999872e-12	5.883950705243565574e-04
8.669527200000000670e-05	3.930835699999999780e-12	5.846775159634181760e-04
8.497853800000000363e-05	3.850142399999999760e-12	5.846647111126595728e-04
8.326180299999999101e-05	3.768524600000000011e-12	5.917046219376907723e-04
8.154505899999998724e-05	3.702396000000000171e-12	5.863079852728923487e-04
7.982832400000000172e-05	3.620937499999999888e-12	5.816211735744632270e-04
7.811158399999999552e-05	3.555985800000000077e-12	5.821994458179026010e-04
7.639484899999999645e-05	3.469549999999999893e-12	5.870021192618497330e-04
7.467810999999999980e-05	3.397735699999999961e-12	5.819520868505938293e-04
7.296137000000000716e-05	3.349266800000000097e-12	5.883647402845561692e-04
7.124463600000000409e-05	3.251589999999999880e-12	5.951397755412986702e-04
6.952789599999999789e-05	3.175143300000000026e-12	5.834577872115115880e-04
6.781115700000000125e-05	3.106177400000000113e-12	5.854489906345009941e-04
6.609441700000000860e-05	3.029109299999999802e-12	5.859199238501563815e-04
6.437768199999999597e-05	2.982364100000000172e-12	5.889486244062737018e-04
6.266094299999999933e-05	2.859430100000000123e-12	5.899577360256135069e-04
6.094420299999999991e-05	2.774755700000000126e-12	5.874047334908280007e-04
5.922746800000000083e-05	2.712054799999999883e-12	5.810273427623959593e-04
5.751072900000000419e-05	2.617744300000000171e-12	5.868246239253849944e-04
5.579398899999999799e-05	2.501314500000000146e-12	5.867029917255170640e-04
5.407725000000000135e-05	2.448412300000000182e-12	5.889781321100108491e-04
5.236051500000000228e-05	2.379343900000000068e-12	5.850569187647080074e-04
5.064377600000000563e-05	2.328035600000000130e-12	5.931310001436491952e-04
4.892703599999999943e-05	2.241495599999999975e-12	5.971742946095977972e-04
4.721030100000000036e-05	2.139957499999999871e-12	5.921195363526233395e-04
4.549356200000000372e-05	2.085102499999999899e-12	5.929836040012666969e-04
4.377682199999999752e-05	2.014128900000000195e-12	5.930230889182076803e-04
4.206008300000000087e-05	1.914874500000000072e-12	5.910574835295072079e-04
4.034334800000000180e-05	1.812707600000000086e-12	5.880056836530541493e-04
3.862660799999999560e-05	1.756184699999999982e-12	5.923320955279927358e-04
3.690987100000000452e-05	1.678527800000000061e-12	5.892821414032307047e-04
3.519313200000000110e-05	1.593999200000000016e-12	5.860985605393660746e-04
3.347639500000000324e-05	1.533965600000000061e-12	5.869402302475113659e-04
3.175965499999999704e-05	1.461012999999999966e-12	5.877531851689659845e-04
3.004291799999999919e-05	1.372659299999999929e-12	5.877851862067742404e-04
2.832618099999999794e-05	1.317351299999999979e-12	5.974718262705183951e-04
2.660944100000000190e-05	1.237953099999999963e-12	5.968140193834206315e-04
2.489270400000000066e-05	1.177402500000000041e-12	5.879899003587690104e-04
2.317596500000000063e-05	1.109607300000000011e-12	5.905214765875406923e-04
2.145922699999999999e-05	1.003393299999999915e-12	5.906958849393920781e-04
1.974248799999999996e-05	9.325999199999999988e-13	5.954048185895867472e-04
1.802575100000000210e-05	8.508443500000000246e-13	5.918080322783845918e-04
1.630901199999999868e-05	7.799522699999999812e-13	5.984315393260104636e-04
1.459227399999999974e-05	7.106640600000000244e-13	5.978493994209481540e-04
1.287553600000000079e-05	6.224677900000000291e-13	5.875533035788865202e-04
1.115879900000000124e-05	5.658122599999999610e-13	5.943070545908666312e-04
9.442059699999999698e-06	5.003358799999999507e-13	5.947638421878792200e-04
7.725321900000000632e-06	4.196145100000000249e-13	5.926597550115279530e-04
6.008583600000000176e-06	3.019520900000000057e-13	5.976581562902209344e-04
4.291845299999999720e-06	2.379924900000000224e-13	5.965473413212632513e-04
2.575107199999999989e-06	1.947275499999999935e-13	5.902706517116260154e-04
8.583690900000000104e-07	1.143490999999999979e-13	5.920622937374562036e-04
-8.583690900000000104e-07	1.053389399999999975e-14	5.945885949136002144e-04
-2.575107199999999989e-06	-5.727799400000000450e-14	5.949405428195308262e-04
-4.291845299999999720e-06	-1.199043000000000074e-13	5.876584795684324002e-04
-6.008583600000000176e-06	-1.801166599999999893e-13	5.957267405271420837e-04
-7.725321900000000632e-06	-2.756819299999999859e-13	5.918160374142990895e-04
-9.442059699999999698e-06	-3.260618199999999763e-13	5.945280879614583047e-04
-1.115879900000000124e-05	-4.304449299999999899e-13	5.929362709284740620e-04
-1.287553600000000079e-05	-4.866630599999999977e-13	5.949812828043531381e-04
-1.459227399999999974e-05	-5.504932999999999965e-13	5.915252731522170713e-04
-1.630901199999999868e-05	-6.370516099999999971e-13	5.943575676986114290e-04
-1.802575100000000210e-05	-7.248644999999999755e-13	5.961110595813827679e-04
-1.974248799999999996e-05	-7.855545600000000070e-13	5.992486545763314309e-04
-2.145922699999999999e-05	-8.662022900000000140e-13	5.962647742979843403e-04
-2.317596500000000063e-05	-9.610032999999999306e-13	5.931606639571740912e-04
-2.489270400000000066e-05	-1.015620700000000069e-12	5.957855238788176480e-04
-2.660944100000000190e-05	-1.063695699999999942e-12	5.917933130494248874e-04
-2.832618099999999794e-05	-1.158199199999999995e-12	5.934627476920015243e-04
-3.004291799999999919e-05	-1.253092100000000066e-12	5.926588644546507958e-04
-3.175965499999999704e-05	-1.315328400000000097e-12	5.930206682805399393e-04
-3.347639500000000324e-05	-1.385058100000000072e-12	5.849456735615553987e-04
-3.519313200000000110e-05	-1.481742099999999905e-12	5.895312377903797439e-04
-3.690987100000000452e-05	-1.559830700000000029e-12	5.936105571687892452e-04
-3.862660799999999560e-05	-1.621855899999999974e-12	5.997050717619861835e-04
-4.034334800000000180e-05	-1.695612899999999939e-12	5.910590393520640407e-04
-4.206008300000000087e-05	-1.751860800000000027e-12	5.934432120035926629e-04
-4.377682199999999752e-05	-1.835431099999999813e-12	5.954817820770031203e-04
-4.549356200000000372e-05	-1.894351900000000189e-12	5.941291329172244170e-04
-4.721030100000000036e-05	-1.997330699999999932e-12	5.964474151956870255e-04
-4.892703599999999943e-05	-2.076943699999999948e-12	5.908217392099089421e-04
-5.064377600000000563e-05	-2.155793299999999932e-12	5.896314898299824222e-04
-5.236051500000000228e-05	-2.230174799999999921e-12	5.911893087646552221e-04
-5.407725000000000135e-05	-2.309375799999999999e-12	5.828986317965797765e-04
-5.579398899999999799e-05	-2.366260999999999827e-12	5.849842959585780473e-04
-5.751072900000000419e-05	-2.448206799999999895e-12	5.935180258099530433e-04
-5.922746800000000083e-05	-2.511367400000000146e-12	5.806168379996268832e-04
-6.094420299999999991e-05	-2.590551500000000162e-12	5.844657066538347812e-04
-6.266094299999999933e-05	-2.690098999999999845e-12	5.880097760802868549e-04
-6.437768199999999597e-05	-2.760234700000000131e-12	5.860362901413150106e-04
-6.609441700000000860e-05	-2.841002599999999998e-12	5.801069718164113525e-04
-6.781115700000000125e-05	-2.912145099999999863e-12	5.866746274337113513e-04
-6.952789599999999789e-05	-3.001406200000000059e-12	5.884447549690017360e-04
-7.124463600000000409e-05	-3.087375200000000175e-12	5.853603923788362837e-04
-7.296137000000000716e-05	-3.152437299999999900e-12	5.812507124385439842e-04
-7.467810999999999980e-05	-3.230949099999999966e-12	5.812467763929784429e-04
-7.639484899999999645e-05	-3.296954099999999946e-12	5.790444697238762446e-04
-7.811158399999999552e-05	-3.396317299999999867e-12	5.783718434202295405e-04
-7.982832400000000172e-05	-3.460543899999999944e-12	5.861750923804031092e-04
-8.154505899999998724e-05	-3.553763000000000112e-12	5.800419023684253144e-04
-8.326180299999999101e-05	-3.637568099999999932e-12	5.755578287632562426e-04
-8.497853800000000363e-05	-3.715200899999999875e-12	5.818378483642991459e-04
-8.669527200000000670e-05	-3.803011299999999911e-12	5.780893131923631580e-04
-8.841201700000000648e-05	-3.846205500000000256e-12	5.736685830911364067e-04
-9.012875099999999599e-05	-3.923905899999999641e-12	5.818273860760197168e-04
-9.184549599999999577e-05	-4.035999800000000055e-12	5.789310622950912628e-04
-9.356222999999999883e-05	-4.079203099999999998e-12	5.821871858550985244e-04
-9.527896500000001146e-05	-4.187334099999999631e-12	5.741481845843767742e-04
-9.699570899999998812e-05	-4.250929500000000057e-12	5.839001601913824469e-04
-9.871244400000000075e-05	-4.320395199999999701e-12	5.799805839851287148e-04
-1.004291799999999958e-04	-4.398320699999999782e-12	5.736676952938014103e-04
-1.021459200000000020e-04	-4.452343000000000106e-12	5.788856806999571327e-04
-1.038626599999999947e-04	-4.543150099999999738e-12	5.780982702307393495e-04
-1.055793900000000002e-04	-4.627488499999999644e-12	5.738096423520276830e-04
-1.072961400000000071e-04	-4.739298800000000328e-12	5.687820770503137103e-04
-1.090128700000000126e-04	-4.768672899999999771e-12	5.783299956936939837e-04
-1.107296099999999917e-04	-4.846193300000000262e-12	5.746568800367488723e-04
-1.124463499999999979e-04	-4.918150500000000289e-12	5.764629619436656980e-04
-1.141630899999999905e-04	-5.018749300000000198e-12	5.753792609039058963e-04
-1.158798299999999967e-04	-5.060910500000000380e-12	5.757204984015399252e-04
-1.175965600000000022e-04	-5.154432400000000052e-12	5.712372600977185834e-04
-1.193133000000000084e-04	-5.244925999999999658e-12	5.752386442509709822e-04
-1.210300400000000011e-04	-5.300813599999999966e-12	5.655005807166859234e-04
-1.227467799999999937e-04	-5.359134999999999661e-12	5.734419510340326136e-04
-1.244635099999999992e-04	-5.433917599999999759e-12	5.706244426078052687e-04
-1.261802599999999790e-04	-5.514706700000000150e-12	5.747226217409270302e-04
-1.278969900000000116e-04	-5.578421800000000205e-12	5.706241211837344241e-04
-1.296137300000000043e-04	-5.616042799999999969e-12	5.677370087930035591e-04
-1.313304699999999969e-04	-5.652564800000000245e-12	5.678084494419407451e-04
-1.330472099999999895e-04	-5.721428499999999727e-12	5.785162422288764447e-04
-1.347639399999999950e-04	-5.744645600000000048e-12	5.767500916860062322e-04
-1.364806900000000019e-04	-5.871446999999999872e-12	5.650889348437536722e-04
-1.381974200000000074e-04	-5.970145399999999729e-12	5.739845915887179396e-04
-1.399141600000000001e-04	-6.032936300000000226e-12	5.698776097878641839e-04
-1.416308999999999927e-04	-6.138501999999999686e-12	5.644896428857047906e-04
-1.433476299999999982e-04	-6.231365699999999874e-12	5.680578478168891348e-04
-1.450643800000000051e-04	-6.271258299999999905e-12	5.660164380396846264e-04
-1.467811100000000106e-04	-6.360358399999999654e-12	5.728110053544428022e-04
-1.484978500000000033e-04	-6.450233099999999842e-12	5.649661802333669387e-04
-1.502145899999999959e-04	-6.540198099999999651e-12	5.693635288294704791e-04
-1.519313299999999886e-04	-6.597933100000000112e-12	5.734251913437391586e-04
-1.536480599999999941e-04	-6.713561599999999632e-12	5.713571202320246248e-04
-1.553648100000000010e-04	-6.782351600000000191e-12	5.636500729325694473e-04
-1.570815399999999794e-04	-6.808900699999999795e-12	5.679697282704812295e-04
-1.587982799999999991e-04	-6.904104500000000210e-12	5.662118250749920015e-04
-1.605150100000000046e-04	-6.956369099999999656e-12	5.653899817831711631e-04
-1.622317499999999973e-04	-7.022163200000000271e-12	5.631600410185354059e-04
-1.639484999999999771e-04	-7.094330300000000298e-12	5.656562010026059371e-04
-1.656652199999999954e-04	-7.160208200000000013e-12	5.692325292503114644e-04
-1.673819700000000023e-04	-7.244029999999999780e-12	5.578056476943424715e-04
-1.690987099999999950e-04	-7.295432499999999974e-12	5.589563736936179264e-04
-1.708154400000000005e-04	-7.405454700000000002e-12	5.665644826867742090e-04
-1.725321800000000202e-04	-7.496659500000000607e-12	5.660707860197917952e-04
-1.742489300000000000e-04	-7.564368400000000700e-12	5.687797617931485790e-04
-1.759656699999999927e-04	-7.659637700000000151e-12	5.671168458426444027e-04
-1.776823999999999982e-04	-7.681180300000000771e-12	5.705334266789588958e-04
-1.793991400000000179e-04	-7.779558199999999792e-12	5.659608572339875797e-04
-1.811158800000000106e-04	-7.834194199999999762e-12	5.699315495050960231e-04
-1.828326099999999889e-04	-7.914314199999999223e-12	5.677969878916317489e-04
-1.845493499999999816e-04	-8.012786599999999481e-12	5.623320973135144743e-04
-1.862660999999999885e-04	-8.040337499999999817e-12	5.650737639891363065e-04
-1.879828200000000068e-04	-8.111256499999999911e-12	5.559539690604024332e-04
-1.896995699999999866e-04	-8.212912999999999701e-12	5.620184929300202185e-04
-1.914163099999999793e-04	-8.266218400000000582e-12	5.597711106713354088e-04
-1.931330400000000119e-04	-8.345438100000000550e-12	5.586348278703343702e-04
-1.948497800000000045e-04	-8.411009699999999547e-12	5.655792497786134559e-04
-1.965665299999999843e-04	-8.492315400000000078e-12	5.667863648135203257e-04
-1.982832500000000027e-04	-8.564883999999999232e-12	5.635960053119534350e-04
-2.000000000000000096e-04	-8.634502800000000014e-12	5.664165815134681627e-04
-2.017167400000000022e-04	-8.739460500000000695e-12	5.604099132407451729e-04
-2.034334700000000077e-04	-8.786550500000000245e-12	5.627653350478309608e-04
-2.051502100000000004e-04	-8.813055299999999318e-12	5.556231517760999239e-04
-2.068669500000000201e-04	-8.871009000000000010e-12	5.608423350339805744e-04
-2.085836799999999985e-04	-8.930214199999999367e-12	5.602723749397673899e-04
-2.103004199999999912e-04	-8.991412600000000647e-12	5.614501778933597784e-04
-2.120171699999999710e-04	-9.067067399999999364e-12	5.619562992575140173e-04
-2.137338899999999893e-04	-9.192492300000000259e-12	5.550978137832931949e-04
-2.154506399999999962e-04	-9.227958699999999442e-12	5.583311084690829092e-04
-2.171673799999999889e-04	-9.311532400000000585e-12	5.676991725178868716e-04
-2.188841099999999944e-04	-9.430373999999999415e-12	5.602169312187129172e-04
-2.206008500000000141e-04	-9.480510099999999613e-12	5.553292773798739748e-04
-2.223175999999999939e-04	-9.601349199999999617e-12	5.621376714915527796e-04
-2.240343200000000123e-04	-9.654301700000000345e-12	5.537451331406609495e-04
-2.257510600000000049e-04	-9.700703800000000228e-12	5.505166144177143237e-04
-2.274678100000000118e-04	-9.758900300000000525e-12	5.622522233004694338e-04
-2.291845500000000045e-04	-9.890907499999999676e-12	5.571729843631607372e-04
-2.309012800000000100e-04	-9.894314500000000249e-12	5.570577091831696711e-04
-2.326180200000000026e-04	-9.986391100000000051e-12	5.564689980332421628e-04
-2.343347700000000095e-04	-1.005742599999999919e-11	5.590879729168123221e-04
-2.360514900000000007e-04	-1.015030200000000002e-11	5.599784515055536861e-04
-2.377682399999999805e-04	-1.027518399999999933e-11	5.645543859219942203e-04
-2.394849799999999732e-04	-1.033824000000000018e-11	5.574342543155860492e-04
-2.412017100000000058e-04	-1.036918300000000057e-11	5.605415870759755193e-04
-2.429184499999999984e-04	-1.039957700000000069e-11	5.584542549615292145e-04
-2.446351899999999911e-04	-1.049613499999999928e-11	5.519386820724018951e-04
-2.463519200000000237e-04	-1.057126599999999936e-11	5.568746670053806780e-04
-2.480686600000000163e-04	-1.066130599999999965e-11	5.539039617127433082e-04
-2.497854100000000232e-04	-1.074365100000000075e-11	5.546074794346237671e-04
-2.515021299999999874e-04	-1.079610000000000001e-11	5.618530721355927083e-04
-2.532188799999999943e-04	-1.086741400000000033e-11	5.558291448675389520e-04
-2.549356199999999869e-04	-1.089924300000000003e-11	5.564690387921577197e-04
-2.566523500000000195e-04	-1.102394699999999998e-11	5.550883891969770776e-04
-2.583690900000000122e-04	-1.109516699999999935e-11	5.544733049228184286e-04
-2.600858400000000191e-04	-1.116063699999999947e-11	5.543904024766869434e-04
-2.618025599999999832e-04	-1.122403299999999950e-11	5.628734575437903745e-04
-2.635193099999999901e-04	-1.128123700000000039e-11	5.516223123281093236e-04
-2.652360499999999828e-04	-1.134776700000000011e-11	5.593041894877699271e-04
-2.669527800000000154e-04	-1.135830099999999995e-11	5.512774683809425116e-04
-2.686695200000000080e-04	-1.144036500000000040e-11	5.486152864323693779e-04
-2.703862600000000007e-04	-1.153286899999999974e-11	5.530642782044770632e-04
-2.721029899999999791e-04	-1.166441100000000015e-11	5.586081462845793278e-04
-2.738197300000000259e-04	-1.171743699999999968e-11	5.558522037516101105e-04
-2.755364799999999786e-04	-1.178104700000000046e-11	5.570499255240311115e-04
-2.772532200000000255e-04	-1.179682000000000021e-11	5.515024246295184432e-04
-2.789699500000000039e-04	-1.190206399999999976e-11	5.552688936441575176e-04
-2.806866899999999965e-04	-1.199124500000000017e-11	5.511754049072885731e-04
-2.824034400000000034e-04	-1.208511799999999976e-11	5.547669077440052282e-04
-2.841201599999999675e-04	-1.214407100000000055e-11	5.542534702963095939e-04
-2.858369100000000287e-04	-1.214173499999999946e-11	5.583285543693611514e-04
-2.875536500000000213e-04	-1.220683499999999925e-11	5.563875023647495014e-04
-2.892703699999999854e-04	-1.230357199999999939e-11	5.597670939496018645e-04
-2.909871199999999923e-04	-1.233705599999999965e-11	5.533477337974935118e-04
-2.927038599999999850e-04	-1.249712199999999991e-11	5.509431497059731229e-04
-2.944205900000000176e-04	-1.256205599999999920e-11	5.527020340030017707e-04
-2.961373300000000102e-04	-1.261893600000000046e-11	5.492946402120895896e-04
-2.978540800000000171e-04	-1.271147200000000051e-11	5.516773916918265262e-04
-2.995707999999999813e-04	-1.278906399999999952e-11	5.558455943307080357e-04
-3.012875499999999882e-04	-1.284111699999999960e-11	5.515425571761577769e-04
-3.030042899999999808e-04	-1.289323900000000073e-11	5.519801573773763055e-04
-3.047210200000000134e-04	-1.298425299999999944e-11	5.516378720046151126e-04
-3.064377600000000061e-04	-1.305310999999999990e-11	5.473358605786974185e-04
-3.081544999999999987e-04	-1.313251200000000009e-11	5.524879918245037633e-04
-3.098712299999999771e-04	-1.319049600000000051e-11	5.560227926716650518e-04
-3.115879699999999698e-04	-1.325642599999999960e-11	5.425139864741892288e-04
-3.133047000000000024e-04	-1.333435400000000031e-11	5.570942539641601972e-04
-3.150214600000000235e-04	-1.346873699999999930e-11	5.571111729208881114e-04
-3.167381900000000019e-04	-1.349081599999999937e-11	5.574892758204468739e-04
-3.184549099999999661e-04	-1.355659699999999969e-11	5.658595807131478611e-04
-3.201716800000000015e-04	-1.360693600000000070e-11	5.478814430171058099e-04
-3.218884000000000198e-04	-1.365528300000000047e-11	5.506816643457376238e-04
-3.236051299999999982e-04	-1.371935999999999941e-11	5.524560078562798602e-04
-3.253218900000000194e-04	-1.379075700000000079e-11	5.557153038029766191e-04
-3.270386199999999978e-04	-1.383101800000000023e-11	5.546743755600830415e-04
-3.287553399999999619e-04	-1.388277400000000011e-11	5.476013110853785847e-04
-3.304720999999999831e-04	-1.402166500000000031e-11	5.518528281820721032e-04
-3.321888299999999614e-04	-1.412204499999999993e-11	5.518709234291595137e-04
-3.339055599999999941e-04	-1.421049999999999968e-11	5.481223564186339268e-04
-3.356223199999999610e-04	-1.428037400000000076e-11	5.541137007158966144e-04
-3.373390400000000336e-04	-1.433683599999999984e-11	5.534455329540317750e-04
-3.390557700000000120e-04	-1.444068000000000062e-11	5.489453849781722895e-04
-3.407725300000000331e-04	-1.449113500000000074e-11	5.486099190136566571e-04
-3.424892600000000115e-04	-1.457673400000000133e-11	5.538135778353639807e-04
-3.442059799999999756e-04	-1.463044100000000139e-11	5.509029426575609827e-04
-3.459227500000000110e-04	-1.472234300000000057e-11	5.478988422898713184e-04
-3.476394700000000294e-04	-1.478773499999999929e-11	5.513110491324920955e-04
-3.493562000000000078e-04	-1.486808099999999997e-11	5.532282968308616577e-04
-3.510729600000000289e-04	-1.489130899999999931e-11	5.525263602691260706e-04
-3.527896900000000073e-04	-1.497335399999999848e-11	5.491814285896781103e-04
-3.545064500000000285e-04	-1.502219199999999896e-11	5.534838114485415113e-04
-3.562231699999999926e-04	-1.512525000000000161e-11	5.471864697140837791e-04
-3.579398999999999710e-04	-1.522873800000000045e-11	5.556488836282295635e-04
-3.596566599999999922e-04	-1.530684599999999845e-11	5.500798172333926962e-04
-3.613733899999999706e-04	-1.536880200000000086e-11	5.505794802322083173e-04
-3.630901100000000431e-04	-1.544375899999999904e-11	5.595707955577189970e-04
-3.648068799999999701e-04	-1.550453200000000032e-11	5.448601209627179079e-04
-3.665236000000000427e-04	-1.552290400000000112e-11	5.483104523999142834e-04
-3.682403299999999669e-04	-1.559663200000000070e-11	5.520330498314725580e-04
-3.699570900000000422e-04	-1.568219699999999944e-11	5.507362257003540432e-04
-3.716738100000000064e-04	-1.578920199999999935e-11	5.535162321417055886e-04
-3.733905400000000390e-04	-1.581143499999999946e-11	5.518431862716179168e-04
-3.751073000000000059e-04	-1.592602800000000141e-11	5.495493707156888117e-04
-3.768240300000000385e-04	-1.600308799999999866e-11	5.487603091791109404e-04
-3.785407500000000027e-04	-1.606605600000000042e-11	5.510997374428724905e-04
-3.802575200000000381e-04	-1.611736100000000007e-11	5.546440676279687336e-04
-3.819742400000000022e-04	-1.620893399999999997e-11	5.557512172571732424e-04
-3.836909699999999806e-04	-1.628512100000000056e-11	5.543620663362462588e-04
-3.854077300000000018e-04	-1.639913199999999936e-11	5.527794021679288293e-04
-3.871244599999999801e-04	-1.644201299999999904e-11	5.515694177411100589e-04
-3.888411799999999985e-04	-1.647084700000000013e-11	5.544516284626028893e-04
-3.905579399999999654e-04	-1.659803899999999844e-11	5.569366033578485552e-04
-3.922746699999999980e-04	-1.662590000000000007e-11	5.507575920679294319e-04
-3.939913999999999764e-04	-1.669317600000000068e-11	5.490909409917588135e-04
-3.957081599999999976e-04	-1.676320400000000019e-11	5.521954465671540316e-04
-3.974248800000000159e-04	-1.684025699999999986e-11	5.584776231252785213e-04
-3.991416099999999401e-04	-1.693050699999999859e-11	5.499859470887535733e-04
-4.008583700000000155e-04	-1.699497000000000064e-11	5.499871284798141810e-04
-4.025751000000000481e-04	-1.699649300000000093e-11	5.507899225808064432e-04
-4.042918200000000122e-04	-1.710508800000000104e-11	5.551905847109145625e-04
-4.060085900000000476e-04	-1.722826599999999896e-11	5.492346568327149611e-04
-4.077253100000000118e-04	-1.729880999999999907e-11	5.528749727068551318e-04
-4.094420399999999902e-04	-1.733886100000000007e-11	5.468413083223308329e-04
-4.111588000000000113e-04	-1.735727200000000076e-11	5.510260403496568087e-04
-4.128755299999999897e-04	-1.745055999999999870e-11	5.494107657076035102e-04
-4.145922500000000081e-04	-1.753341600000000074e-11	5.457770246728809284e-04
-4.163090099999999750e-04	-1.761330800000000107e-11	5.558211985944690658e-04
-4.180257400000000076e-04	-1.763745400000000043e-11	5.458529060658152488e-04
-4.197424699999999860e-04	-1.765298300000000150e-11	5.540526953718523037e-04
-4.214592300000000072e-04	-1.767683900000000148e-11	5.518545707172520546e-04
-4.231759499999999713e-04	-1.780105099999999852e-11	5.568860258662485224e-04
-4.248926799999999497e-04	-1.786525999999999935e-11	5.490259036608507613e-04
-4.266094399999999709e-04	-1.789651099999999982e-11	5.553838313229980759e-04
-4.283261700000000577e-04	-1.795338700000000039e-11	5.456656987864271337e-04
-4.300428900000000218e-04	-1.803885699999999922e-11	5.590821053906020865e-04
-4.317596600000000572e-04	-1.819523199999999975e-11	5.490025754999507948e-04
-4.334763800000000214e-04	-1.826447699999999962e-11	5.486712492839809687e-04
-4.351931099999999998e-04	-1.835899299999999881e-11	5.464294218477593838e-04
-4.369098700000000209e-04	-1.843217200000000136e-11	5.528920480198119001e-04
-4.386265899999999851e-04	-1.851922800000000131e-11	5.575599243246480777e-04
-4.403433200000000177e-04	-1.856334000000000075e-11	5.535514050319684676e-04
-4.420600799999999846e-04	-1.863747700000000056e-11	5.475418844962918769e-04
-4.437768100000000172e-04	-1.871514100000000074e-11	5.540320946231082691e-04
-4.454935299999999813e-04	-1.876568000000000087e-11	5.522690662460775059e-04
-4.472103000000000167e-04	-1.881907699999999970e-11	5.515825785670822696e-04
-4.489270199999999809e-04	-1.889132799999999969e-11	5.511831699686569989e-04
-4.506437900000000163e-04	-1.893915799999999991e-11	5.529995147629875344e-04
-4.523605099999999804e-04	-1.896792599999999844e-11	5.507602643756335462e-04
-4.540772399999999588e-04	-1.914421400000000076e-11	5.474190071228019665e-04
-4.557939999999999800e-04	-1.922582199999999970e-11	5.484366962873200293e-04
-4.575107199999999441e-04	-1.927351500000000161e-11	5.513079429054325645e-04
-4.592274500000000309e-04	-1.934660599999999860e-11	5.534882952863221786e-04
-4.609442099999999437e-04	-1.941003099999999921e-11	5.511233127606766664e-04
-4.626609400000000305e-04	-1.945291699999999855e-11	5.510452588046371248e-04
-4.643776599999999946e-04	-1.951804700000000112e-11	5.535656431069986474e-04
-4.660944300000000300e-04	-1.961916599999999920e-11	5.489137487093357888e-04
-4.678111499999999942e-04	-1.965686100000000049e-11	5.466098732769149576e-04
-4.695278800000000268e-04	-1.969595800000000007e-11	5.483329736272675751e-04
-4.712446399999999937e-04	-1.980330500000000030e-11	5.438522185799168039e-04
-4.729613700000000263e-04	-1.988623800000000156e-11	5.516848121848740277e-04
-4.746780899999999905e-04	-1.997437300000000076e-11	5.522125285123255425e-04
-4.763948500000000116e-04	-2.005676399999999933e-11	5.503187217405049788e-04
-4.781115799999999900e-04	-2.004137800000000003e-11	5.541383077982260609e-04
-4.798283099999999684e-04	-2.014321499999999900e-11	5.518273062707071061e-04
-4.815450699999999896e-04	-2.025221700000000141e-11	5.421901571775991809e-04
-4.832617899999999537e-04	-2.025765000000000022e-11	5.536784201467337494e-04
-4.849785199999999863e-04	-2.026960200000000114e-11	5.485577979416494682e-04
-4.866952799999999532e-04	-2.048032600000000076e-11	5.526235710163404646e-04
-4.884120099999999859e-04	-2.050980700000000052e-11	5.478021946723112684e-04
-4.901287299999999500e-04	-2.050222699999999986e-11	5.455872110767023874e-04
-4.918455000000000396e-04	-2.064799199999999868e-11	5.511671756810481359e-04
-4.935622200000000038e-04	-2.065622799999999998e-11	5.449990639786039945e-04
-4.952789500000000364e-04	-2.077325799999999994e-11	5.550570866102904136e-04
-4.969957099999999491e-04	-2.076250299999999853e-11	5.540808212413110469e-04
-4.987124399999999817e-04	-2.073321399999999975e-11	5.432346478849133312e-04
-5.004291599999999458e-04	-2.080304200000000013e-11	5.455503014797784310e-04
-5.021459200000000754e-04	-2.085402300000000015e-11	5.511003297012995791e-04
-5.038626499999999996e-04	-2.105624899999999909e-11	5.499110491368291954e-04
-5.055793699999999637e-04	-2.117519999999999968e-11	5.420087367442908647e-04
-5.072961399999999449e-04	-2.120540199999999883e-11	5.542540411067326108e-04
-5.090128600000000175e-04	-2.132535499999999946e-11	5.511420558753785592e-04
-5.107295900000000501e-04	-2.140275100000000003e-11	5.511823163034696316e-04
-5.124463499999999628e-04	-2.144660700000000032e-11	5.468112743047408341e-04
-5.141630799999999954e-04	-2.159785500000000097e-11	5.466972303186231827e-04
-5.158797999999999596e-04	-2.173018900000000136e-11	5.545795396358578402e-04
-5.175965700000000492e-04	-2.174364500000000130e-11	5.519779380388034704e-04
-5.193132900000000133e-04	-2.177066200000000040e-11	5.466630860792519829e-04
-5.210300200000000459e-04	-2.192132800000000112e-11	5.521577334702460794e-04
-5.227467799999999587e-04	-2.197103800000000092e-11	5.520846149438941950e-04
-5.244635000000000312e-04	-2.204653799999999913e-11	5.521262756453866214e-04
-5.261802299999999554e-04	-2.207877999999999975e-11	5.448349662476947115e-04
-5.278969899999999766e-04	-2.217139500000000016e-11	5.590830242570024805e-04
-5.296137200000000092e-04	-2.224607500000000000e-11	5.517602514774440012e-04
-5.313304399999999733e-04	-2.230343300000000094e-11	5.477070059629491347e-04
-5.330472099999999545e-04	-2.237149700000000084e-11	5.586861572928986195e-04
-5.347639299999999186e-04	-2.234941899999999973e-11	5.528858831312727850e-04
-5.364806600000000597e-04	-2.243226599999999981e-11	5.502100572917251620e-04
-5.381974199999999724e-04	-2.244416100000000013e-11	5.456181005031640521e-04
-5.399141500000000050e-04	-2.257345700000000132e-11	5.506126581840263979e-04
-5.416308699999999691e-04	-2.272994300000000131e-11	5.506462820876347310e-04
-5.433476299999999903e-04	-2.284709699999999853e-11	5.482297603063929431e-04
-5.450643600000000229e-04	-2.287284800000000028e-11	5.550058750645426534e-04
-5.467810900000000555e-04	-2.288316199999999914e-11	5.464801062997002830e-04
-5.484978499999999682e-04	-2.294521300000000146e-11	5.438908660469024851e-04
-5.502145700000000408e-04	-2.303597800000000021e-11	5.479351902900864678e-04
-5.519313400000000220e-04	-2.317025600000000159e-11	5.500924550543938698e-04
-5.536480599999999861e-04	-2.323105400000000115e-11	5.485573405951814797e-04
-5.553647900000000187e-04	-2.328645799999999856e-11	5.445809856875157874e-04
-5.570815500000000399e-04	-2.338504900000000104e-11	5.471084171028194401e-04
-5.587982799999999641e-04	-2.343734099999999853e-11	5.489818671861922475e-04
-5.605149999999999282e-04	-2.347092699999999952e-11	5.504918581879097994e-04
-5.622317599999999494e-04	-2.359955800000000133e-11	5.513674283592290368e-04
-5.639484899999999820e-04	-2.366603100000000046e-11	5.478954963816457056e-04
-5.656652200000000146e-04	-2.373152000000000024e-11	5.576063706258891240e-04
-5.673819799999999273e-04	-2.378015800000000159e-11	5.432469071800432670e-04
-5.690986999999999999e-04	-2.385127200000000116e-11	5.474047621246022838e-04
-5.708154300000000325e-04	-2.397055600000000011e-11	5.508168897924736220e-04
-5.725321900000000536e-04	-2.399227500000000078e-11	5.484475056217347775e-04
-5.742489199999999778e-04	-2.403665800000000156e-11	5.443130115645275924e-04
-5.759656400000000504e-04	-2.402106800000000082e-11	5.385265398633399050e-04
-5.776824100000000316e-04	-2.410609900000000149e-11	5.502799850306379836e-04
-5.793991299999999957e-04	-2.427384500000000036e-11	5.426204990821161889e-04
-5.811158600000000283e-04	-2.430283600000000160e-11	5.514741988038746609e-04
-5.828326200000000495e-04	-2.444604800000000008e-11	5.570837533995460838e-04
-5.845493499999999737e-04	-2.447926400000000074e-11	5.507372599217953864e-04
-5.862660699999999378e-04	-2.455033199999999960e-11	5.549506348266388658e-04
-5.879828299999999590e-04	-2.458263100000000081e-11	5.549053310329864642e-04
-5.896995599999999916e-04	-2.464522899999999901e-11	5.446681464135410102e-04
-5.914162800000000641e-04	-2.470120600000000084e-11	5.593176446321775378e-04
-5.931330499999999369e-04	-2.477505200000000069e-11	5.460702579169001390e-04
-5.948497700000000095e-04	-2.477800300000000137e-11	5.505967649184318564e-04
-5.965664999999999336e-04	-2.491463799999999980e-11	5.485430483520602803e-04
-5.982832600000000632e-04	-2.494853599999999995e-11	5.437712910715504023e-04
-5.999999899999999874e-04	-2.506447999999999984e-11	5.545952899494646779e-04
-6.081632499999999747e-04	-2.542772799999999999e-11	5.526529292111410224e-04
-6.163265200000000305e-04	-2.579458999999999904e-11	5.493008382984305256e-04
-6.244897800000000177e-04	-2.610433100000000149e-11	5.457868352561196217e-04
-6.326530900000000221e-04	-2.643800299999999874e-11	5.491813919526692539e-04
-6.408163200000000208e-04	-2.670849699999999902e-11	5.463826205530303900e-04
-6.489795399999999511e-04	-2.708197199999999950e-11	5.474361557155297663e-04
-6.571428499999999555e-04	-2.738595100000000063e-11	5.361665156928964015e-04
-6.653061499999999998e-04	-2.764004699999999902e-11	5.487729525480640773e-04
-6.734693799999999985e-04	-2.795484499999999972e-11	5.392186631651486092e-04
-6.816326099999999973e-04	-2.828998699999999898e-11	5.423441024964975599e-04
-6.897959100000000416e-04	-2.870093200000000011e-11	5.442687831058464322e-04
-6.979592099999999775e-04	-2.903934000000000094e-11	5.292903321603064986e-04
-7.061224400000000847e-04	-2.934113400000000090e-11	5.317887004845619006e-04
-7.142856699999999750e-04	-2.968918499999999776e-11	5.409068914838940445e-04
-7.224489700000000193e-04	-3.004615299999999806e-11	5.359525273041643298e-04
-7.306122800000000236e-04	-3.034793900000000309e-11	5.399104326703303355e-04
-7.387755100000000224e-04	-3.058629700000000255e-11	5.366775192414662823e-04
-7.469387399999999127e-04	-3.097509699999999944e-11	5.462706592864026650e-04
-7.551020399999999570e-04	-3.127029899999999715e-11	5.411328476982655818e-04
-7.632653400000000013e-04	-3.161576600000000162e-11	5.414542361714190337e-04
-7.714285700000000001e-04	-3.197575500000000101e-11	5.406816115923627954e-04
-7.795917999999999988e-04	-3.228989599999999726e-11	5.429584069741458588e-04
-7.877551000000000431e-04	-3.259556199999999964e-11	5.427518797174168139e-04
-7.959184099999999391e-04	-3.280429100000000114e-11	5.343973972320969741e-04
-8.040816300000000862e-04	-3.309335400000000286e-11	5.378868432117096636e-04
-8.122448599999999765e-04	-3.362081099999999896e-11	5.366047354445011843e-04
-8.204081699999999809e-04	-3.403119100000000029e-11	5.361184673816265980e-04
-8.285714700000000252e-04	-3.435924799999999706e-11	5.432902753711024236e-04
-8.367347000000000239e-04	-3.468032799999999876e-11	5.367534704496857746e-04
-8.448979299999999143e-04	-3.499506599999999713e-11	5.345155803434365567e-04
-8.530612299999999586e-04	-3.539057200000000067e-11	5.445554178832572468e-04
-8.612245300000000029e-04	-3.558369600000000247e-11	5.452290598156504190e-04
-8.693877600000000016e-04	-3.568065599999999724e-11	5.396516346381436194e-04
-8.775509900000000004e-04	-3.607908800000000319e-11	5.358245760344310495e-04
-8.857142899999999363e-04	-3.657616900000000310e-11	5.400815569125918701e-04
-8.938775999999999406e-04	-3.695105999999999704e-11	5.410227714572318075e-04
-9.020408200000000877e-04	-3.724157100000000099e-11	5.369995948615125057e-04
-9.102040499999999781e-04	-3.754159499999999701e-11	5.480568091254975046e-04
-9.183673599999999824e-04	-3.787975799999999859e-11	5.422050279345954227e-04
-9.265306600000000267e-04	-3.815851799999999810e-11	5.450459768899643988e-04
-9.346938900000000255e-04	-3.841211700000000040e-11	5.367227134360697720e-04
-9.428571199999999158e-04	-3.883093199999999835e-11	5.420571743734122795e-04
-9.510204199999999601e-04	-3.921650199999999829e-11	5.304562374999110186e-04
-9.591837200000000044e-04	-3.944427099999999846e-11	5.290371047587997221e-04
-9.673469500000000032e-04	-3.966432399999999702e-11	5.418047633996421171e-04
-9.755101800000000019e-04	-4.009012199999999997e-11	5.358181090598563862e-04
-9.836734799999998294e-04	-4.021072700000000216e-11	5.379568216064141125e-04
-9.918367899999999421e-04	-4.041697199999999792e-11	5.331411580724844607e-04
-1.000000000000000021e-03	-4.101390099999999892e-11	5.304621232742025771e-04
