# [DATA]
1.000000000000000021e-03	4.197074300000000067e-11	5.417872152951099278e-04
9.918367899999999421e-04	4.156169199999999751e-11	5.342437149668219669e-04
9.836734799999998294e-04	4.103323599999999986e-11	5.432416103247000383e-04
9.755101800000000019e-04	4.072298700000000143e-11	5.347935625273442456e-04
9.673469500000000032e-04	4.068557999999999838e-11	5.371577982801750565e-04
9.591837200000000044e-04	4.020336100000000225e-11	5.398135813575418492e-04
9.510204199999999601e-04	3.992254800000000022e-11	5.311750494767086958e-04
9.428571199999999158e-04	3.944663299999999841e-11	5.339726821302877638e-04
9.346938900000000255e-04	3.911397899999999751e-11	5.356149559308135766e-04
9.265306600000000267e-04	3.885310100000000029e-11	5.471884807073531479e-04
9.183673599999999824e-04	3.863102200000000188e-11	5.415355314815596070e-04
9.102040499999999781e-04	3.838349400000000156e-11	5.407494837533274173e-04
9.020408200000000877e-04	3.782471900000000185e-11	5.394407989057839470e-04
8.938775999999999406e-04	3.758607700000000001e-11	5.392925171557021863e-04
8.857142899999999363e-04	3.721308000000000081e-11	5.453651174026914305e-04
8.775509900000000004e-04	3.695873800000000258e-11	5.496454153390001448e-04
8.693877600000000016e-04	3.643205199999999918e-11	5.413052180447514797e-04
8.612245300000000029e-04	3.615490199999999849e-11	5.410977329811441370e-04
8.530612299999999586e-04	3.580419299999999884e-11	5.427004292115644203e-04
8.448979299999999143e-04	3.548499699999999903e-11	5.522017782357523108e-04
8.367347000000000239e-04	3.536321200000000068e-11	5.419609414764372515e-04
8.285714700000000252e-04	3.476173900000000030e-11	5.429427769171984693e-04
8.204081699999999809e-04	3.448159799999999845e-11	5.490812301848669186e-04
8.122448599999999765e-04	3.418942900000000029e-11	5.506881035521977649e-04
8.040816300000000862e-04	3.385151199999999855e-11	5.475619913427420653e-04
7.959184099999999391e-04	3.359881499999999995e-11	5.458528390837511478e-04
7.877551000000000431e-04	3.328835100000000019e-11	5.462409527933094477e-04
7.795917999999999988e-04	3.299229600000000121e-11	5.501903140684125419e-04
7.714285700000000001e-04	3.277346100000000137e-11	5.553091644250544422e-04
7.632653400000000013e-04	3.244226400000000144e-11	5.594967183672719564e-04
7.551020399999999570e-04	3.205855000000000015e-11	5.560337918736686820e-04
7.469387399999999127e-04	3.169350200000000136e-11	5.467452175149476335e-04
7.387755100000000224e-04	3.128583500000000227e-11	5.466029256663812019e-04
7.306122800000000236e-04	3.086721900000000287e-11	5.418097622802278473e-04
7.224489700000000193e-04	3.060962899999999730e-11	5.515092944424458427e-04
7.142856699999999750e-04	3.035239400000000279e-11	5.455798665908712488e-04
7.061224400000000847e-04	3.002556899999999989e-11	5.430980670948539748e-04
6.979592099999999775e-04	2.960561300000000244e-11	5.562515697048586033e-04
6.897959100000000416e-04	2.923501000000000227e-11	5.558185833115588011e-04
6.816326099999999973e-04	2.894459200000000031e-11	5.558455282765285485e-04
6.734693799999999985e-04	2.860915499999999877e-11	5.528216549812697399e-04
6.653061499999999998e-04	2.834263900000000072e-11	5.478652964315160797e-04
6.571428499999999555e-04	2.796944400000000031e-11	5.512150763224550566e-04
6.489795399999999511e-04	2.762620900000000152e-11	5.509034571276241049e-04
6.408163200000000208e-04	2.731683799999999940e-11	5.513094609127662223e-04
6.326530900000000221e-04	2.697460799999999915e-11	5.531177133438308332e-04
6.244897800000000177e-04	2.662513300000000099e-11	5.508498499159153808e-04
6.163265200000000305e-04	2.626141000000000129e-11	5.502151751046492623e-04
6.081632499999999747e-04	2.593102099999999927e-11	5.585829558172316365e-04
5.999999899999999874e-04	2.557718400000000016e-11	5.533005962954581653e-04
5.982832600000000632e-04	2.545737800000000038e-11	5.538660412158238032e-04
5.965664999999999336e-04	2.531983000000000158e-11	5.494586600626533623e-04
5.948497700000000095e-04	2.524759199999999940e-11	5.539046831982815050e-04
5.931330499999999369e-04	2.529471099999999953e-11	5.442576730151540542e-04
5.914162800000000641e-04	2.513252300000000055e-11	5.551490732030141869e-04
5.896995599999999916e-04	2.516259200000000047e-11	5.520356657542129170e-04
5.879828299999999590e-04	2.516865000000000141e-11	5.526920830677031337e-04
5.862660699999999378e-04	2.505357700000000025e-11	5.563367743931738746e-04
5.845493499999999737e-04	2.493648500000000004e-11	5.606476085864109220e-04
5.828326200000000495e-04	2.487423499999999917e-11	5.513367572590620238e-04
5.811158600000000283e-04	2.476784099999999978e-11	5.580550700447570048e-04
5.793991299999999957e-04	2.475460600000000140e-11	5.605792382748462114e-04
5.776824100000000316e-04	2.464736400000000039e-11	5.532618689033968118e-04
5.759656400000000504e-04	2.452002500000000123e-11	5.518943458218014643e-04
5.742489199999999778e-04	2.443911400000000075e-11	5.555834073503348970e-04
5.725321900000000536e-04	2.433358899999999894e-11	5.578987606197464717e-04
5.708154300000000325e-04	2.427691200000000015e-11	5.601953447809750230e-04
5.690986999999999999e-04	2.420586600000000106e-11	5.494834337585439727e-04
5.673819799999999273e-04	2.424048500000000059e-11	5.503820836921325191e-04
5.656652200000000146e-04	2.408511900000000090e-11	5.577475357666232710e-04
5.639484899999999820e-04	2.391488600000000102e-11	5.480720172342641800e-04
5.622317599999999494e-04	2.395980799999999952e-11	5.598487883651895878e-04
5.605149999999999282e-04	2.378338000000000039e-11	5.523701935881903443e-04
5.587982799999999641e-04	2.376377699999999983e-11	5.467605635975363466e-04
5.570815500000000399e-04	2.376672499999999878e-11	5.514056960436874598e-04
5.553647900000000187e-04	2.366776899999999885e-11	5.522526876848335951e-04
5.536480599999999861e-04	2.361995500000000141e-11	5.575113092966170816e-04
5.519313400000000220e-04	2.351100399999999937e-11	5.605734552705131032e-04
5.502145700000000408e-04	2.341115799999999943e-11	5.549249834045545541e-04
5.484978499999999682e-04	2.342054800000000127e-11	5.528288456087713729e-04
5.467810900000000555e-04	2.325050400000000063e-11	5.580667791410398463e-04
5.450643600000000229e-04	2.315988200000000041e-11	5.490050501321080793e-04
5.433476299999999903e-04	2.309504999999999861e-11	5.548491612585111556e-04
5.416308699999999691e-04	2.311508100000000067e-11	5.524161395243995390e-04
5.399141500000000050e-04	2.305817700000000009e-11	5.524345350983207725e-04
5.381974199999999724e-04	2.297653600000000149e-11	5.572710367041317295e-04
5.364806600000000597e-04	2.286714400000000013e-11	5.503314391815466392e-04
5.347639299999999186e-04	2.283854200000000049e-11	5.570112064437395417e-04
5.330472099999999545e-04	2.273354200000000124e-11	5.503872045187117000e-04
5.313304399999999733e-04	2.269367999999999949e-11	5.538231163208704160e-04
5.296137200000000092e-04	2.251671600000000113e-11	5.498853299957398924e-04
5.278969899999999766e-04	2.252048499999999903e-11	5.481371799905044619e-04
5.261802299999999554e-04	2.244906000000000088e-11	5.518587641346939026e-04
5.244635000000000312e-04	2.246208600000000139e-11	5.614220971110267999e-04
5.227467799999999587e-04	2.237596400000000100e-11	5.504740845028754156e-04
5.210300200000000459e-04	2.230650199999999865e-11	5.544125091788372267e-04
5.193132900000000133e-04	2.219554099999999952e-11	5.514026344115731783e-04
5.175965700000000492e-04	2.208314300000000128e-11	5.546122338725247621e-04
5.158797999999999596e-04	2.204604700000000004e-11	5.556131146887333854e-04
5.141630799999999954e-04	2.195986799999999906e-11	5.549423096572272691e-04
5.124463499999999628e-04	2.179246500000000109e-11	5.560235860420600397e-04
5.107295900000000501e-04	2.156215099999999872e-11	5.541462254481069501e-04
5.090128600000000175e-04	2.149794800000000137e-11	5.556354300080815125e-04
5.072961399999999449e-04	2.153203000000000110e-11	5.537946324028680594e-04
5.055793699999999637e-04	2.144179799999999983e-11	5.507046469456330830e-04
5.038626499999999996e-04	2.127880300000000028e-11	5.563341104437108343e-04
5.021459200000000754e-04	2.141496399999999975e-11	5.560314156491073800e-04
5.004291599999999458e-04	2.126667199999999943e-11	5.538554047711145368e-04
4.987124399999999817e-04	2.122877199999999936e-11	5.563468906280375631e-04
4.969957099999999491e-04	2.124523600000000057e-11	5.617056714249288015e-04
4.952789500000000364e-04	2.125949800000000050e-11	5.582466271257868285e-04
4.935622200000000038e-04	2.116964099999999922e-11	5.532252106868327428e-04
4.918455000000000396e-04	2.108958799999999966e-11	5.510716217747672896e-04
4.901287299999999500e-04	2.100803199999999843e-11	5.517330577311247829e-04
4.884120099999999859e-04	2.093624599999999868e-11	5.645215788195245485e-04
4.866952799999999532e-04	2.079180199999999986e-11	5.526051082544944110e-04
4.849785199999999863e-04	2.074428800000000112e-11	5.617417355021314630e-04
4.832617899999999537e-04	2.063441600000000056e-11	5.477579939341864273e-04
4.815450699999999896e-04	2.059171599999999873e-11	5.557369353597121356e-04
4.798283099999999684e-04	2.054778000000000072e-11	5.501591127158495008e-04
4.781115799999999900e-04	2.049927099999999952e-11	5.618373785669861708e-04
4.763948500000000116e-04	2.045918600000000151e-11	5.575863367351604778e-04
4.746780899999999905e-04	2.038223599999999991e-11	5.563170590794175394e-04
4.729613700000000263e-04	2.029978099999999993e-11	5.536381980068900326e-04
4.712446399999999937e-04	2.022585700000000030e-11	5.534999600306947463e-04
4.695278800000000268e-04	2.019000800000000159e-11	5.507738182355072969e-04
4.678111499999999942e-04	2.012058200000000063e-11	5.565424677739217417e-04
4.660944300000000300e-04	1.998182699999999977e-11	5.565168717931863159e-04
4.643776599999999946e-04	1.997601900000000097e-11	5.507632216367395724e-04
4.626609400000000305e-04	1.983025899999999857e-11	5.507805395068359703e-04
4.609442099999999437e-04	1.979937000000000028e-11	5.548798269595606007e-04
4.592274500000000309e-04	1.970894799999999919e-11	5.530646023709348460e-04
4.575107199999999441e-04	1.960389099999999935e-11	5.583702088670343270e-04
4.557939999999999800e-04	1.956249199999999891e-11	5.671075936116570793e-04
4.540772399999999588e-04	1.957448299999999973e-11	5.510371670717368600e-04
4.523605099999999804e-04	1.952859700000000050e-11	5.494588035281667030e-04
4.506437900000000163e-04	1.938921399999999901e-11	5.514681738199473130e-04
4.489270199999999809e-04	1.928798999999999847e-11	5.604030362590653111e-04
4.472103000000000167e-04	1.922711800000000144e-11	5.492978502568504097e-04
4.454935299999999813e-04	1.906206100000000064e-11	5.565743757867806004e-04
4.437768100000000172e-04	1.899424900000000081e-11	5.579364900634406531e-04
4.420600799999999846e-04	1.900465900000000015e-11	5.482547439989460822e-04
4.403433200000000177e-04	1.899100999999999866e-11	5.601364418369638581e-04
4.386265899999999851e-04	1.890921400000000106e-11	5.574235155024904456e-04
4.369098700000000209e-04	1.880463999999999892e-11	5.579484254233875494e-04
4.351931099999999998e-04	1.871673299999999886e-11	5.551534223401402525e-04
4.334763800000000214e-04	1.865684300000000001e-11	5.526358092425201051e-04
4.317596600000000572e-04	1.856285099999999958e-11	5.558343386711535718e-04
4.300428900000000218e-04	1.850585099999999851e-11	5.605854993215900976e-04
4.283261700000000577e-04	1.849660999999999867e-11	5.575329380656289871e-04
4.266094399999999709e-04	1.841948600000000002e-11	5.597060438157739097e-04
4.248926799999999497e-04	1.833514199999999849e-11	5.538543057062400533e-04
4.231759499999999713e-04	1.823104999999999995e-11	5.532045053692312290e-04
4.214592300000000072e-04	1.812588399999999858e-11	5.540634248586686836e-04
4.197424699999999860e-04	1.806706699999999875e-11	5.556534526595427979e-04
4.180257400000000076e-04	1.803212999999999983e-11	5.588109043920206622e-04
4.163090099999999750e-04	1.797815899999999923e-11	5.551799380014793778e-04
4.145922500000000081e-04	1.792201099999999885e-11	5.576473716264470455e-04
4.128755299999999897e-04	1.781240999999999963e-11	5.526301115242889623e-04
4.111588000000000113e-04	1.764632399999999936e-11	5.618669720206985810e-04
4.094420399999999902e-04	1.758753600000000011e-11	5.497590334914907555e-04
4.077253100000000118e-04	1.754332599999999903e-11	5.550919495908954605e-04
4.060085900000000476e-04	1.752436600000000130e-11	5.558357697524609568e-04
4.042918200000000122e-04	1.741305500000000047e-11	5.529958137984676602e-04
4.025751000000000481e-04	1.739548400000000000e-11	5.572502687967354320e-04
4.008583700000000155e-04	1.732658100000000045e-11	5.521273497536498915e-04
3.991416099999999401e-04	1.724180199999999984e-11	5.636307056802922731e-04
3.974248800000000159e-04	1.715639800000000034e-11	5.573335897569662700e-04
3.957081599999999976e-04	1.713039599999999910e-11	5.591535350069912419e-04
3.939913999999999764e-04	1.705714899999999930e-11	5.554259341109992875e-04
3.922746699999999980e-04	1.698655999999999906e-11	5.535936045259578402e-04
3.905579399999999654e-04	1.690218599999999961e-11	5.586273725718358127e-04
3.888411799999999985e-04	1.681647199999999887e-11	5.528863576371629857e-04
3.871244599999999801e-04	1.672260899999999858e-11	5.600457090832013443e-04
3.854077300000000018e-04	1.664013500000000056e-11	5.601066553106515480e-04
3.836909699999999806e-04	1.652923500000000111e-11	5.554682621127976548e-04
3.819742400000000022e-04	1.644841400000000088e-11	5.511020384760613499e-04
3.802575200000000381e-04	1.640490000000000091e-11	5.600540063660042287e-04
3.785407500000000027e-04	1.625752799999999854e-11	5.552283338572517983e-04
3.768240300000000385e-04	1.615586700000000100e-11	5.604857997965675140e-04
3.751073000000000059e-04	1.615572399999999923e-11	5.620814443690498857e-04
3.733905400000000390e-04	1.599652199999999851e-11	5.601752233144663071e-04
3.716738100000000064e-04	1.595436600000000052e-11	5.568390949870796703e-04
3.699570900000000422e-04	1.590296000000000073e-11	5.584692357696510040e-04
3.682403299999999669e-04	1.590243699999999932e-11	5.518341085802869759e-04
3.665236000000000427e-04	1.589160900000000101e-11	5.563792576848348081e-04
3.648068799999999701e-04	1.579561699999999958e-11	5.591010740907679166e-04
3.630901100000000431e-04	1.573800799999999915e-11	5.632680514783215122e-04
3.613733899999999706e-04	1.566700599999999961e-11	5.652217868504926142e-04
3.596566599999999922e-04	1.552508499999999998e-11	5.612255750794258599e-04
3.579398999999999710e-04	1.551042499999999972e-11	5.628049016574714243e-04
3.562231699999999926e-04	1.534180199999999865e-11	5.587922888222104098e-04
3.545064500000000285e-04	1.524549800000000128e-11	5.597488476412928711e-04
3.527896900000000073e-04	1.516956699999999984e-11	5.605490176606838177e-04
3.510729600000000289e-04	1.514787099999999952e-11	5.542454952406122761e-04
3.493562000000000078e-04	1.517565099999999963e-11	5.686038599553735031e-04
3.476394700000000294e-04	1.505464200000000010e-11	5.596135133737119597e-04
3.459227500000000110e-04	1.493266600000000135e-11	5.561858959439273942e-04
3.442059799999999756e-04	1.486419300000000122e-11	5.620399117345297423e-04
3.424892600000000115e-04	1.482709099999999975e-11	5.635614954261794311e-04
3.407725300000000331e-04	1.475552500000000098e-11	5.590717743496230116e-04
3.390557700000000120e-04	1.465526099999999886e-11	5.599110673697673844e-04
3.373390400000000336e-04	1.463580800000000088e-11	5.590938951001989121e-04
3.356223199999999610e-04	1.449408299999999968e-11	5.683908956143055892e-04
3.339055599999999941e-04	1.443451900000000000e-11	5.599720510385436693e-04
3.321888299999999614e-04	1.428735400000000080e-11	5.673163929716829729e-04
3.304720999999999831e-04	1.423761599999999938e-11	5.609988321039907980e-04
3.287553399999999619e-04	1.428326100000000004e-11	5.666311614027881105e-04
3.270386199999999978e-04	1.420203300000000074e-11	5.640667138226515987e-04
3.253218900000000194e-04	1.403258600000000061e-11	5.546184027096325627e-04
3.236051299999999982e-04	1.399393199999999987e-11	5.657508526778717330e-04
3.218884000000000198e-04	1.394496400000000027e-11	5.603323613321987279e-04
3.201716800000000015e-04	1.386218700000000021e-11	5.636388923172649858e-04
3.184549099999999661e-04	1.379787199999999959e-11	5.589891896931927645e-04
3.167381900000000019e-04	1.374134399999999957e-11	5.665446786022315792e-04
3.150214600000000235e-04	1.371007500000000002e-11	5.669153911468131565e-04
3.133047000000000024e-04	1.360655800000000060e-11	5.710509476535300050e-04
3.115879699999999698e-04	1.351340699999999935e-11	5.606656411878412245e-04
3.098712299999999771e-04	1.340112000000000056e-11	5.573968055256570695e-04
3.081544999999999987e-04	1.333023899999999978e-11	5.632828065260304419e-04
3.064377600000000061e-04	1.328077100000000074e-11	5.586017786757789538e-04
3.047210200000000134e-04	1.327934699999999944e-11	5.659336656973554388e-04
3.030042899999999808e-04	1.318810300000000044e-11	5.624885222657084217e-04
3.012875499999999882e-04	1.310190499999999980e-11	5.727122418677657936e-04
2.995707999999999813e-04	1.303304899999999991e-11	5.602717639802522057e-04
2.978540800000000171e-04	1.286694700000000010e-11	5.610157989561502566e-04
2.961373300000000102e-04	1.287035900000000033e-11	5.633923842999572157e-04
2.944205900000000176e-04	1.286767899999999938e-11	5.702744878150723621e-04
2.927038599999999850e-04	1.277149500000000020e-11	5.626233833236424101e-04
2.909871199999999923e-04	1.264263300000000074e-11	5.643456980925641749e-04
2.892703699999999854e-04	1.257575700000000001e-11	5.631834768683960943e-04
2.875536500000000213e-04	1.249092299999999997e-11	5.660341900171509755e-04
2.858369100000000287e-04	1.246610500000000043e-11	5.654857897638327930e-04
2.841201599999999675e-04	1.242774199999999965e-11	5.677086391081339212e-04
2.824034400000000034e-04	1.236185799999999965e-11	5.672733466724663156e-04
2.806866899999999965e-04	1.227874600000000007e-11	5.678080006877117645e-04
2.789699500000000039e-04	1.222218599999999935e-11	5.657159917038548326e-04
2.772532200000000255e-04	1.211501500000000056e-11	5.546264731637872434e-04
2.755364799999999786e-04	1.199566400000000009e-11	5.679636082794670485e-04
2.738197300000000259e-04	1.196386900000000063e-11	5.709009905842709134e-04
2.721029899999999791e-04	1.187505000000000078e-11	5.654981783186395841e-04
2.703862600000000007e-04	1.180562200000000028e-11	5.682439747457276695e-04
2.686695200000000080e-04	1.172231100000000054e-11	5.665476333513421109e-04
2.669527800000000154e-04	1.166082900000000033e-11	5.623793970409608767e-04
2.652360499999999828e-04	1.152284399999999969e-11	5.654666179726636384e-04
2.635193099999999901e-04	1.149744899999999987e-11	5.740462590805514315e-04
2.618025599999999832e-04	1.144177999999999974e-11	5.664010519357482506e-04
2.600858400000000191e-04	1.142143400000000002e-11	5.754435371266961204e-04
2.583690900000000122e-04	1.132823200000000003e-11	5.658042361993391054e-04
2.566523500000000195e-04	1.123971699999999957e-11	5.692619270113369930e-04
2.549356199999999869e-04	1.112113299999999920e-11	5.702010724620305143e-04
2.532188799999999943e-04	1.110022100000000071e-11	5.691583401735523596e-04
2.515021299999999874e-04	1.103442199999999969e-11	5.740426028900351809e-04
2.497854100000000232e-04	1.099974299999999945e-11	5.699251541116870509e-04
2.480686600000000163e-04	1.090025100000000030e-11	5.702963510948243046e-04
2.463519200000000237e-04	1.076839700000000073e-11	5.700982465444541254e-04
2.446351899999999911e-04	1.065514599999999960e-11	5.623885084652664561e-04
2.429184499999999984e-04	1.064349700000000073e-11	5.739326597538278295e-04
2.412017100000000058e-04	1.059869500000000041e-11	5.697738693182926792e-04
2.394849799999999732e-04	1.051522299999999981e-11	5.680904192664822539e-04
2.377682399999999805e-04	1.044439800000000067e-11	5.740333212055523339e-04
2.360514900000000007e-04	1.033975700000000025e-11	5.722131230025157434e-04
2.343347700000000095e-04	1.027238299999999961e-11	5.749485177649020637e-04
2.326180200000000026e-04	1.021086600000000021e-11	5.680539275647605727e-04
2.309012800000000100e-04	1.014937199999999954e-11	5.676353409861033218e-04
2.291845500000000045e-04	1.007933199999999957e-11	5.786047355515089481e-04
2.274678100000000118e-04	1.000786600000000036e-11	5.683626118128827899e-04
2.257510600000000049e-04	9.958860099999999893e-12	5.734871580114014010e-04
2.240343200000000123e-04	9.838351500000000036e-12	5.742822374489027319e-04
2.223175999999999939e-04	9.770604500000000567e-12	5.747180794551125151e-04
2.206008500000000141e-04	9.663636199999999228e-12	5.718247387512984895e-04
2.188841099999999944e-04	9.558795599999999906e-12	5.583566641446194865e-04
2.171673799999999889e-04	9.495609199999999706e-12	5.709228183190206930e-04
2.154506399999999962e-04	9.433949300000000206e-12	5.760572824836526166e-04
2.137338899999999893e-04	9.362546300000000213e-12	5.783824956580017364e-04
2.120171699999999710e-04	9.309797699999999251e-12	5.786646352638059702e-04
2.103004199999999912e-04	9.215232699999999240e-12	5.752782568420698869e-04
2.085836799999999985e-04	9.176927399999999464e-12	5.714294005911369021e-04
2.068669500000000201e-04	9.102147900000000347e-12	5.713504193394418427e-04
2.051502100000000004e-04	9.022537899999999640e-12	5.720489582705619910e-04
2.034334700000000077e-04	8.967054500000000018e-12	5.685104261468600312e-04
2.017167400000000022e-04	8.916819499999999273e-12	5.743619026732616709e-04
2.000000000000000096e-04	8.827692000000000671e-12	5.764807995972389895e-04
1.982832500000000027e-04	8.799172300000000073e-12	5.757866726108149241e-04
1.965665299999999843e-04	8.719784399999999944e-12	5.723414783374634711e-04
1.948497800000000045e-04	8.638695700000000280e-12	5.763267474084663323e-04
1.931330400000000119e-04	8.522957499999999633e-12	5.774526105831866585e-04
1.914163099999999793e-04	8.466015199999999560e-12	5.803337404784641778e-04
1.896995699999999866e-04	8.365276399999999613e-12	5.691271910714632313e-04
1.879828200000000068e-04	8.292505600000000058e-12	5.798635759462555462e-04
1.862660999999999885e-04	8.247003799999999668e-12	5.800133295186785023e-04
1.845493499999999816e-04	8.199030899999999360e-12	5.688242771663869560e-04
1.828326099999999889e-04	8.152704199999999381e-12	5.806887535312894432e-04
1.811158800000000106e-04	8.052495299999999982e-12	5.753290635590154389e-04
1.793991400000000179e-04	7.994983100000000505e-12	5.718340764911341873e-04
1.776823999999999982e-04	7.918233800000000050e-12	5.818777847738063362e-04
1.759656699999999927e-04	7.842208699999999213e-12	5.731826280192620169e-04
1.742489300000000000e-04	7.774404400000000594e-12	5.707545518662851232e-04
1.725321800000000202e-04	7.698695799999999900e-12	5.835609791480767493e-04
1.708154400000000005e-04	7.659430400000000038e-12	5.852171083316384369e-04
1.690987099999999950e-04	7.568566400000000679e-12	5.813893572143935626e-04
1.673819700000000023e-04	7.495867600000000682e-12	5.827783144582273029e-04
1.656652199999999954e-04	7.420070600000000656e-12	5.866896676222395487e-04
1.639484999999999771e-04	7.340063500000000130e-12	5.860781096512628638e-04
1.622317499999999973e-04	7.245583900000000141e-12	5.782955742038664668e-04
1.605150100000000046e-04	7.156167999999999846e-12	5.829985306787226901e-04
1.587982799999999991e-04	7.085202699999999682e-12	5.859558855548717112e-04
1.570815399999999794e-04	6.991839799999999706e-12	5.776949911606364370e-04
1.553648100000000010e-04	6.914863199999999708e-12	5.789540715399344719e-04
1.536480599999999941e-04	6.830815000000000111e-12	5.819068655952417323e-04
1.519313299999999886e-04	6.786285899999999810e-12	5.802488939578890562e-04
1.502145899999999959e-04	6.706662999999999733e-12	5.799826526535345602e-04
1.484978500000000033e-04	6.603741399999999890e-12	5.809981402189215395e-04
1.467811100000000106e-04	6.593268499999999776e-12	5.815260259408970697e-04
1.450643800000000051e-04	6.492430299999999803e-12	5.839239196807646760e-04
1.433476299999999982e-04	6.413856000000000009e-12	5.853758411395922892e-04
1.416308999999999927e-04	6.356511699999999712e-12	5.799597536242850557e-04
1.399141600000000001e-04	6.262156599999999700e-12	5.787792484088560624e-04
1.381974200000000074e-04	6.200581299999999761e-12	5.900265675785717123e-04
1.364806900000000019e-04	6.117880900000000296e-12	5.841636036480622653e-04
1.347639399999999950e-04	6.016760000000000305e-12	5.906064001429966754e-04
1.330472099999999895e-04	5.951534800000000131e-12	5.865376431480998120e-04
1.313304699999999969e-04	5.913800699999999702e-12	5.879613063343806225e-04
1.296137300000000043e-04	5.807005899999999968e-12	5.850169668792421949e-04
1.278969900000000116e-04	5.740889099999999669e-12	5.826596166036464167e-04
1.261802599999999790e-04	5.642813900000000095e-12	5.914315422621302821e-04
1.244635099999999992e-04	5.562238600000000339e-12	5.895572643288757297e-04
1.227467799999999937e-04	5.496580599999999933e-12	5.863563183239910897e-04
1.210300400000000011e-04	5.413096599999999680e-12	5.895308569204499652e-04
1.193133000000000084e-04	5.336566699999999861e-12	5.821162207526552317e-04
1.175965600000000022e-04	5.292639200000000299e-12	5.894742670564351132e-04
1.158798299999999967e-04	5.234419699999999650e-12	5.841154447058835141e-04
1.141630899999999905e-04	5.159580199999999826e-12	5.910573546877794480e-04
1.124463499999999979e-04	5.077358200000000259e-12	5.869922060894389648e-04
1.107296099999999917e-04	4.995214299999999733e-12	5.923002129580036933e-04
1.090128700000000126e-04	4.912948099999999694e-12	5.870942386479437733e-04
1.072961400000000071e-04	4.812343200000000303e-12	5.867486745038812427e-04
1.055793900000000002e-04	4.774647700000000345e-12	5.943685910409120254e-04
1.038626599999999947e-04	4.683014400000000374e-12	5.892423421703217199e-04
1.021459200000000020e-04	4.607096399999999970e-12	5.891883284337472507e-04
1.004291799999999958e-04	4.514450000000000015e-12	5.818955526025847017e-04
9.871244400000000075e-05	4.434715999999999619e-12	5.888356985600131212e-04
9.699570899999998812e-05	4.371168800000000360e-12	5.903800066773963158e-04
9.527896500000001146e-05	4.311776599999999684e-12	5.894662482607479752e-04
9.356222999999999883e-05	4.233039699999999731e-12	5.910321266891466023e-04
9.184549599999999577e-05	4.154747699999999725e-12	5.898762238054934808e-04
9.012875099999999599e-05	4.078388700000000009e-12	5.831235233351930594e-04
8.841201700000000648e-05	3.995681000000000370e-12	5.905433711884897898e-04
8.669527200000000670e-05	3.924320099999999637e-12	5.870985270923079332e-04
8.497853800000000363e-05	3.833584900000000313e-12	5.915816985776788713e-04
8.326180299999999101e-05	3.754322399999999872e-12	5.958613987498911175e-04
8.154505899999998724e-05	3.695216899999999907e-12	5.900456657296152940e-04
7.982832400000000172e-05	3.634340700000000042e-12	5.983512708186974416e-04
7.811158399999999552e-05	3.542226200000000172e-12	5.936610288259682984e-04
7.639484899999999645e-05	3.465607800000000156e-12	5.905767096329157893e-04
7.467810999999999980e-05	3.383602600000000129e-12	5.920535570192236516e-04
7.296137000000000716e-05	3.291862700000000014e-12	5.908320899404714225e-04
7.124463600000000409e-05	3.229475900000000145e-12	5.947284020263039457e-04
6.952789599999999789e-05	3.137077399999999911e-12	5.947193487098603130e-04
6.781115700000000125e-05	3.062144700000000003e-12	5.902163175305880473e-04
6.609441700000000860e-05	3.005232999999999823e-12	5.933737199167725841e-04
6.437768199999999597e-05	2.923980299999999999e-12	5.908159961877494388e-04
6.266094299999999933e-05	2.851482500000000113e-12	5.908228242721816131e-04
6.094420299999999991e-05	2.791282800000000200e-12	5.898606169866289902e-04
5.922746800000000083e-05	2.739265600000000186e-12	5.915209105552494745e-04
5.751072900000000419e-05	2.651625700000000023e-12	5.928483746662748790e-04
5.579398899999999799e-05	2.570575900000000196e-12	5.991185177208518042e-04
5.407725000000000135e-05	2.499913899999999826e-12	5.989775659505604992e-04
5.236051500000000228e-05	2.430264999999999843e-12	6.021250797173948073e-04
5.064377600000000563e-05	2.334577600000000164e-12	5.968839544639327867e-04
4.892703599999999943e-05	2.243949999999999945e-12	5.899342243053691667e-04
4.721030100000000036e-05	2.159090600000000187e-12	5.883267419900950349e-04
4.549356200000000372e-05	2.098126799999999836e-12	5.941281108602176810e-04
4.377682199999999752e-05	2.033075499999999883e-12	5.934365165941938832e-04
4.206008300000000087e-05	1.944761800000000115e-12	5.979459468319478152e-04
4.034334800000000180e-05	1.876577699999999952e-12	5.926511628187193645e-04
3.862660799999999560e-05	1.818810400000000031e-12	5.954165995977745134e-04
3.690987100000000452e-05	1.706148500000000099e-12	5.932538650500458841e-04
3.519313200000000110e-05	1.640882500000000001e-12	5.935999262017399710e-04
3.347639500000000324e-05	1.555277499999999983e-12	6.004019326418656190e-04
3.175965499999999704e-05	1.492308899999999900e-12	5.993874447706144890e-04
3.004291799999999919e-05	1.424146899999999973e-12	6.000640538671280768e-04
2.832618099999999794e-05	1.340592699999999989e-12	6.014067960478281004e-04
2.660944100000000190e-05	1.262310699999999899e-12	5.966865977021105962e-04
2.489270400000000066e-05	1.182149500000000081e-12	5.998650818568264289e-04
2.317596500000000063e-05	1.124824399999999962e-12	5.940292943492703681e-04
2.145922699999999999e-05	1.034392399999999970e-12	5.936334914876174092e-04
1.974248799999999996e-05	9.595794200000000657e-13	5.971490790777644626e-04
1.802575100000000210e-05	8.934789199999999880e-13	6.011184398141550256e-04
1.630901199999999868e-05	8.386683800000000139e-13	5.955662875018790303e-04
1.459227399999999974e-05	7.205161999999999707e-13	5.962788581772194988e-04
1.287553600000000079e-05	6.457276100000000300e-13	5.961203952374159341e-04
1.115879900000000124e-05	5.934859799999999700e-13	6.001270488366288553e-04
9.442059699999999698e-06	4.965001399999999544e-13	5.938261132088728210e-04
7.725321900000000632e-06	4.413784100000000045e-13	5.983036397918125270e-04
6.008583600000000176e-06	3.610186400000000030e-13	5.953791623631200661e-04
4.291845299999999720e-06	2.663242100000000071e-13	5.970033482567046459e-04
2.575107199999999989e-06	1.916074299999999992e-13	6.015936785545329679e-04
8.583690900000000104e-07	1.049739799999999963e-13	5.984227121131514707e-04
-8.583690900000000104e-07	3.159455900000000056e-14	5.925585758295670536e-04
-2.575107199999999989e-06	-5.190239800000000218e-14	5.970901220588759094e-04
-4.291845299999999720e-06	-1.331199400000000030e-13	5.939816970335752176e-04
-6.008583600000000176e-06	-2.087054199999999928e-13	5.940103304746914082e-04
-7.725321900000000632e-06	-2.784153700000000022e-13	5.963348632187282818e-04
-9.442059699999999698e-06	-3.372620400000000051e-13	6.047810569208832447e-04
-1.115879900000000124e-05	-4.110985899999999991e-13	5.956421876260616739e-04
-1.287553600000000079e-05	-4.843804900000000021e-13	5.941708514755907576e-04
-1.459227399999999974e-05	-5.756723800000000105e-13	5.897120475276049472e-04
-1.630901199999999868e-05	-6.591787699999999809e-13	5.902420099571411682e-04
-1.802575100000000210e-05	-7.245648900000000101e-13	5.986503317412864011e-04
-1.974248799999999996e-05	-7.751888300000000231e-13	5.993234757220158382e-04
-2.145922699999999999e-05	-8.916353399999999811e-13	5.899143412328392705e-04
-2.317596500000000063e-05	-9.779360499999999121e-13	5.905051045675772112e-04
-2.489270400000000066e-05	-1.040118199999999986e-12	6.034160467006155536e-04
-2.660944100000000190e-05	-1.118894299999999949e-12	5.970018586187065147e-04
-2.832618099999999794e-05	-1.192713899999999903e-12	5.955567359398436945e-04
-3.004291799999999919e-05	-1.266268799999999929e-12	5.964929504271469307e-04
-3.175965499999999704e-05	-1.345381700000000041e-12	5.986541145618294287e-04
-3.347639500000000324e-05	-1.422151699999999925e-12	5.917413529938214678e-04
-3.519313200000000110e-05	-1.507181599999999960e-12	5.931300269359633150e-04
-3.690987100000000452e-05	-1.604905899999999930e-12	5.936241559342084239e-04
-3.862660799999999560e-05	-1.640907199999999921e-12	5.937215662046174420e-04
-4.034334800000000180e-05	-1.728031199999999944e-12	5.939257499985928831e-04
-4.206008300000000087e-05	-1.802998699999999948e-12	5.942334570378960280e-04
-4.377682199999999752e-05	-1.889085499999999807e-12	5.962489176484524114e-04
-4.549356200000000372e-05	-1.943924599999999890e-12	5.965777612526810538e-04
-4.721030100000000036e-05	-2.014299799999999894e-12	5.978409035795862435e-04
-4.892703599999999943e-05	-2.109220799999999829e-12	5.923952424136988242e-04
-5.064377600000000563e-05	-2.202095900000000135e-12	5.864885741432774354e-04
-5.236051500000000228e-05	-2.257882900000000127e-12	5.943367656696872626e-04
-5.407725000000000135e-05	-2.333491299999999928e-12	5.965144231197955227e-04
-5.579398899999999799e-05	-2.405735600000000091e-12	5.948755383904844561e-04
-5.751072900000000419e-05	-2.508552000000000194e-12	5.883669749722937603e-04
-5.922746800000000083e-05	-2.575628700000000059e-12	5.844557369128822785e-04
-6.094420299999999991e-05	-2.638353100000000135e-12	5.902945042995850523e-04
-6.266094299999999933e-05	-2.736472500000000182e-12	5.912388937929981703e-04
-6.437768199999999597e-05	-2.816674799999999896e-12	5.892932625698667388e-04
-6.609441700000000860e-05	-2.886357800000000176e-12	5.909693881428130287e-04
-6.781115700000000125e-05	-2.979849900000000013e-12	5.882083662243863236e-04
-6.952789599999999789e-05	-3.045545599999999967e-12	5.862746983571606382e-04
-7.124463600000000409e-05	-3.122109999999999911e-12	5.889745807023043060e-04
-7.296137000000000716e-05	-3.190281400000000014e-12	5.907978695469630814e-04
-7.467810999999999980e-05	-3.267172100000000103e-12	5.946617051541219605e-04
-7.639484899999999645e-05	-3.346412599999999961e-12	5.893729088278484895e-04
-7.811158399999999552e-05	-3.427733999999999862e-12	5.911559025456170199e-04
-7.982832400000000172e-05	-3.524773099999999906e-12	5.938023317662319365e-04
-8.154505899999998724e-05	-3.570532499999999963e-12	5.986531085747088914e-04
-8.326180299999999101e-05	-3.665978999999999923e-12	5.923700861829530760e-04
-8.497853800000000363e-05	-3.754063000000000379e-12	5.973952947768925879e-04
-8.669527200000000670e-05	-3.812068700000000393e-12	5.866588052205307623e-04
-8.841201700000000648e-05	-3.882563100000000142e-12	5.893693576328521127e-04
-9.012875099999999599e-05	-3.960455699999999809e-12	5.823369178040179285e-04
-9.184549599999999577e-05	-4.037389800000000314e-12	5.900533450606008576e-04
-9.356222999999999883e-05	-4.116874799999999950e-12	5.932603204318725185e-04
-9.527896500000001146e-05	-4.190261400000000363e-12	5.908263201637096963e-04
-9.699570899999998812e-05	-4.247500399999999651e-12	5.856033095324272202e-04
-9.871244400000000075e-05	-4.312973199999999776e-12	5.849532777194952227e-04
-1.004291799999999958e-04	-4.413457900000000058e-12	5.902815173749074648e-04
-1.021459200000000020e-04	-4.488610899999999909e-12	5.870214265298072040e-04
-1.038626599999999947e-04	-4.530458500000000006e-12	5.854641659990094098e-04
-1.055793900000000002e-04	-4.638199499999999880e-12	5.839498351923908892e-04
-1.072961400000000071e-04	-4.725357699999999855e-12	5.850494481894657128e-04
-1.090128700000000126e-04	-4.752986599999999982e-12	5.835538390306925808e-04
-1.107296099999999917e-04	-4.842790200000000324e-12	5.875925667080943594e-04
-1.124463499999999979e-04	-4.920644200000000328e-12	5.833495481768009774e-04
-1.141630899999999905e-04	-4.976695699999999930e-12	5.848683294279767575e-04
-1.158798299999999967e-04	-5.050051100000000104e-12	5.850732163051702546e-04
-1.175965600000000022e-04	-5.096307099999999660e-12	5.892840439639839608e-04
-1.193133000000000084e-04	-5.178871699999999895e-12	5.742341856576742027e-04
-1.210300400000000011e-04	-5.271133800000000151e-12	5.830826847351319427e-04
-1.227467799999999937e-04	-5.359712200000000048e-12	5.847835550270729819e-04
-1.244635099999999992e-04	-5.427001700000000374e-12	5.768975504903944146e-04
-1.261802599999999790e-04	-5.507670700000000098e-12	5.893827340231911358e-04
-1.278969900000000116e-04	-5.588580800000000061e-12	5.741800357446550469e-04
-1.296137300000000043e-04	-5.676977600000000139e-12	5.851620864192616858e-04
-1.313304699999999969e-04	-5.706040700000000191e-12	5.903767212149562326e-04
-1.330472099999999895e-04	-5.819315499999999712e-12	5.830559310625389909e-04
-1.347639399999999950e-04	-5.912010500000000257e-12	5.845848752454845670e-04
-1.364806900000000019e-04	-5.942797500000000255e-12	5.761211979124302275e-04
-1.381974200000000074e-04	-6.017947900000000221e-12	5.774631869854976798e-04
-1.399141600000000001e-04	-6.150100400000000046e-12	5.756032077544717728e-04
-1.416308999999999927e-04	-6.251267700000000166e-12	5.863112209437105430e-04
-1.433476299999999982e-04	-6.305352899999999641e-12	5.878361815336959539e-04
-1.450643800000000051e-04	-6.336627399999999944e-12	5.771554424489200438e-04
-1.467811100000000106e-04	-6.411732699999999725e-12	5.835310771254328651e-04
-1.484978500000000033e-04	-6.485948100000000362e-12	5.827453816789431897e-04
-1.502145899999999959e-04	-6.532377900000000080e-12	5.804979910411988894e-04
-1.519313299999999886e-04	-6.607704399999999921e-12	5.809201614135893780e-04
-1.536480599999999941e-04	-6.739671800000000330e-12	5.768209671183109144e-04
-1.553648100000000010e-04	-6.783152599999999714e-12	5.750354977783655097e-04
-1.570815399999999794e-04	-6.817036100000000375e-12	5.804095387759374306e-04
-1.587982799999999991e-04	-6.874120199999999909e-12	5.741511562543503457e-04
-1.605150100000000046e-04	-6.970904800000000058e-12	5.795031930942759046e-04
-1.622317499999999973e-04	-7.062803000000000273e-12	5.762141806045195354e-04
-1.639484999999999771e-04	-7.123632400000000184e-12	5.761416431864522982e-04
-1.656652199999999954e-04	-7.206800299999999717e-12	5.766695397400116137e-04
-1.673819700000000023e-04	-7.287509099999999798e-12	5.754639832833150295e-04
-1.690987099999999950e-04	-7.365319300000000366e-12	5.792423140809795350e-04
-1.708154400000000005e-04	-7.432218900000000184e-12	5.783464748897090271e-04
-1.725321800000000202e-04	-7.535842599999999812e-12	5.851328153171747029e-04
-1.742489300000000000e-04	-7.611016000000000131e-12	5.860558820460881179e-04
-1.759656699999999927e-04	-7.606150100000000722e-12	5.762291758987512277e-04
-1.776823999999999982e-04	-7.727466199999999815e-12	5.778627533223786028e-04
-1.793991400000000179e-04	-7.795418800000000032e-12	5.805035288146702301e-04
-1.811158800000000106e-04	-7.871032799999999431e-12	5.798312752503951206e-04
-1.828326099999999889e-04	-7.974738099999999312e-12	5.747987183568529059e-04
-1.845493499999999816e-04	-8.041917000000000417e-12	5.704368790937623147e-04
-1.862660999999999885e-04	-8.088750200000000359e-12	5.757667370214956080e-04
-1.879828200000000068e-04	-8.147188699999999797e-12	5.762615203324083493e-04
-1.896995699999999866e-04	-8.222843400000000073e-12	5.718811399731331228e-04
-1.914163099999999793e-04	-8.307863100000000682e-12	5.753383876083320407e-04
-1.931330400000000119e-04	-8.343786600000000393e-12	5.744465515816413051e-04
-1.948497800000000045e-04	-8.433948900000000197e-12	5.722300467386352753e-04
-1.965665299999999843e-04	-8.507247000000000414e-12	5.737656852618365933e-04
-1.982832500000000027e-04	-8.610742300000000239e-12	5.725980275398495330e-04
-2.000000000000000096e-04	-8.649619200000000400e-12	5.654611838809935065e-04
-2.017167400000000022e-04	-8.696733399999999379e-12	5.746045656862482131e-04
-2.034334700000000077e-04	-8.792690500000000055e-12	5.668292149063731099e-04
-2.051502100000000004e-04	-8.877601799999999481e-12	5.712627913782264118e-04
-2.068669500000000201e-04	-8.963080299999999984e-12	5.690034924677226345e-04
-2.085836799999999985e-04	-9.094700700000000415e-12	5.757994441910032008e-04
-2.103004199999999912e-04	-9.147753699999999382e-12	5.727896623446869983e-04
-2.120171699999999710e-04	-9.192061200000000200e-12	5.734808194184090125e-04
-2.137338899999999893e-04	-9.253352400000000120e-12	5.770367515475868141e-04
-2.154506399999999962e-04	-9.329289900000000472e-12	5.775467038038882865e-04
-2.171673799999999889e-04	-9.420138300000000519e-12	5.755573168192291414e-04
-2.188841099999999944e-04	-9.449549600000000434e-12	5.757981878450865775e-04
-2.206008500000000141e-04	-9.558639500000000268e-12	5.710310205902600217e-04
-2.223175999999999939e-04	-9.673077399999999929e-12	5.709369834951177804e-04
-2.240343200000000123e-04	-9.735941199999999696e-12	5.762554835690671855e-04
-2.257510600000000049e-04	-9.793244299999999636e-12	5.696223216894634673e-04
-2.274678100000000118e-04	-9.858087399999999764e-12	5.715338765040872378e-04
-2.291845500000000045e-04	-9.936367700000000286e-12	5.713098755156703666e-04
-2.309012800000000100e-04	-1.004341800000000049e-11	5.755860449979737729e-04
-2.326180200000000026e-04	-1.014477899999999934e-11	5.643445997129609756e-04
-2.343347700000000095e-04	-1.018692100000000055e-11	5.722155067682979483e-04
-2.360514900000000007e-04	-1.024409200000000017e-11	5.665629999593038918e-04
-2.377682399999999805e-04	-1.028560000000000052e-11	5.690512876054748060e-04
-2.394849799999999732e-04	-1.037370399999999960e-11	5.736003793774748123e-04
-2.412017100000000058e-04	-1.045740699999999945e-11	5.714330247344660916e-04
-2.429184499999999984e-04	-1.053357200000000026e-11	5.702277805912677041e-04
-2.446351899999999911e-04	-1.064733499999999969e-11	5.726561662152326046e-04
-2.463519200000000237e-04	-1.073217999999999961e-11	5.732047987640334413e-04
-2.480686600000000163e-04	-1.077622799999999927e-11	5.701944128455322790e-04
-2.497854100000000232e-04	-1.083734399999999983e-11	5.700616583726698201e-04
-2.515021299999999874e-04	-1.089542900000000039e-11	5.740627794988819666e-04
-2.532188799999999943e-04	-1.097061800000000002e-11	5.706775105193178039e-04
-2.549356199999999869e-04	-1.107750600000000024e-11	5.663958966099570972e-04
-2.566523500000000195e-04	-1.118408199999999968e-11	5.641884804340633816e-04
-2.583690900000000122e-04	-1.127656000000000017e-11	5.690798013737976202e-04
-2.600858400000000191e-04	-1.131285100000000038e-11	5.693291503033972613e-04
-2.618025599999999832e-04	-1.136079899999999924e-11	5.629314372179392836e-04
-2.635193099999999901e-04	-1.142109199999999970e-11	5.651492571162127941e-04
-2.652360499999999828e-04	-1.152751799999999979e-11	5.707585455363789690e-04
-2.669527800000000154e-04	-1.164218700000000038e-11	5.695955999311330892e-04
-2.686695200000000080e-04	-1.166043400000000011e-11	5.708099167079980609e-04
-2.703862600000000007e-04	-1.167219099999999994e-11	5.708213076154398501e-04
-2.721029899999999791e-04	-1.170134300000000042e-11	5.691155664417507382e-04
-2.738197300000000259e-04	-1.183725300000000039e-11	5.631667037313352851e-04
-2.755364799999999786e-04	-1.199302600000000076e-11	5.690422150569444384e-04
-2.772532200000000255e-04	-1.204494100000000034e-11	5.669842156594215050e-04
-2.789699500000000039e-04	-1.206736400000000028e-11	5.654871223403290991e-04
-2.806866899999999965e-04	-1.215299199999999984e-11	5.669754946646587881e-04
-2.824034400000000034e-04	-1.225350899999999938e-11	5.581846340139174105e-04
-2.841201599999999675e-04	-1.229085600000000011e-11	5.685679713285835034e-04
-2.858369100000000287e-04	-1.235923299999999975e-11	5.725266543815559547e-04
-2.875536500000000213e-04	-1.247388000000000056e-11	5.620121876586014120e-04
-2.892703699999999854e-04	-1.250469499999999976e-11	5.652615070436828185e-04
-2.909871199999999923e-04	-1.256552399999999944e-11	5.605559752122299963e-04
-2.927038599999999850e-04	-1.264538600000000022e-11	5.602263370058024276e-04
-2.944205900000000176e-04	-1.271623000000000064e-11	5.678909110126844923e-04
-2.961373300000000102e-04	-1.277757200000000080e-11	5.614681424446285466e-04
-2.978540800000000171e-04	-1.286429700000000031e-11	5.665003436296034509e-04
-2.995707999999999813e-04	-1.294690699999999929e-11	5.666911250614747658e-04
-3.012875499999999882e-04	-1.304024899999999932e-11	5.643130837061898636e-04
-3.030042899999999808e-04	-1.308983399999999966e-11	5.587048658770524950e-04
-3.047210200000000134e-04	-1.312116600000000003e-11	5.618526120373940188e-04
-3.064377600000000061e-04	-1.327020999999999986e-11	5.657047825117902723e-04
-3.081544999999999987e-04	-1.336771899999999974e-11	5.620567154960914250e-04
-3.098712299999999771e-04	-1.340612799999999960e-11	5.604493346949733154e-04
-3.115879699999999698e-04	-1.348789300000000031e-11	5.559013837510647007e-04
-3.133047000000000024e-04	-1.352794399999999970e-11	5.719269629151354844e-04
-3.150214600000000235e-04	-1.359296400000000016e-11	5.688742742952993935e-04
-3.167381900000000019e-04	-1.369306699999999982e-11	5.664649327025027183e-04
-3.184549099999999661e-04	-1.377372900000000035e-11	5.619411742529469705e-04
-3.201716800000000015e-04	-1.384084800000000080e-11	5.610065145967433253e-04
-3.218884000000000198e-04	-1.390565700000000063e-11	5.651541216625427825e-04
-3.236051299999999982e-04	-1.391416500000000062e-11	5.654518043189313541e-04
-3.253218900000000194e-04	-1.391800500000000073e-11	5.608412093299588227e-04
-3.270386199999999978e-04	-1.413221400000000071e-11	5.683024073568440247e-04
-3.287553399999999619e-04	-1.419175000000000039e-11	5.628421634882061842e-04
-3.304720999999999831e-04	-1.426212199999999976e-11	5.577445835236589629e-04
-3.321888299999999614e-04	-1.429181599999999969e-11	5.621547420649803577e-04
-3.339055599999999941e-04	-1.434128100000000023e-11	5.627460265512443122e-04
-3.356223199999999610e-04	-1.444281599999999935e-11	5.651785086087509832e-04
-3.373390400000000336e-04	-1.453299500000000072e-11	5.611870715223078168e-04
-3.390557700000000120e-04	-1.457425699999999962e-11	5.699980125513400128e-04
-3.407725300000000331e-04	-1.458448299999999938e-11	5.586288349750248095e-04
-3.424892600000000115e-04	-1.463224300000000119e-11	5.619420059235776628e-04
-3.442059799999999756e-04	-1.477107699999999918e-11	5.639199853174468478e-04
-3.459227500000000110e-04	-1.488005000000000100e-11	5.604788644746212236e-04
-3.476394700000000294e-04	-1.490642199999999935e-11	5.612881390945811868e-04
-3.493562000000000078e-04	-1.506722500000000015e-11	5.664816162448876652e-04
-3.510729600000000289e-04	-1.514639600000000109e-11	5.606501674315323910e-04
-3.527896900000000073e-04	-1.520970300000000144e-11	5.607880343602568256e-04
-3.545064500000000285e-04	-1.530571300000000034e-11	5.652132280738900259e-04
-3.562231699999999926e-04	-1.537341799999999979e-11	5.623156630816848007e-04
-3.579398999999999710e-04	-1.543994799999999951e-11	5.578806358943685928e-04
-3.596566599999999922e-04	-1.550989400000000015e-11	5.659547780406975386e-04
-3.613733899999999706e-04	-1.558176699999999842e-11	5.588253209757645121e-04
-3.630901100000000431e-04	-1.566890199999999874e-11	5.610372739367531798e-04
-3.648068799999999701e-04	-1.567971599999999866e-11	5.648779791171448707e-04
-3.665236000000000427e-04	-1.577676700000000072e-11	5.653775356896164088e-04
-3.682403299999999669e-04	-1.586900600000000057e-11	5.625054441669889238e-04
-3.699570900000000422e-04	-1.590747700000000068e-11	5.587429025052255936e-04
-3.716738100000000064e-04	-1.598195199999999850e-11	5.645979012312528356e-04
-3.733905400000000390e-04	-1.597378300000000034e-11	5.629993485922269239e-04
-3.751073000000000059e-04	-1.610940499999999885e-11	5.573974047425098556e-04
-3.768240300000000385e-04	-1.615404999999999901e-11	5.664833369093458032e-04
-3.785407500000000027e-04	-1.625248699999999983e-11	5.647516727028332713e-04
-3.802575200000000381e-04	-1.636035799999999882e-11	5.585013394761527937e-04
-3.819742400000000022e-04	-1.641410800000000109e-11	5.642685935548233866e-04
-3.836909699999999806e-04	-1.646807499999999938e-11	5.587160685002098533e-04
-3.854077300000000018e-04	-1.647699300000000017e-11	5.544391819414194993e-04
-3.871244599999999801e-04	-1.659963499999999887e-11	5.595591466864794240e-04
-3.888411799999999985e-04	-1.670397199999999990e-11	5.588709876010451542e-04
-3.905579399999999654e-04	-1.681264000000000014e-11	5.625169379413133683e-04
-3.922746699999999980e-04	-1.688030399999999855e-11	5.617139399931221112e-04
-3.939913999999999764e-04	-1.695788300000000136e-11	5.640619997751793440e-04
-3.957081599999999976e-04	-1.697329999999999918e-11	5.626119261882722060e-04
-3.974248800000000159e-04	-1.705621399999999916e-11	5.594203635320683064e-04
-3.991416099999999401e-04	-1.715405900000000075e-11	5.620012146150145773e-04
-4.008583700000000155e-04	-1.720842700000000111e-11	5.683488085293157514e-04
-4.025751000000000481e-04	-1.725325100000000120e-11	5.564401037154816836e-04
-4.042918200000000122e-04	-1.739619200000000157e-11	5.651652160475887417e-04
-4.060085900000000476e-04	-1.747180000000000074e-11	5.574565854283737576e-04
-4.077253100000000118e-04	-1.743535500000000048e-11	5.700942482299483629e-04
-4.094420399999999902e-04	-1.757949900000000060e-11	5.652248014643863070e-04
-4.111588000000000113e-04	-1.761979500000000086e-11	5.615000610364052468e-04
-4.128755299999999897e-04	-1.773203500000000160e-11	5.528838961263288481e-04
-4.145922500000000081e-04	-1.776203000000000080e-11	5.588961568266607310e-04
-4.163090099999999750e-04	-1.781132399999999956e-11	5.641279121136726646e-04
-4.180257400000000076e-04	-1.789517299999999968e-11	5.605883934670008364e-04
-4.197424699999999860e-04	-1.797056399999999960e-11	5.580874228658412725e-04
-4.214592300000000072e-04	-1.808172900000000017e-11	5.608528054715581886e-04
-4.231759499999999713e-04	-1.817170900000000137e-11	5.620449070596646168e-04
-4.248926799999999497e-04	-1.822085499999999870e-11	5.601950768143492462e-04
-4.266094399999999709e-04	-1.831386400000000037e-11	5.622862394748605721e-04
-4.283261700000000577e-04	-1.838838099999999982e-11	5.613950659213733010e-04
-4.300428900000000218e-04	-1.847707400000000125e-11	5.652213094771866902e-04
-4.317596600000000572e-04	-1.853322399999999955e-11	5.702663764599203572e-04
-4.334763800000000214e-04	-1.861383300000000018e-11	5.615722707671622549e-04
-4.351931099999999998e-04	-1.867359200000000095e-11	5.596441866885139152e-04
-4.369098700000000209e-04	-1.875839900000000156e-11	5.548109734361690018e-04
-4.386265899999999851e-04	-1.884810899999999877e-11	5.585186769844092134e-04
-4.403433200000000177e-04	-1.887915000000000079e-11	5.592411081165673831e-04
-4.420600799999999846e-04	-1.897405300000000044e-11	5.626086426449739431e-04
-4.437768100000000172e-04	-1.908365100000000116e-11	5.576975239003264520e-04
-4.454935299999999813e-04	-1.913247899999999910e-11	5.621242618377665298e-04
-4.472103000000000167e-04	-1.917720799999999928e-11	5.566465412601706315e-04
-4.489270199999999809e-04	-1.921069199999999954e-11	5.628125312724674163e-04
-4.506437900000000163e-04	-1.931287199999999942e-11	5.550369261649911248e-04
-4.523605099999999804e-04	-1.942396100000000135e-11	5.564997050128145254e-04
-4.540772399999999588e-04	-1.948760100000000006e-11	5.592816491672757215e-04
-4.557939999999999800e-04	-1.953758299999999854e-11	5.604769980019930773e-04
-4.575107199999999441e-04	-1.949102999999999879e-11	5.604777191301485309e-04
-4.592274500000000309e-04	-1.961252000000000133e-11	5.636208819289079694e-04
-4.609442099999999437e-04	-1.972717500000000030e-11	5.572394958103531236e-04
-4.626609400000000305e-04	-1.979337399999999959e-11	5.616738603525142214e-04
-4.643776599999999946e-04	-1.991219999999999910e-11	5.607196001065445313e-04
-4.660944300000000300e-04	-1.998479299999999942e-11	5.614310213282070351e-04
-4.678111499999999942e-04	-2.003138300000000114e-11	5.649781002659429521e-04
-4.695278800000000268e-04	-2.002713099999999907e-11	5.644931667521806444e-04
-4.712446399999999937e-04	-2.020232600000000053e-11	5.631600258241362816e-04
-4.729613700000000263e-04	-2.019798599999999936e-11	5.583117896108393072e-04
-4.746780899999999905e-04	-2.034318699999999895e-11	5.570862627890752622e-04
-4.763948500000000116e-04	-2.038210699999999976e-11	5.594749357950318681e-04
-4.781115799999999900e-04	-2.044601300000000015e-11	5.617247788494384927e-04
-4.798283099999999684e-04	-2.048417499999999960e-11	5.543446358574761730e-04
-4.815450699999999896e-04	-2.056272699999999864e-11	5.615126778411524706e-04
-4.832617899999999537e-04	-2.056879099999999981e-11	5.533250444327149050e-04
-4.849785199999999863e-04	-2.069332599999999914e-11	5.546959864335259142e-04
-4.866952799999999532e-04	-2.057971300000000068e-11	5.520606929209524380e-04
-4.884120099999999859e-04	-2.076007800000000100e-11	5.538080396436126460e-04
-4.901287299999999500e-04	-2.092964000000000128e-11	5.575610171400993817e-04
-4.918455000000000396e-04	-2.099521300000000108e-11	5.504810069453302873e-04
-4.935622200000000038e-04	-2.104517299999999979e-11	5.633923588635363425e-04
-4.952789500000000364e-04	-2.102074599999999978e-11	5.637053486421598038e-04
-4.969957099999999491e-04	-2.114730799999999954e-11	5.550120258711178749e-04
-4.987124399999999817e-04	-2.122940399999999907e-11	5.562812960121064779e-04
-5.004291599999999458e-04	-2.137521900000000091e-11	5.655465513403857766e-04
-5.021459200000000754e-04	-2.146269600000000155e-11	5.591258507613659215e-04
-5.038626499999999996e-04	-2.153840099999999855e-11	5.621917825179658691e-04
-5.055793699999999637e-04	-2.159778599999999991e-11	5.556021738352426255e-04
-5.072961399999999449e-04	-2.159732800000000048e-11	5.578167978075988884e-04
-5.090128600000000175e-04	-2.165395999999999915e-11	5.544792043627823136e-04
-5.107295900000000501e-04	-2.172715000000000158e-11	5.607300588622635400e-04
-5.124463499999999628e-04	-2.183460200000000103e-11	5.573084253996224945e-04
-5.141630799999999954e-04	-2.191826899999999949e-11	5.554762156251313084e-04
-5.158797999999999596e-04	-2.203679799999999881e-11	5.603915329918230217e-04
-5.175965700000000492e-04	-2.199366200000000056e-11	5.582536710411654338e-04
-5.193132900000000133e-04	-2.210922799999999874e-11	5.578849138236309426e-04
-5.210300200000000459e-04	-2.225761200000000046e-11	5.550305781431762132e-04
-5.227467799999999587e-04	-2.230371999999999859e-11	5.557932777345606741e-04
-5.244635000000000312e-04	-2.226288899999999969e-11	5.519213002498154922e-04
-5.261802299999999554e-04	-2.230911500000000132e-11	5.593498348079649438e-04
-5.278969899999999766e-04	-2.240331700000000019e-11	5.643930453022991860e-04
-5.296137200000000092e-04	-2.250968699999999866e-11	5.475090096888315027e-04
-5.313304399999999733e-04	-2.239530099999999987e-11	5.615816938790171940e-04
-5.330472099999999545e-04	-2.247905500000000008e-11	5.553898315282594341e-04
-5.347639299999999186e-04	-2.271915600000000082e-11	5.629701998141212888e-04
-5.364806600000000597e-04	-2.280266300000000062e-11	5.547448621713539771e-04
-5.381974199999999724e-04	-2.289329100000000107e-11	5.583283824320959448e-04
-5.399141500000000050e-04	-2.296184200000000098e-11	5.503533109821012433e-04
-5.416308699999999691e-04	-2.305631000000000155e-11	5.574034868741342599e-04
-5.433476299999999903e-04	-2.310991500000000089e-11	5.554657361249735808e-04
-5.450643600000000229e-04	-2.323200799999999933e-11	5.584835068522299179e-04
-5.467810900000000555e-04	-2.321331500000000063e-11	5.556300335995279904e-04
-5.484978499999999682e-04	-2.331973999999999854e-11	5.623172937190615544e-04
-5.502145700000000408e-04	-2.338310999999999971e-11	5.586915384053497578e-04
-5.519313400000000220e-04	-2.346500300000000161e-11	5.624203831336827648e-04
-5.536480599999999861e-04	-2.346727300000000015e-11	5.610270889906847965e-04
-5.553647900000000187e-04	-2.357645800000000156e-11	5.533000333040706065e-04
-5.570815500000000399e-04	-2.371158499999999867e-11	5.481555757642635630e-04
-5.587982799999999641e-04	-2.375522199999999856e-11	5.597861860114237628e-04
-5.605149999999999282e-04	-2.378096300000000100e-11	5.548314381132563814e-04
-5.622317599999999494e-04	-2.375121099999999990e-11	5.589318743941380742e-04
-5.639484899999999820e-04	-2.388607199999999855e-11	5.505615033892881285e-04
-5.656652200000000146e-04	-2.404909599999999869e-11	5.600197494714479352e-04
-5.673819799999999273e-04	-2.412542600000000105e-11	5.535284176753872947e-04
-5.690986999999999999e-04	-2.423883799999999980e-11	5.588999734227178282e-04
-5.708154300000000325e-04	-2.429480100000000001e-11	5.539566769436957399e-04
-5.725321900000000536e-04	-2.429249500000000008e-11	5.543051909789766104e-04
-5.742489199999999778e-04	-2.442385500000000044e-11	5.596123484621383978e-04
-5.759656400000000504e-04	-2.447675000000000029e-11	5.647799817445521434e-04
-5.776824100000000316e-04	-2.450297099999999871e-11	5.560812195820288200e-04
-5.793991299999999957e-04	-2.463499500000000109e-11	5.519506516986740288e-04
-5.811158600000000283e-04	-2.464118000000000103e-11	5.567920643954649444e-04
-5.828326200000000495e-04	-2.462277299999999941e-11	5.571015386605236881e-04
-5.845493499999999737e-04	-2.465945199999999904e-11	5.557837253126413427e-04
-5.862660699999999378e-04	-2.478102099999999872e-11	5.499774459108083824e-04
-5.879828299999999590e-04	-2.483480300000000007e-11	5.493233646862104823e-04
-5.896995599999999916e-04	-2.493404100000000123e-11	5.576298429728281754e-04
-5.914162800000000641e-04	-2.510645200000000148e-11	5.539003667757632634e-04
-5.931330499999999369e-04	-2.523035900000000017e-11	5.579412337092072094e-04
-5.948497700000000095e-04	-2.530661099999999951e-11	5.547994119550443215e-04
-5.965664999999999336e-04	-2.527429300000000026e-11	5.513075557468868904e-04
-5.982832600000000632e-04	-2.537962199999999879e-11	5.528083392560496955e-04
-5.999999899999999874e-04	-2.544441400000000011e-11	5.540389667754737736e-04
-6.081632499999999747e-04	-2.580510799999999934e-11	5.481651601878897344e-04
-6.163265200000000305e-04	-2.619670800000000022e-11	5.519763671175074299e-04
-6.244897800000000177e-04	-2.653666500000000020e-11	5.538783156143224900e-04
-6.326530900000000221e-04	-2.681925699999999844e-11	5.454539679024331122e-04
-6.408163200000000208e-04	-2.702731100000000126e-11	5.532121022740474955e-04
-6.489795399999999511e-04	-2.738503300000000061e-11	5.582196324486985448e-04
-6.571428499999999555e-04	-2.774551799999999874e-11	5.546006363810882705e-04
-6.653061499999999998e-04	-2.805135800000000141e-11	5.493691954165815352e-04
-6.734693799999999985e-04	-2.839410499999999960e-11	5.487118442588015529e-04
-6.816326099999999973e-04	-2.889305300000000129e-11	5.493604465818704811e-04
-6.897959100000000416e-04	-2.905647900000000084e-11	5.485574118538635944e-04
-6.979592099999999775e-04	-2.941635799999999812e-11	5.421772706176677297e-04
-7.061224400000000847e-04	-2.979158900000000092e-11	5.457399791569093623e-04
-7.142856699999999750e-04	-3.012809400000000182e-11	5.496494658658878946e-04
-7.224489700000000193e-04	-3.037584400000000104e-11	5.481191762510134735e-04
-7.306122800000000236e-04	-3.078675199999999697e-11	5.522506434939042190e-04
-7.387755100000000224e-04	-3.103067100000000128e-11	5.535925111019098128e-04
-7.469387399999999127e-04	-3.139129199999999714e-11	5.496869762193128204e-04
-7.551020399999999570e-04	-3.174258399999999730e-11	5.431016146209388228e-04
-7.632653400000000013e-04	-3.219948600000000310e-11	5.481640454389045567e-04
-7.714285700000000001e-04	-3.254432099999999816e-11	5.463992855793915531e-04
-7.795917999999999988e-04	-3.285354600000000001e-11	5.485477007430183309e-04
-7.877551000000000431e-04	-3.313281600000000312e-11	5.471427217848001418e-04
-7.959184099999999391e-04	-3.332522800000000103e-11	5.464470706884722549e-04
-8.040816300000000862e-04	-3.382517500000000102e-11	5.501675180948521282e-04
-8.122448599999999765e-04	-3.415979700000000060e-11	5.464239532131710299e-04
-8.204081699999999809e-04	-3.435153899999999948e-11	5.420213180721181840e-04
-8.285714700000000252e-04	-3.483219299999999692e-11	5.486311017249977280e-04
-8.367347000000000239e-04	-3.516050000000000230e-11	5.453786362160998854e-04
-8.448979299999999143e-04	-3.536021100000000021e-11	5.467746454512549233e-04
-8.530612299999999586e-04	-3.576417600000000131e-11	5.517153946419289844e-04
-8.612245300000000029e-04	-3.626056100000000011e-11	5.523416762218040597e-04
-8.693877600000000016e-04	-3.651435800000000038e-11	5.514602910482840339e-04
-8.775509900000000004e-04	-3.669840100000000100e-11	5.475049084612580242e-04
-8.857142899999999363e-04	-3.709858100000000142e-11	5.453928106867698966e-04
-8.938775999999999406e-04	-3.743453800000000263e-11	5.399558110599989502e-04
-9.020408200000000877e-04	-3.784378699999999730e-11	5.508659667298558809e-04
-9.102040499999999781e-04	-3.815454900000000106e-11	5.405619677908486036e-04
-9.183673599999999824e-04	-3.857590599999999947e-11	5.476873883403786695e-04
-9.265306600000000267e-04	-3.876135499999999746e-11	5.485494133726535534e-04
-9.346938900000000255e-04	-3.906790199999999789e-11	5.440085002950213527e-04
-9.428571199999999158e-04	-3.937816699999999909e-11	5.408722044174319506e-04
-9.510204199999999601e-04	-3.972190299999999952e-11	5.422906547951230304e-04
-9.591837200000000044e-04	-4.005084100000000080e-11	5.478482058866819202e-04
-9.673469500000000032e-04	-4.036454499999999681e-11	5.488581665919668338e-04
-9.755101800000000019e-04	-4.072833000000000322e-11	5.403715640483250761e-04
-9.836734799999998294e-04	-4.110070299999999764e-11	5.426898053960654399e-04
-9.918367899999999421e-04	-4.145538100000000079e-11	5.332799643832767961e-04
-1.000000000000000021e-03	-4.190945899999999844e-11	5.414242154799280482e-04
