# [DATA]
1.396885399999999973e-03	5.826021757142857150e-11	5.354300045070191491e-04
1.393770899999999995e-03	5.817042628571428875e-11	5.305213046842172531e-04
1.390656199999999948e-03	5.804024728571427867e-11	5.302039974274399365e-04
1.387541700000000187e-03	5.796881471428571810e-11	5.289778144117044442e-04
1.384427099999999957e-03	5.784622142857142811e-11	5.329196679398451146e-04
1.381312599999999979e-03	5.770599957142857222e-11	5.307118939384286062e-04
1.378197999999999966e-03	5.764712614285713986e-11	5.326820176073126687e-04
1.375083499999999988e-03	5.747158642857142685e-11	5.346988964634525254e-04
1.371968799999999941e-03	5.739430128571428694e-11	5.302687210456196679e-04
1.368854299999999963e-03	5.720714071428572192e-11	5.261651737202678678e-04
1.365739699999999951e-03	5.705146071428571869e-11	5.363992848601783180e-04
1.362625199999999972e-03	5.694705585714285920e-11	5.254334062146523649e-04
1.359510600000000177e-03	5.682241628571429316e-11	5.319534697934407428e-04
1.356395900000000130e-03	5.673723000000000622e-11	5.307600915350627535e-04
1.353281400000000152e-03	5.663490071428571708e-11	5.344546346474881703e-04
1.350166799999999922e-03	5.649000428571428979e-11	5.326120610444494592e-04
1.347052300000000161e-03	5.634029257142857128e-11	5.347186114595645122e-04
1.343937699999999931e-03	5.620773042857143296e-11	5.276118518786390146e-04
1.340823199999999953e-03	5.605860914285713859e-11	5.285928329828367160e-04
1.337708499999999906e-03	5.593914757142857602e-11	5.372943211596631092e-04
1.334594000000000145e-03	5.581458414285714418e-11	5.294038475761974998e-04
1.331479399999999915e-03	5.572493114285713464e-11	5.229449562309127159e-04
1.328364899999999937e-03	5.556866371428571548e-11	5.282565310249294922e-04
1.325250299999999925e-03	5.536623200000000120e-11	5.297200507480441306e-04
1.322135799999999946e-03	5.524984614285714667e-11	5.269039044345786692e-04
1.319021099999999900e-03	5.495905014285713976e-11	5.260943740015047417e-04
1.315906599999999921e-03	5.499100228571428301e-11	5.276305533125240149e-04
1.312792000000000125e-03	5.492710114285714025e-11	5.245404156882614707e-04
1.309677399999999896e-03	5.475185414285713140e-11	5.388516538929483818e-04
1.306562900000000135e-03	5.465453942857143545e-11	5.305059503403474494e-04
1.303448200000000088e-03	5.452770328571428737e-11	5.358203201926632934e-04
1.300333700000000110e-03	5.445160099999999042e-11	5.315254071654632690e-04
1.297219099999999880e-03	5.433245657142857838e-11	5.418708991913946975e-04
1.294104600000000119e-03	5.424845842857143424e-11	5.302745929750820805e-04
1.290989999999999889e-03	5.410387699999999492e-11	5.433066762843119903e-04
1.287875499999999911e-03	5.397490485714285457e-11	5.240942095651860734e-04
1.284760799999999864e-03	5.385106871428571930e-11	5.315689351517677123e-04
1.281646300000000103e-03	5.374219314285714136e-11	5.276493316434504839e-04
1.278531699999999873e-03	5.354824528571429059e-11	5.342853093670441467e-04
1.275417199999999895e-03	5.350769428571428208e-11	5.473650482269870349e-04
1.272302600000000099e-03	5.334162028571428873e-11	5.324935281951424489e-04
1.269187900000000053e-03	5.316226999999999901e-11	5.295083949560199692e-04
1.266073400000000074e-03	5.302963828571427864e-11	5.367402158843497450e-04
1.262958800000000062e-03	5.294868214285713925e-11	5.374952647941936548e-04
1.259844300000000084e-03	5.274407200000000180e-11	5.335652172747019787e-04
1.256729699999999854e-03	5.266223114285714609e-11	5.363384343676366132e-04
1.253615200000000093e-03	5.244794542857142608e-11	5.336378961918970603e-04
1.250500500000000046e-03	5.240535299999999592e-11	5.419415769010479771e-04
1.247386000000000068e-03	5.227247042857142778e-11	5.335211893957656892e-04
1.244271400000000272e-03	5.215706871428571460e-11	5.265558466029889419e-04
1.241156800000000259e-03	5.209335142857143265e-11	5.299725675214260944e-04
1.238042300000000064e-03	5.190489614285713435e-11	5.379014452133744394e-04
1.234927700000000052e-03	5.171471785714285601e-11	5.287146872695770846e-04
1.231813100000000256e-03	5.169582357142858004e-11	5.307554226010853613e-04
1.228698600000000061e-03	5.156372057142857082e-11	5.312922422423836449e-04
1.225584000000000048e-03	5.136611428571428263e-11	5.462481642702867639e-04
1.222469400000000036e-03	5.129178342857142594e-11	5.408851141256236202e-04
1.219354899999999841e-03	5.117939414285714563e-11	5.293979354615032090e-04
1.216240200000000228e-03	5.105014814285714422e-11	5.369285440807288140e-04
1.213125700000000032e-03	5.093935357142857003e-11	5.455827216313707297e-04
1.210011100000000020e-03	5.082161900000000275e-11	5.358259021069129062e-04
1.206896600000000042e-03	5.068014914285713729e-11	5.347517234028298025e-04
1.203782000000000246e-03	5.054755614285714248e-11	5.422027548502090155e-04
1.200667400000000017e-03	5.036804299999999761e-11	5.318160777342822868e-04
1.197552800000000004e-03	5.020338442857142643e-11	5.396884863959826003e-04
1.194438300000000026e-03	5.014670371428571583e-11	5.353821830263589794e-04
1.191323700000000230e-03	5.005317642857143483e-11	5.488515254242245763e-04
1.188209099999999784e-03	4.998566342857142343e-11	5.436183271227013752e-04
1.185094600000000022e-03	4.982635928571427997e-11	5.414955034712084277e-04
1.181980000000000010e-03	4.971403642857142503e-11	5.315437511163917297e-04
1.178865400000000214e-03	4.955100757142857372e-11	5.414860993685528682e-04
1.175750900000000019e-03	4.933268785714285147e-11	5.455282581709394729e-04
1.172636300000000006e-03	4.928380814285713986e-11	5.320919359089021881e-04
1.169521699999999994e-03	4.902991757142857599e-11	5.364450075623688943e-04
1.166407200000000016e-03	4.893757785714285034e-11	5.461217254902504467e-04
1.163292499999999752e-03	4.885301599999999424e-11	5.311120870102739111e-04
1.160178000000000207e-03	4.867218828571428533e-11	5.502186763208084894e-04
1.157063399999999978e-03	4.858095171428571804e-11	5.367961394048462566e-04
1.153948799999999966e-03	4.851504142857143676e-11	5.422797423337138165e-04
1.150834300000000204e-03	4.838638914285713879e-11	5.346507499460248893e-04
1.147719700000000191e-03	4.826963442857142652e-11	5.391688698922875687e-04
1.144605099999999962e-03	4.812632385714286156e-11	5.515293551061798511e-04
1.141490599999999984e-03	4.799936542857142364e-11	5.325198717248950291e-04
1.138376000000000188e-03	4.783564428571428950e-11	5.295226300555552984e-04
1.135261400000000176e-03	4.774397014285713452e-11	5.413016788992419453e-04
1.132146899999999980e-03	4.764082571428571110e-11	5.375016251145440203e-04
1.129032199999999934e-03	4.752330814285715276e-11	5.329437104969771393e-04
1.125917700000000172e-03	4.734902599999999672e-11	5.375964554978264085e-04
1.122803100000000160e-03	4.723099357142857391e-11	5.403318562376205336e-04
1.119688499999999714e-03	4.713804114285714678e-11	5.334333859552777609e-04
1.116573999999999952e-03	4.701016199999999761e-11	5.427952281805419488e-04
1.113459399999999939e-03	4.688830185714285272e-11	5.369321493356512143e-04
1.110344800000000144e-03	4.675722242857142696e-11	5.387664875637806746e-04
1.107230299999999949e-03	4.661757142857142910e-11	5.406031762317573377e-04
1.104115699999999936e-03	4.650586999999999680e-11	5.381195595823676280e-04
1.101001099999999924e-03	4.638744357142856626e-11	5.372718241270927134e-04
1.097886600000000162e-03	4.622903699999999815e-11	5.410024361675535264e-04
1.094771999999999933e-03	4.610370728571427953e-11	5.388933558351032774e-04
1.091657399999999920e-03	4.599601585714286146e-11	5.352510462528209520e-04
1.088542799999999908e-03	4.584737557142857333e-11	5.450803878115450087e-04
1.085428300000000146e-03	4.569026642857143035e-11	5.493556660313046128e-04
1.082313699999999700e-03	4.554542014285714163e-11	5.362012408016824522e-04
1.079199200000000155e-03	4.545091271428571512e-11	5.435999613486406376e-04
1.076084499999999892e-03	4.537212285714285642e-11	5.365687278117017107e-04
1.072970000000000130e-03	4.522573242857142619e-11	5.353285415010810167e-04
1.069855400000000118e-03	4.508906499999999938e-11	5.468079931910045481e-04
1.066740800000000105e-03	4.496312728571428521e-11	5.448535868802917423e-04
1.063626299999999910e-03	4.473100357142856893e-11	5.452479790310827724e-04
1.060511699999999898e-03	4.449706528571428432e-11	5.467388364801485569e-04
1.057397100000000102e-03	4.448606400000000875e-11	5.479426131761389257e-04
1.054282600000000123e-03	4.438162142857143720e-11	5.457854067841252845e-04
1.051167999999999894e-03	4.414679985714285643e-11	5.454434293194045189e-04
1.048053399999999882e-03	4.412469342857142603e-11	5.480391731840922320e-04
1.044938900000000120e-03	4.403886042857143092e-11	5.435599290906659381e-04
1.041824200000000073e-03	4.389378799999999250e-11	5.488497900937400155e-04
1.038709700000000095e-03	4.373104200000000098e-11	5.424041520625599378e-04
1.035595099999999866e-03	4.365531499999999774e-11	5.381512591522962527e-04
1.032480499999999853e-03	4.349818571428571413e-11	5.466219286999335347e-04
1.029366000000000092e-03	4.340023271428572128e-11	5.419514169582879265e-04
1.026251400000000079e-03	4.318381171428571262e-11	5.455765935747984531e-04
1.023136800000000067e-03	4.312538842857142356e-11	5.479974654314561169e-04
1.020022300000000088e-03	4.301795185714285559e-11	5.541258160247100823e-04
1.016907700000000076e-03	4.292652642857143107e-11	5.403622224450546326e-04
1.013793100000000063e-03	4.274816942857142991e-11	5.411100748523166477e-04
1.010678599999999868e-03	4.262803514285714416e-11	5.448711254294513794e-04
1.007563900000000038e-03	4.244155242857143431e-11	5.447774576088508557e-04
1.004449400000000060e-03	4.232402914285713714e-11	5.472007868932270841e-04
1.001334800000000047e-03	4.228023414285714298e-11	5.404757679481738070e-04
9.982202900000001090e-04	4.215239514285714600e-11	5.478854255388649046e-04
9.951056500000000395e-04	4.193799957142856913e-11	5.449985315635026218e-04
9.919911600000000211e-04	4.182310442857142531e-11	5.495880956270412761e-04
9.888765200000001684e-04	4.161756400000000335e-11	5.448807222673304447e-04
9.857619599999999961e-04	4.153212800000000476e-11	5.435962210459592374e-04
9.826473900000000806e-04	4.140509871428571311e-11	5.446926597252921319e-04
9.795328199999999482e-04	4.132265228571427613e-11	5.480945896574898829e-04
9.764182599999999927e-04	4.116970157142856194e-11	5.465590605086889436e-04
9.733036899999999688e-04	4.102087657142856736e-11	5.490254676248358494e-04
9.701891199999999448e-04	4.091907428571428517e-11	5.404373730954922751e-04
9.670744799999999837e-04	4.087768514285714203e-11	5.414745796841788188e-04
9.639599899999999654e-04	4.072536657142857280e-11	5.394001858637851839e-04
9.608453500000000043e-04	4.062353828571428852e-11	5.449813657623605494e-04
9.577308599999999859e-04	4.049317428571428151e-11	5.410139175031233004e-04
9.546162199999999164e-04	4.033648757142856908e-11	5.411783412145890421e-04
9.515017300000000065e-04	4.016046728571428233e-11	5.400788638751178585e-04
9.483870899999999370e-04	4.004903242857142301e-11	5.542329712057780062e-04
9.452725200000000215e-04	3.992338457142856621e-11	5.482333337515158658e-04
9.421579499999999975e-04	3.984867142857142469e-11	5.483573073142854236e-04
9.390433900000000420e-04	3.968444171428570711e-11	5.491851634385297399e-04
9.359288200000000181e-04	3.955538228571428420e-11	5.474820478468430925e-04
9.328142599999999542e-04	3.941558928571428191e-11	5.358237732410726754e-04
9.296996900000000386e-04	3.931322285714285525e-11	5.410030602964522629e-04
9.265850499999999691e-04	3.909292614285714204e-11	5.400783506656908631e-04
9.234705599999999508e-04	3.908208985714285185e-11	5.472647388509476515e-04
9.203559199999999897e-04	3.893980614285713673e-11	5.460191636911079956e-04
9.172414199999999029e-04	3.880243400000000058e-11	5.508570299523597941e-04
9.141267799999999418e-04	3.864648214285714391e-11	5.425278000958574107e-04
9.110122900000000318e-04	3.853951928571428118e-11	5.506726861443189767e-04
9.078976499999999623e-04	3.841573485714285959e-11	5.480162786093178192e-04
9.047830799999999384e-04	3.826401214285714342e-11	5.453958549019844414e-04
9.016685200000000913e-04	3.814706042857142729e-11	5.488351761786238944e-04
8.985539500000000674e-04	3.797474200000000298e-11	5.484375394935799442e-04
8.954393900000000035e-04	3.784659671428571334e-11	5.375822482147880150e-04
8.923248199999999795e-04	3.773249828571428674e-11	5.490018908803590914e-04
8.892102499999999556e-04	3.761693728571428822e-11	5.427193564470069939e-04
8.860956900000000001e-04	3.747234371428571287e-11	5.482780753891386416e-04
8.829811199999999761e-04	3.734056014285714583e-11	5.558052507114788487e-04
8.798664800000000150e-04	3.719147485714285931e-11	5.471689628283639157e-04
8.767519899999999967e-04	3.708792957142857261e-11	5.484975285078911005e-04
8.736373499999999272e-04	3.697250700000000225e-11	5.467486470217236376e-04
8.705228600000000172e-04	3.687944400000000172e-11	5.462251190383262973e-04
8.674082199999999477e-04	3.675908000000000294e-11	5.444888116204862948e-04
8.642936499999999238e-04	3.658790714285714205e-11	5.497451471222827022e-04
8.611790800000001167e-04	3.645294585714285980e-11	5.463318266419238010e-04
8.580645200000000528e-04	3.634858285714285668e-11	5.470937206881510990e-04
8.549499500000000288e-04	3.622728742857142433e-11	5.514657458058476415e-04
8.518353800000000049e-04	3.604735128571428731e-11	5.424240965334352262e-04
8.487208200000000494e-04	3.596582257142857278e-11	5.536308115451426615e-04
8.456062500000000254e-04	3.582726142857142880e-11	5.423695168720983010e-04
8.424916899999999615e-04	3.568815928571428272e-11	5.452869003244187199e-04
8.393770500000000004e-04	3.553962814285714136e-11	5.394924057567440992e-04
8.362625499999999136e-04	3.542426828571429103e-11	5.527379351623352413e-04
8.331479099999999525e-04	3.533042714285714527e-11	5.445805827582577948e-04
8.300334199999999342e-04	3.515432099999999613e-11	5.349904943893474393e-04
8.269187799999999731e-04	3.507382042857142896e-11	5.557944253883250136e-04
8.238042900000000631e-04	3.491169314285714238e-11	5.458075844214008545e-04
8.206896499999998852e-04	3.477438328571428082e-11	5.386086006392457959e-04
8.175750800000000781e-04	3.466073714285714714e-11	5.428202248606655254e-04
8.144605200000000142e-04	3.454396428571428246e-11	5.468624814467055919e-04
8.113459499999999902e-04	3.439687971428571672e-11	5.486487795433231179e-04
8.082313800000000747e-04	3.426871499999999652e-11	5.433205329614207869e-04
8.051168200000000108e-04	3.417682800000000277e-11	5.454297139009009043e-04
8.020022499999999869e-04	3.405251628571428373e-11	5.471121236460506354e-04
7.988876100000000258e-04	3.396511971428571655e-11	5.439997153441374208e-04
7.957731200000000074e-04	3.382711385714286033e-11	5.417204306912090260e-04
7.926584800000000463e-04	3.367773014285714376e-11	5.422492666109695941e-04
7.895439899999999196e-04	3.355924042857143159e-11	5.407806537767661592e-04
7.864293499999999585e-04	3.342019157142856783e-11	5.462589802330365457e-04
7.833148500000000885e-04	3.327909971428571378e-11	5.500634622140630802e-04
7.802002099999999106e-04	3.311545971428571671e-11	5.456262793707836786e-04
7.770856499999999551e-04	3.298010428571428472e-11	5.524766303148698383e-04
7.739710800000000395e-04	3.284185314285714522e-11	5.420896726906011863e-04
7.708565100000000156e-04	3.269096614285714940e-11	5.437286552538229305e-04
7.677419500000000601e-04	3.257613771428571498e-11	5.487622219966631874e-04
7.646273800000000362e-04	3.247223299999999533e-11	5.452043494283811747e-04
7.615128199999999722e-04	3.234214185714286172e-11	5.466470312493668495e-04
7.583982499999999483e-04	3.225241914285714105e-11	5.410357121157539917e-04
7.552836800000000328e-04	3.211736585714285739e-11	5.480730179923262117e-04
7.521691199999999689e-04	3.198752657142857213e-11	5.460123199373771719e-04
7.490544800000000078e-04	3.187457314285714088e-11	5.454581769178009059e-04
7.459399099999999838e-04	3.175515328571428622e-11	5.496293399027790379e-04
7.428253399999999599e-04	3.163189999999999651e-11	5.405478496031823491e-04
7.397107800000000044e-04	3.147125442857142192e-11	5.543708451972170033e-04
7.365962099999999804e-04	3.135661814285714342e-11	5.492742873159877194e-04
7.334816500000000249e-04	3.121222671428571038e-11	5.377969134880708837e-04
7.303670800000001094e-04	3.106833642857142422e-11	5.478798315754121852e-04
7.272525100000000855e-04	3.096031200000000133e-11	5.470168889259356768e-04
7.241379500000000215e-04	3.081233271428571996e-11	5.377293139829538143e-04
7.210233799999999976e-04	3.071581985714286028e-11	5.491656422943498725e-04
7.179088099999999736e-04	3.058384757142856511e-11	5.453478298204528663e-04
7.147942500000000181e-04	3.047387028571429421e-11	5.510992277262682796e-04
7.116796799999999942e-04	3.034164857142857142e-11	5.509332714897324746e-04
7.085651199999999303e-04	3.022116000000000408e-11	5.476278944822180784e-04
7.054504799999999692e-04	3.007328857142856548e-11	5.511443880804726449e-04
7.023359099999999453e-04	2.992242314285714339e-11	5.416704841493844924e-04
6.992213399999999213e-04	2.981934599999999745e-11	5.454717699565663413e-04
6.961067799999999658e-04	2.964641414285714220e-11	5.507880303244743489e-04
6.929922099999999419e-04	2.952614685714286368e-11	5.447331244615095025e-04
6.898776399999999179e-04	2.939984942857143252e-11	5.490218287915554730e-04
6.867630800000000708e-04	2.931105657142857677e-11	5.492801269100396327e-04
6.836485100000000469e-04	2.917595714285714393e-11	5.502221518622061377e-04
6.805339499999999830e-04	2.902921428571428155e-11	5.417397316594666943e-04
6.774193800000000674e-04	2.889858114285714202e-11	5.415867491554669788e-04
6.743048100000000435e-04	2.877118657142856890e-11	5.484159496255326281e-04
6.711902499999999796e-04	2.868361871428571591e-11	5.478714209843275982e-04
6.680756799999999556e-04	2.855321128571428387e-11	5.542781718788667789e-04
6.649610399999999946e-04	2.839208857142857301e-11	5.409335403097153237e-04
6.618464699999999706e-04	2.826427114285714329e-11	5.446620798392592380e-04
6.587319100000000151e-04	2.809742457142856921e-11	5.549312514267410162e-04
6.556173399999999912e-04	2.798634271428571333e-11	5.455612658804922816e-04
6.525027799999999273e-04	2.786004785714285786e-11	5.468039720958769957e-04
6.493882099999999033e-04	2.776005814285714284e-11	5.563768107733238315e-04
6.462736400000000962e-04	2.763458828571428539e-11	5.502388046895482707e-04
6.431590800000000323e-04	2.748995885714285067e-11	5.426462144365388736e-04
6.400445100000000083e-04	2.732687457142857387e-11	5.558816274897266686e-04
6.369299399999999844e-04	2.718042742857142708e-11	5.459691773643959465e-04
6.338153800000000289e-04	2.706815899999999705e-11	5.504951016875388355e-04
6.307008100000000049e-04	2.694483128571428381e-11	5.445319746227464484e-04
6.275862499999999410e-04	2.679551528571428368e-11	5.403864399000201778e-04
6.244716800000000255e-04	2.672231771428571237e-11	5.490946897563413155e-04
6.213570399999999560e-04	2.658552157142856945e-11	5.477523789049773637e-04
6.182424700000000405e-04	2.645803699999999930e-11	5.505370658153228413e-04
6.151279099999999765e-04	2.630483499999999835e-11	5.512279609759557653e-04
6.120133400000000610e-04	2.621268828571428395e-11	5.544478424164777340e-04
6.088987700000000371e-04	2.607137200000000056e-11	5.459465112440156078e-04
6.057842100000000816e-04	2.591398485714285866e-11	5.517994565297323732e-04
6.026696399999999492e-04	2.582210842857142582e-11	5.445612245046398603e-04
5.995550799999999937e-04	2.567613728571428562e-11	5.452458507860678729e-04
5.964405099999999698e-04	2.555965314285714541e-11	5.455192944470820112e-04
5.933259400000000542e-04	2.544584771428571670e-11	5.528689201608906045e-04
5.902113799999999903e-04	2.531770871428571132e-11	5.438916877923498892e-04
5.870968099999999664e-04	2.517383114285714540e-11	5.505357669053327499e-04
5.839822399999999424e-04	2.505770714285714176e-11	5.552097642259854219e-04
5.808675999999999813e-04	2.493239357142856793e-11	5.413731431082927353e-04
5.777530399999999174e-04	2.480270571428571511e-11	5.492148519472318541e-04
5.746384700000000019e-04	2.467165514285714146e-11	5.528727716211917888e-04
5.715238999999999779e-04	2.452670471428571208e-11	5.519175621156896831e-04
5.684093399999999140e-04	2.439056128571429049e-11	5.512588370050769014e-04
5.652947700000001069e-04	2.424683885714285913e-11	5.515990054855155270e-04
5.621802099999999346e-04	2.413591471428571673e-11	5.520472179229993703e-04
5.590656400000000191e-04	2.402578500000000313e-11	5.485856394937974143e-04
5.559510699999999951e-04	2.388329985714285579e-11	5.459325371978315236e-04
5.528365100000000396e-04	2.375440285714285874e-11	5.448141358055211443e-04
5.497219399999999073e-04	2.360561857142857473e-11	5.531881215392156796e-04
5.466073799999999518e-04	2.349424371428571450e-11	5.462298841134695729e-04
5.434928100000000362e-04	2.333717171428571551e-11	5.511094769662434499e-04
5.403782400000000123e-04	2.322570728571428109e-11	5.498335751257379467e-04
5.372635999999999428e-04	2.307290757142857005e-11	5.454138321938873865e-04
5.341490399999999873e-04	2.296725757142857040e-11	5.544853112117390653e-04
5.310344700000000718e-04	2.282817100000000104e-11	5.523632947425929050e-04
5.279198999999999394e-04	2.271815528571428539e-11	5.518647162182574450e-04
5.248053399999999839e-04	2.258373042857142841e-11	5.411365087569451051e-04
5.216907699999999599e-04	2.244280228571428484e-11	5.617269437917725124e-04
5.185762000000000444e-04	2.231017914285714362e-11	5.525702456223537855e-04
5.154616399999998721e-04	2.219737371428571379e-11	5.487431545951154373e-04
5.123470700000000650e-04	2.206396628571428510e-11	5.461055727790016003e-04
5.092325100000000011e-04	2.193565871428571161e-11	5.563081824982949461e-04
5.061179399999999771e-04	2.179647871428571422e-11	5.506228768546270625e-04
5.030033700000000616e-04	2.166159599999999659e-11	5.520859056839824653e-04
4.998888099999999977e-04	2.154694799999999520e-11	5.494436186106035425e-04
4.967741700000000366e-04	2.144575871428571468e-11	5.541257435526251085e-04
4.936596000000000126e-04	2.126490714285714363e-11	5.471262445379864239e-04
4.905450299999999887e-04	2.113703071428571216e-11	5.473424930784743505e-04
4.874304699999999790e-04	2.101095685714285824e-11	5.468232950670737398e-04
4.843158999999999550e-04	2.088419757142857059e-11	5.516339048281120082e-04
4.812013399999999995e-04	2.077107000000000027e-11	5.540051885878199403e-04
4.780867700000000298e-04	2.064132128571428657e-11	5.555097318560496501e-04
4.749722000000000059e-04	2.050986871428571027e-11	5.462742160887556347e-04
4.718576399999999962e-04	2.039319742857142672e-11	5.486957557819549004e-04
4.687430699999999722e-04	2.024440585714285786e-11	5.581001790787001784e-04
4.656285000000000025e-04	2.011897328571428965e-11	5.556262707241564538e-04
4.625139399999999928e-04	1.999152357142857184e-11	5.575429720281854361e-04
4.593993700000000230e-04	1.987004099999999938e-11	5.520080163226313884e-04
4.562848099999999591e-04	1.972499299999999764e-11	5.507342469841923103e-04
4.531701699999999980e-04	1.958880742857142918e-11	5.544369161428817742e-04
4.500555999999999741e-04	1.947663271428572091e-11	5.508558222243460601e-04
4.469410300000000043e-04	1.937216571428571592e-11	5.550407590906117914e-04
4.438264699999999946e-04	1.924119714285714114e-11	5.582016224695735300e-04
4.407119000000000249e-04	1.910761328571428496e-11	5.604151340109996514e-04
4.375973300000000009e-04	1.896105571428571324e-11	5.517397112988409917e-04
4.344827699999999912e-04	1.882290371428571151e-11	5.549257938505346285e-04
4.313681999999999673e-04	1.868933728571428797e-11	5.563683751303514884e-04
4.282536399999999576e-04	1.855212799999999726e-11	5.574143657059020844e-04
4.251390699999999878e-04	1.842142185714285760e-11	5.502683826661395770e-04
4.220245000000000181e-04	1.828950442857142631e-11	5.580975935602964198e-04
4.189099400000000084e-04	1.816753185714285857e-11	5.491467266597582211e-04
4.157953699999999845e-04	1.803919985714285487e-11	5.602935894442988285e-04
4.126807300000000234e-04	1.790875414285714271e-11	5.566735020441655052e-04
4.095661599999999994e-04	1.777607357142857485e-11	5.574751966623594504e-04
4.064515999999999897e-04	1.763348457142857411e-11	5.660317879997649832e-04
4.033370299999999658e-04	1.751607585714285590e-11	5.661053362801567309e-04
4.002224699999999561e-04	1.740488914285714282e-11	5.603569919947022290e-04
3.971079000000000405e-04	1.726797899999999548e-11	5.621955911990423379e-04
3.939933300000000166e-04	1.712337300000000009e-11	5.637239912173382670e-04
3.908787700000000069e-04	1.697640214285714180e-11	5.557367772280869369e-04
3.877641999999999829e-04	1.686184314285714009e-11	5.610476274987538691e-04
3.846496299999999590e-04	1.673825485714285733e-11	5.567185010230697034e-04
3.815350700000000577e-04	1.658722014285714411e-11	5.570723897913168812e-04
3.784205000000000338e-04	1.645255857142857007e-11	5.680545707619873890e-04
3.753059400000000241e-04	1.632282228571428934e-11	5.500592762421452472e-04
3.721913700000000001e-04	1.618473157142857454e-11	5.540582399359866199e-04
3.690767300000000390e-04	1.604857985714285784e-11	5.569619365447212467e-04
3.659621600000000151e-04	1.593614014285714201e-11	5.567058282935484449e-04
3.628476000000000054e-04	1.580522885714285831e-11	5.643846376194185501e-04
3.597330299999999814e-04	1.566524799999999937e-11	5.616208956168687334e-04
3.566184599999999575e-04	1.552768942857142996e-11	5.645606160238794517e-04
3.535039000000000020e-04	1.538884642857143001e-11	5.605114542408143156e-04
3.503893300000000322e-04	1.527725385714285399e-11	5.615134158860671503e-04
3.472747700000000225e-04	1.514356285714285865e-11	5.618200794423893916e-04
3.441601999999999986e-04	1.501504785714285594e-11	5.647661501498469488e-04
3.410456299999999746e-04	1.488174671428571754e-11	5.624556866139843181e-04
3.379310700000000191e-04	1.473312685714285731e-11	5.611254984277095790e-04
3.348164999999999952e-04	1.461014157142857044e-11	5.573864943537712360e-04
3.317019300000000255e-04	1.446213700000000191e-11	5.589288979968651131e-04
3.285872900000000102e-04	1.430997014285714592e-11	5.642956803602354118e-04
3.254727300000000005e-04	1.417604557142857241e-11	5.522351324257882043e-04
3.223581600000000307e-04	1.404937900000000110e-11	5.586826689889877028e-04
3.192435999999999668e-04	1.392208085714285774e-11	5.693350655195972580e-04
3.161290299999999971e-04	1.380699599999999975e-11	5.617237234849214696e-04
3.130144599999999731e-04	1.367016685714285716e-11	5.588408747004091183e-04
3.098999000000000176e-04	1.353749757142857161e-11	5.666017443731542801e-04
3.067853299999999937e-04	1.342554385714285682e-11	5.643518727863126687e-04
3.036707600000000239e-04	1.328994471428571342e-11	5.681692284973351896e-04
3.005561999999999600e-04	1.314098814285714140e-11	5.761433366893746119e-04
2.974416299999999903e-04	1.299934814285714403e-11	5.684551418476301498e-04
2.943270699999999806e-04	1.286952942857143031e-11	5.599287113579725370e-04
2.912124999999999566e-04	1.273143828571428623e-11	5.666488607813230643e-04
2.880979299999999869e-04	1.260400957142857247e-11	5.570666536459989221e-04
2.849832899999999716e-04	1.247979214285714164e-11	5.653539569668929827e-04
2.818687300000000161e-04	1.232864157142857133e-11	5.618690792919805305e-04
2.787541599999999922e-04	1.220907614285714406e-11	5.602292941153785150e-04
2.756395899999999682e-04	1.208495085714285504e-11	5.674721354922679763e-04
2.725250300000000127e-04	1.196967157142857210e-11	5.767245296292137797e-04
2.694104600000000430e-04	1.183439814285714383e-11	5.725695867563664618e-04
2.662958899999999648e-04	1.170719385714285617e-11	5.713313891318424261e-04
2.631813300000000093e-04	1.156094328571428557e-11	5.689488277001252372e-04
2.600667599999999854e-04	1.140824385714285652e-11	5.721528147850339641e-04
2.569522000000000299e-04	1.126425971428571466e-11	5.690320263738036632e-04
2.538376299999999517e-04	1.113745171428571345e-11	5.758396136685588673e-04
2.507230599999999820e-04	1.101007385714285641e-11	5.648714876730809471e-04
2.476085000000000265e-04	1.088661699999999778e-11	5.727005817928174699e-04
2.444938600000000112e-04	1.073500071428571553e-11	5.705229741012281296e-04
2.413792899999999872e-04	1.060100628571428726e-11	5.737456380762415457e-04
2.382647200000000175e-04	1.045889099999999985e-11	5.726879625221581145e-04
2.351501600000000078e-04	1.033524785714285644e-11	5.681195523958484234e-04
2.320355899999999839e-04	1.021896545714285830e-11	5.674036806666235035e-04
2.289210300000000013e-04	1.008111814285714345e-11	5.751045841088896216e-04
2.258064600000000044e-04	9.932602071428572067e-12	5.691818314454221523e-04
2.226918900000000076e-04	9.805017628571429843e-12	5.744923133335379500e-04
2.195773299999999979e-04	9.666662071428572092e-12	5.754284901364948744e-04
2.164627600000000010e-04	9.527573428571428956e-12	5.851100947975653192e-04
2.133481900000000042e-04	9.389441742857143773e-12	5.789438505893108487e-04
2.102336299999999945e-04	9.267122900000000662e-12	5.755709052464793056e-04
2.071190599999999976e-04	9.133440400000002155e-12	5.708865560940264540e-04
2.040045000000000150e-04	8.993566557142856500e-12	5.678473290480194223e-04
2.008898599999999997e-04	8.860086871428573265e-12	5.781126187580465196e-04
1.977752899999999758e-04	8.717409357142858614e-12	5.776799081607949344e-04
1.946607200000000060e-04	8.593634728571428134e-12	5.767189082114301509e-04
1.915461599999999963e-04	8.446031814285715270e-12	5.762917353306951400e-04
1.884315900000000266e-04	8.321253885714285616e-12	5.777741890092782549e-04
1.853170200000000027e-04	8.190076828571427782e-12	5.777462439422229425e-04
1.822024599999999930e-04	8.051636742857142286e-12	5.744257116487741337e-04
1.790878900000000232e-04	7.917240999999998859e-12	5.768018169622860652e-04
1.759733299999999864e-04	7.782482614285714182e-12	5.735401777251054531e-04
1.728587599999999896e-04	7.646902214285715452e-12	5.796961833699576603e-04
1.697441900000000198e-04	7.510704100000001050e-12	5.773725587168856239e-04
1.666296299999999830e-04	7.380967185714286082e-12	5.800728910055764475e-04
1.635150599999999862e-04	7.234260914285715765e-12	5.812481882413774847e-04
1.604004199999999980e-04	7.106265614285713369e-12	5.743497229721493099e-04
1.572858500000000011e-04	6.965395642857143646e-12	5.764478830623634724e-04
1.541712899999999914e-04	6.821225871428571417e-12	5.785562134929547956e-04
1.510567199999999946e-04	6.694929557142857032e-12	5.779594765039982197e-04
1.479421600000000120e-04	6.557523971428571757e-12	5.835784885050341285e-04
1.448276600000000065e-04	6.409839628571428898e-12	5.760892813545737600e-04
1.417130199999999912e-04	6.284413957142857399e-12	5.845007818470160073e-04
1.385983800000000030e-04	6.137343057142857588e-12	5.798631173072506251e-04
1.354838899999999847e-04	5.996159742857142764e-12	5.842803431064090168e-04
1.323692499999999965e-04	5.871938542857142828e-12	5.781517080469490352e-04
1.292547600000000052e-04	5.728076428571428551e-12	5.872377444438846858e-04
1.261401200000000170e-04	5.585492628571427584e-12	5.823579632310947477e-04
1.230256299999999987e-04	5.459068471428571783e-12	5.771790928627751251e-04
1.199109899999999969e-04	5.311336557142857154e-12	5.853328888901269088e-04
1.167964900000000050e-04	5.170272071428572103e-12	5.875765200744722302e-04
1.136818499999999897e-04	5.041219614285714496e-12	5.839442022103141176e-04
1.105673599999999984e-04	4.898773485714285614e-12	5.864774312393963678e-04
1.074527199999999967e-04	4.767848571428572288e-12	5.810025530778150510e-04
1.043382300000000054e-04	4.615860414285714436e-12	5.853200311506823617e-04
1.012235899999999901e-04	4.492155714285713775e-12	5.841996445512070936e-04
9.810894700000000039e-05	4.357038671428571595e-12	5.854481893426401141e-04
9.499445599999999958e-05	4.225979557142856733e-12	5.839714830926595948e-04
9.187981499999998828e-05	4.080966471428571078e-12	5.871408527990465420e-04
8.876532300000000502e-05	3.955952485714286031e-12	5.787010368232162845e-04
8.565068199999999372e-05	3.807131200000000849e-12	5.869293814796802330e-04
8.253619099999999291e-05	3.662332357142856404e-12	5.908188105084594003e-04
7.942154999999999517e-05	3.522199657142857138e-12	5.867187370518727298e-04
7.630705799999999836e-05	3.390979814285714163e-12	5.821653434830298271e-04
7.319241799999999661e-05	3.255559771428571152e-12	5.900631938799021960e-04
7.007792599999999980e-05	3.120368657142856848e-12	5.946333208452680074e-04
6.696328499999998850e-05	2.979514871428571854e-12	5.895444114780721070e-04
6.384879400000000125e-05	2.837746942857143097e-12	5.899963111764440623e-04
6.073415300000000350e-05	2.698148971428570948e-12	5.863847543051375726e-04
5.761966099999999991e-05	2.576270014285714411e-12	5.896991324598245283e-04
5.450502000000000217e-05	2.431434199999999870e-12	5.882504735262168412e-04
5.139038000000000042e-05	2.294791042857143101e-12	5.842279303371169033e-04
4.827588800000000361e-05	2.150402742857142917e-12	5.876449903043825650e-04
4.516124699999999909e-05	2.016355685714285924e-12	5.829497781840795988e-04
4.204675599999999828e-05	1.880998385714285523e-12	5.789210824049873839e-04
3.893211499999999376e-05	1.742343799999999998e-12	5.802792222797513054e-04
3.581762300000000373e-05	1.610146885714285867e-12	5.887104222952474833e-04
3.270298199999999920e-05	1.470188014285714197e-12	5.907662354677734821e-04
2.958849099999999840e-05	1.328542428571428528e-12	5.861499915712001501e-04
2.647385000000000065e-05	1.188121242857142843e-12	5.896269682017235428e-04
2.335935800000000045e-05	1.050857224285714234e-12	5.826839784077749015e-04
2.024471800000000209e-05	9.111587514285714246e-13	5.854887394478254558e-04
1.713022599999999851e-05	7.683223557142856940e-13	5.912783358337149898e-04
1.401558499999999907e-05	6.316359957142856989e-13	5.845220858917587374e-04
1.090094399999999962e-05	4.997617128571427642e-13	5.926665213083999245e-04
7.786452799999998939e-06	3.528125042857142538e-13	5.885200599684254448e-04
4.671812100000000163e-06	2.156704328571428643e-13	5.807076647254374221e-04
1.557320399999999993e-06	8.451412544285714039e-14	5.876689513313437373e-04
-1.557320399999999993e-06	-5.331457922857142299e-14	5.876550033527070793e-04
-4.671812100000000163e-06	-1.988155285714285773e-13	5.895878422132964231e-04
-7.786452799999998939e-06	-3.413692214285714651e-13	5.915219378320505338e-04
-1.090094399999999962e-05	-4.792062828571428727e-13	5.846477833076573318e-04
-1.401558499999999907e-05	-6.113356814285712793e-13	5.907793376897101144e-04
-1.713007700000000096e-05	-7.452292357142857958e-13	5.848572168049473007e-04
-2.024471800000000209e-05	-8.913665700000000672e-13	5.967931491008969698e-04
-2.335920899999999951e-05	-1.022568655714285630e-12	5.921563437282411149e-04
-2.647385000000000065e-05	-1.163982585714285617e-12	5.874939771004109110e-04
-2.958849099999999840e-05	-1.305528314285714343e-12	5.845717516319248698e-04
-3.270298199999999920e-05	-1.448162999999999875e-12	5.916314898805567074e-04
-3.581762300000000373e-05	-1.580590999999999803e-12	5.899879011779957669e-04
-3.893211499999999376e-05	-1.723552428571428478e-12	5.893363185522201755e-04
-4.204675599999999828e-05	-1.860918457142856884e-12	5.841381072575944043e-04
-4.516124699999999909e-05	-1.999080828571428704e-12	5.854225166771119494e-04
-4.827588800000000361e-05	-2.146475071428571311e-12	5.825579048148085129e-04
-5.139038000000000042e-05	-2.286108557142857071e-12	5.832772048023395764e-04
-5.450502000000000217e-05	-2.417128828571428580e-12	5.914982900619720346e-04
-5.761951199999999898e-05	-2.555749299999999889e-12	5.821809899741762703e-04
-6.073415300000000350e-05	-2.698617585714284964e-12	5.825414433721166950e-04
-6.384864400000000431e-05	-2.821599442857142837e-12	5.866630009253969835e-04
-6.696328499999998850e-05	-2.959697028571428530e-12	5.859835546957042895e-04
-7.007792599999999980e-05	-3.105280028571428920e-12	5.862523925119917647e-04
-7.319241799999999661e-05	-3.231559699999999842e-12	5.860346088052400875e-04
-7.630705799999999836e-05	-3.374946642857142695e-12	5.853091508414414454e-04
-7.942154999999999517e-05	-3.513112399999999933e-12	5.863467475657772529e-04
-8.253619099999999291e-05	-3.651287399999999998e-12	5.934422120222844011e-04
-8.565068199999999372e-05	-3.783711428571428888e-12	5.881937747663992409e-04
-8.876532300000000502e-05	-3.926414814285714900e-12	5.816688104865424917e-04
-9.187981499999998828e-05	-4.064618742857142523e-12	5.859163024715504297e-04
-9.499445599999999958e-05	-4.199974185714285805e-12	5.800740710017398367e-04
-9.810894700000000039e-05	-4.325231957142856509e-12	5.867539493412056613e-04
-1.012235899999999901e-04	-4.454561057142856610e-12	5.871939123919491703e-04
-1.043380799999999949e-04	-4.596550628571428828e-12	5.745904820384623544e-04
-1.074527199999999967e-04	-4.733231242857142265e-12	5.783542678309851453e-04
-1.105672100000000015e-04	-4.886282100000000461e-12	5.846508701761343090e-04
-1.136818499999999897e-04	-5.020695285714285391e-12	5.737582648105740268e-04
-1.167964900000000050e-04	-5.153875514285713792e-12	5.809062068973054518e-04
-1.199109899999999969e-04	-5.289886957142857713e-12	5.861404408250898328e-04
-1.230256299999999987e-04	-5.427825285714285494e-12	5.812473966032268360e-04
-1.261401200000000170e-04	-5.563993228571429285e-12	5.797263609373997859e-04
-1.292547600000000052e-04	-5.692935771428570318e-12	5.772965213287081050e-04
-1.323692499999999965e-04	-5.829844614285714481e-12	5.818086993830711611e-04
-1.354838899999999847e-04	-5.973320199999999547e-12	5.827631300929579216e-04
-1.385983800000000030e-04	-6.104360828571427948e-12	5.804082929375361296e-04
-1.417130199999999912e-04	-6.218532428571428172e-12	5.789911063792654768e-04
-1.448275099999999824e-04	-6.368687685714284549e-12	5.811376298607930958e-04
-1.479421600000000120e-04	-6.521771457142857683e-12	5.788237271017595631e-04
-1.510566500000000032e-04	-6.661254685714286285e-12	5.727298585651070416e-04
-1.541712899999999914e-04	-6.785763571428572177e-12	5.821178130984120021e-04
-1.572859299999999796e-04	-6.919098300000000101e-12	5.794270315206684341e-04
-1.604004199999999980e-04	-7.061673914285713282e-12	5.767165948125234668e-04
-1.635150599999999862e-04	-7.191604385714284958e-12	5.746246001403800246e-04
-1.666295500000000045e-04	-7.324942714285714960e-12	5.793016063633574762e-04
-1.697441900000000198e-04	-7.462667771428572252e-12	5.713333476758781452e-04
-1.728586899999999982e-04	-7.596948971428572248e-12	5.793902793933682982e-04
-1.759733299999999864e-04	-7.734225957142856796e-12	5.785497082961098400e-04
-1.790878200000000048e-04	-7.872593699999998987e-12	5.720268036237790687e-04
-1.822024599999999930e-04	-8.012286771428571104e-12	5.701860979088010538e-04
-1.853169500000000113e-04	-8.135460185714285743e-12	5.767416199553908156e-04
-1.884315900000000266e-04	-8.271621471428570856e-12	5.774493515051441718e-04
-1.915460799999999908e-04	-8.403432585714284421e-12	5.761619098404499985e-04
-1.946607200000000060e-04	-8.539062571428571409e-12	5.749225805489337508e-04
-1.977753599999999942e-04	-8.675028457142856815e-12	5.728475836106345634e-04
-2.008898599999999997e-04	-8.814983442857142778e-12	5.804109643310781603e-04
-2.040045000000000150e-04	-8.940221457142856935e-12	5.720217908545902888e-04
-2.071189899999999792e-04	-9.086831242857142616e-12	5.749323811696675562e-04
-2.102336299999999945e-04	-9.220874671428571712e-12	5.712429051461598642e-04
-2.133481200000000128e-04	-9.355635442857143249e-12	5.713862766445314007e-04
-2.164627600000000010e-04	-9.487008271428570355e-12	5.634215049676986626e-04
-2.195772500000000194e-04	-9.613216571428572731e-12	5.663086130587965039e-04
-2.226918900000000076e-04	-9.757262914285713338e-12	5.779288360070326033e-04
-2.258063899999999860e-04	-9.891113614285715237e-12	5.722004869327489271e-04
-2.289210300000000013e-04	-1.001669807142857260e-11	5.716933128028587729e-04
-2.320355199999999925e-04	-1.015336632857142892e-11	5.708240450548562710e-04
-2.351501600000000078e-04	-1.026501428571428523e-11	5.714247216370390344e-04
-2.382647999999999960e-04	-1.041694999999999834e-11	5.713638020792129136e-04
-2.413792899999999872e-04	-1.056499899999999893e-11	5.636440546942402116e-04
-2.444939300000000025e-04	-1.070451085714285532e-11	5.705296477856933168e-04
-2.476084200000000209e-04	-1.084457899999999844e-11	5.702599981663651445e-04
-2.507230599999999820e-04	-1.096915842857142821e-11	5.670324524024122730e-04
-2.538375600000000146e-04	-1.110525028571428622e-11	5.687572260829590245e-04
-2.569522000000000299e-04	-1.124051557142857109e-11	5.634033712158790803e-04
-2.600666899999999940e-04	-1.138177042857143037e-11	5.747989187213027639e-04
-2.631813300000000093e-04	-1.150744214285714447e-11	5.698423081877362732e-04
-2.662958199999999735e-04	-1.163654242857142964e-11	5.690551091983952862e-04
-2.694104600000000430e-04	-1.175345614285714161e-11	5.660436901562848925e-04
-2.725249500000000071e-04	-1.188348157142857285e-11	5.666197024457339353e-04
-2.756395899999999682e-04	-1.203176500000000048e-11	5.672788191350561704e-04
-2.787542299999999835e-04	-1.216315371428571255e-11	5.637719774783103363e-04
-2.818687300000000161e-04	-1.231095400000000045e-11	5.717783149260971358e-04
-2.849833699999999772e-04	-1.242081414285714257e-11	5.617426661488724490e-04
-2.880978599999999955e-04	-1.255038585714285749e-11	5.641376422635451188e-04
-2.912124999999999566e-04	-1.268046385714285612e-11	5.627119055030524496e-04
-2.943269899999999750e-04	-1.283970657142857063e-11	5.661558100277502142e-04
-2.974416299999999903e-04	-1.297608514285714064e-11	5.649077043856144155e-04
-3.005561200000000086e-04	-1.311206871428571366e-11	5.560812838171695725e-04
-3.036707600000000239e-04	-1.323877271428571300e-11	5.556154063047373309e-04
-3.067852600000000023e-04	-1.335496757142856875e-11	5.610141806293713566e-04
-3.098999000000000176e-04	-1.349234499999999990e-11	5.611400426648312061e-04
-3.130143899999999818e-04	-1.361926671428571341e-11	5.681327552512757456e-04
-3.161290299999999971e-04	-1.376866342857142942e-11	5.608142630308086962e-04
-3.192435200000000154e-04	-1.389751999999999994e-11	5.624550308761111376e-04
-3.223581600000000307e-04	-1.402193442857142817e-11	5.616693136539067672e-04
-3.254727999999999918e-04	-1.416023471428571374e-11	5.619002909128458390e-04
-3.285872900000000102e-04	-1.429170342857142837e-11	5.718375703561437776e-04
-3.317019300000000255e-04	-1.439952614285714469e-11	5.635840787798729280e-04
-3.348164300000000039e-04	-1.454928785714285652e-11	5.599528736064671771e-04
-3.379310700000000191e-04	-1.469771628571428546e-11	5.654733140606878683e-04
-3.410455600000000375e-04	-1.482347742857142690e-11	5.630458417550458479e-04
-3.441601999999999986e-04	-1.495939957142857259e-11	5.554249986286342129e-04
-3.472746899999999627e-04	-1.506661928571428656e-11	5.606916678701565201e-04
-3.503893300000000322e-04	-1.519531899999999894e-11	5.643543965993504585e-04
-3.535038199999999964e-04	-1.534094257142857110e-11	5.522246328757478241e-04
-3.566184599999999575e-04	-1.546364257142857097e-11	5.634167552956472749e-04
-3.597329600000000443e-04	-1.557547114285714105e-11	5.625733337658579648e-04
-3.628476000000000054e-04	-1.573185499999999830e-11	5.538599536948191591e-04
-3.659622399999999665e-04	-1.585585071428571264e-11	5.605537929645122881e-04
-3.690767300000000390e-04	-1.599721071428571478e-11	5.566180083980607190e-04
-3.721913700000000001e-04	-1.610751457142857067e-11	5.673343468745101941e-04
-3.753058599999999643e-04	-1.623801114285714117e-11	5.673028567029263702e-04
-3.784205000000000338e-04	-1.636521914285714549e-11	5.592045207055687181e-04
-3.815349899999999979e-04	-1.648949528571428596e-11	5.561496988822933231e-04
-3.846496299999999590e-04	-1.663389371428571658e-11	5.543745817800852091e-04
-3.877641300000000458e-04	-1.675474785714285589e-11	5.536446529694482059e-04
-3.908787700000000069e-04	-1.688218599999999929e-11	5.531386240879253291e-04
-3.939932599999999710e-04	-1.702550028571428575e-11	5.569533965260367288e-04
-3.971079000000000405e-04	-1.715911199999999992e-11	5.623572389470294633e-04
-4.002223900000000047e-04	-1.728627428571428757e-11	5.643122147399822798e-04
-4.033370299999999658e-04	-1.744359757142857331e-11	5.637173357513595865e-04
-4.064516700000000353e-04	-1.756737700000000171e-11	5.562130631956281558e-04
-4.095661599999999994e-04	-1.769448214285714352e-11	5.557576386914837461e-04
-4.126807999999999605e-04	-1.781609014285714310e-11	5.573306379491514912e-04
-4.157953000000000473e-04	-1.794709814285714383e-11	5.540053992901426087e-04
-4.189099400000000084e-04	-1.808601242857143003e-11	5.574602909771517352e-04
-4.220244299999999726e-04	-1.820158671428571362e-11	5.595586742808192609e-04
-4.251390699999999878e-04	-1.836091057142856843e-11	5.601287162334778148e-04
-4.282535600000000062e-04	-1.847271414285714347e-11	5.581662015827574532e-04
-4.313681999999999673e-04	-1.859220528571428761e-11	5.567459470283499289e-04
-4.344826899999999856e-04	-1.872822400000000185e-11	5.640069322070862977e-04
-4.375973300000000009e-04	-1.885770114285714291e-11	5.559416299194616532e-04
-4.407118299999999793e-04	-1.900089914285714300e-11	5.569240399188627941e-04
-4.438264699999999946e-04	-1.912570285714285848e-11	5.545569178625274053e-04
-4.469411100000000099e-04	-1.922633699999999973e-11	5.522060920620217072e-04
-4.500555999999999741e-04	-1.937227571428571480e-11	5.538722226740065788e-04
-4.531702399999999894e-04	-1.950409871428571424e-11	5.580323089804904713e-04
-4.562847300000000077e-04	-1.964006714285714144e-11	5.655216786876617703e-04
-4.593993700000000230e-04	-1.977167271428571558e-11	5.568666887013906663e-04
-4.625138599999999872e-04	-1.990607042857143112e-11	5.550890386536876022e-04
-4.656285000000000025e-04	-2.002156371428571642e-11	5.483757335247439095e-04
-4.687429999999999809e-04	-2.017779157142856763e-11	5.554251076159608634e-04
-4.718576399999999962e-04	-2.029562628571428296e-11	5.550474952450528939e-04
-4.749721300000000145e-04	-2.041920585714285425e-11	5.596009989814279030e-04
-4.780867700000000298e-04	-2.050730699999999846e-11	5.550974679828147738e-04
-4.812012599999999939e-04	-2.066780728571428287e-11	5.511917061727006394e-04
-4.843158999999999550e-04	-2.082192414285714331e-11	5.627647537014112810e-04
-4.874303900000000276e-04	-2.095629028571428258e-11	5.596450488934318372e-04
-4.905450299999999887e-04	-2.109826714285714021e-11	5.246621312385956869e-04
-4.936596800000000182e-04	-2.119560628571428576e-11	5.530093426362900312e-04
-4.967741700000000366e-04	-2.131144257142856873e-11	5.513815267542775513e-04
-4.998888099999999977e-04	-2.146196614285714544e-11	5.450216924056574663e-04
-5.030032999999999076e-04	-2.158647242857142822e-11	5.608026213290778165e-04
-5.061179399999999771e-04	-2.169846971428571489e-11	5.475391642153517018e-04
-5.092324299999998870e-04	-2.184597799999999902e-11	5.633879533487242287e-04
-5.123470700000000650e-04	-2.197477985714285737e-11	5.456243134265796992e-04
-5.154615599999999749e-04	-2.209247799999999722e-11	5.499628873670785569e-04
-5.185762000000000444e-04	-2.222624100000000180e-11	5.487996726534717564e-04
-5.216907000000000228e-04	-2.235279557142857147e-11	5.453999395920844893e-04
-5.248053399999999839e-04	-2.245251842857142948e-11	5.543218838258488594e-04
-5.279198300000000022e-04	-2.263144171428571828e-11	5.423678012730742378e-04
-5.310344700000000718e-04	-2.275718000000000139e-11	5.541096190740951591e-04
-5.341491099999999244e-04	-2.291447899999999894e-11	5.542708794742148533e-04
-5.372635999999999428e-04	-2.303681271428571675e-11	5.463562456859153088e-04
-5.403782400000000123e-04	-2.317698557142857344e-11	5.496722936876056662e-04
-5.434927299999999222e-04	-2.327848242857142153e-11	5.474046718365499671e-04
-5.466073799999999518e-04	-2.339627600000000349e-11	5.469392015422095462e-04
-5.497218699999999701e-04	-2.352910714285714200e-11	5.427394752661060745e-04
-5.528365100000000396e-04	-2.364329857142857058e-11	5.482643697280756507e-04
-5.559509999999999496e-04	-2.379137085714285718e-11	5.475112503663420076e-04
-5.590656400000000191e-04	-2.388864485714285550e-11	5.460808154117759725e-04
-5.621801299999999290e-04	-2.401671257142856817e-11	5.461268685093159745e-04
-5.652947700000001069e-04	-2.414561871428571242e-11	5.465619434907872205e-04
-5.684092600000000169e-04	-2.427116285714285462e-11	5.509883642690101150e-04
-5.715238999999999779e-04	-2.442995057142857142e-11	5.487681322315993019e-04
-5.746385499999998991e-04	-2.452693814285714338e-11	5.492302384408092502e-04
-5.777530399999999174e-04	-2.467404828571428839e-11	5.504343723854198452e-04
-5.808676799999999869e-04	-2.481111514285714216e-11	5.446330460337408261e-04
-5.839821700000001137e-04	-2.492303442857142904e-11	5.469649265562603630e-04
-5.870968099999999664e-04	-2.507678714285714091e-11	5.441585743394993435e-04
-5.902112999999999847e-04	-2.519741557142857274e-11	5.527879608565903699e-04
-5.933259400000000542e-04	-2.532029214285714210e-11	5.517066684389480792e-04
-5.964404299999999642e-04	-2.544388485714285645e-11	5.418091756966723557e-04
-5.995550799999999937e-04	-2.556244714285714270e-11	5.554052196626743610e-04
-6.026695700000000121e-04	-2.569952757142857527e-11	5.475593515878064829e-04
-6.057842100000000816e-04	-2.581144242857143379e-11	5.562109502119313986e-04
-6.088986999999999915e-04	-2.593817657142857146e-11	5.442522519653223648e-04
-6.120133400000000610e-04	-2.608313142857142920e-11	5.480688708298672805e-04
-6.151279800000000221e-04	-2.624594671428571551e-11	5.495410102959362659e-04
-6.182424700000000405e-04	-2.635660942857142983e-11	5.400648940072789441e-04
-6.213571100000000015e-04	-2.646129142857142968e-11	5.507094506629724639e-04
-6.244716000000000199e-04	-2.662286085714285928e-11	5.561557778309991719e-04
-6.275862499999999410e-04	-2.673575171428571253e-11	5.485875438711075580e-04
-6.307007400000000678e-04	-2.690956242857143235e-11	5.486670180616464408e-04
-6.338153800000000289e-04	-2.703657185714285447e-11	5.525663567266655626e-04
-6.369298700000000472e-04	-2.715786328571428451e-11	5.468465402648013500e-04
-6.400445100000000083e-04	-2.727648085714286069e-11	5.450091336299531849e-04
-6.431589999999999183e-04	-2.740662685714285819e-11	5.477649362009998166e-04
-6.462736400000000962e-04	-2.752021757142857607e-11	5.529412897559086559e-04
-6.493881300000000061e-04	-2.763224542857142874e-11	5.442462133303894523e-04
-6.525027799999999273e-04	-2.777014171428571212e-11	5.463983108906994915e-04
-6.556172700000000540e-04	-2.791088628571428216e-11	5.433786421724462554e-04
-6.587319100000000151e-04	-2.805322785714285643e-11	5.479504492979747577e-04
-6.618465499999999762e-04	-2.816691985714285526e-11	5.495418685038987519e-04
-6.649610399999999946e-04	-2.828547671428571580e-11	5.503904901984636288e-04
-6.680756799999999556e-04	-2.840344842857142944e-11	5.477985580866304594e-04
-6.711901700000000824e-04	-2.855794328571428514e-11	5.435685293228798226e-04
-6.743048100000000435e-04	-2.868125871428571712e-11	5.459093339225768934e-04
-6.774193000000000619e-04	-2.882765457142857306e-11	5.520958158689122028e-04
-6.805339499999999830e-04	-2.895913100000000180e-11	5.376579199243531433e-04
-6.836484399999998929e-04	-2.909368228571428325e-11	5.402999922776466043e-04
-6.867630800000000708e-04	-2.918531000000000502e-11	5.473171343406419819e-04
-6.898775699999999808e-04	-2.930735942857142672e-11	5.482462286407036554e-04
-6.929922099999999419e-04	-2.942817500000000188e-11	5.428461501606443758e-04
-6.961066999999999602e-04	-2.956091914285714186e-11	5.490147720483729444e-04
-6.992213399999999213e-04	-2.968817285714285316e-11	5.456454161700016563e-04
-7.023359799999999908e-04	-2.981321285714285643e-11	5.403252999692306898e-04
-7.054504799999999692e-04	-2.998306014285714048e-11	5.487121819119049468e-04
-7.085651199999999303e-04	-3.010393314285714228e-11	5.371631156733993597e-04
-7.116796100000000571e-04	-3.019818671428570635e-11	5.457908232127132650e-04
-7.147942500000000181e-04	-3.034179614285714033e-11	5.454642344021410965e-04
-7.179087400000000365e-04	-3.043907742857142996e-11	5.475713237804433805e-04
-7.210233799999999976e-04	-3.053214199999999913e-11	5.436768171051955612e-04
-7.241378699999999075e-04	-3.071011199999999660e-11	5.360658814710195057e-04
-7.272525100000000855e-04	-3.085556414285714417e-11	5.545674857898545826e-04
-7.303669999999999954e-04	-3.099156857142856952e-11	5.388046833251761061e-04
-7.334816500000000249e-04	-3.111892442857143002e-11	5.619392279524442618e-04
-7.365961399999999349e-04	-3.126784399999999522e-11	5.438279255557910627e-04
-7.397107800000000044e-04	-3.137997942857143248e-11	5.489126667381924668e-04
-7.428254199999999655e-04	-3.149902614285714307e-11	5.418748306699725003e-04
-7.459399099999999838e-04	-3.159975042857142981e-11	5.414462644146098968e-04
-7.490545499999999449e-04	-3.176458128571428092e-11	5.441498283371887278e-04
-7.521690399999999633e-04	-3.188607314285714260e-11	5.462607943036733088e-04
-7.552836800000000328e-04	-3.203779842857142799e-11	5.492916938855492079e-04
-7.583981800000000112e-04	-3.215148885714285817e-11	5.478047584301080387e-04
-7.615128199999999722e-04	-3.229431500000000203e-11	5.501009439760320887e-04
-7.646273100000000990e-04	-3.237965628571428797e-11	5.514048106689264320e-04
-7.677419500000000601e-04	-3.250765642857142944e-11	5.415996346646731680e-04
-7.708564399999999700e-04	-3.260222657142857597e-11	5.462305558936892411e-04
-7.739710800000000395e-04	-3.275132157142857777e-11	5.439477344365175986e-04
-7.770855699999999495e-04	-3.288421757142857300e-11	5.459389483432125966e-04
-7.802002099999999106e-04	-3.302506142857143252e-11	5.498142195014692245e-04
-7.833148500000000885e-04	-3.316548514285714022e-11	5.438111257718618394e-04
-7.864293499999999585e-04	-3.331092628571428789e-11	5.474848341852234929e-04
-7.895439899999999196e-04	-3.344881614285714177e-11	5.385939466822464543e-04
-7.926584800000000463e-04	-3.358034985714286161e-11	5.519421991869953841e-04
-7.957731200000000074e-04	-3.369135071428570950e-11	5.499831914389433475e-04
-7.988876100000000258e-04	-3.383444314285714230e-11	5.441213685892007769e-04
-8.020022499999999869e-04	-3.397154142857143032e-11	5.443920463130678435e-04
-8.051167400000000052e-04	-3.408417457142856730e-11	5.462526762166315187e-04
-8.082313800000000747e-04	-3.415895242857143646e-11	5.437088945028522744e-04
-8.113458799999999447e-04	-3.430838642857142716e-11	5.396958128719169965e-04
-8.144605200000000142e-04	-3.444224157142856871e-11	5.465991736496582810e-04
-8.175750099999999241e-04	-3.457154057142856840e-11	5.350627093558375184e-04
-8.206896499999998852e-04	-3.473133442857142634e-11	5.415876692958401621e-04
-8.238041400000000120e-04	-3.486874671428571467e-11	5.481912529136338938e-04
-8.269187799999999731e-04	-3.498667928571428640e-11	5.536254186370713785e-04
-8.300334199999999342e-04	-3.511354600000000048e-11	5.413336365467639371e-04
-8.331479099999999525e-04	-3.523915528571428020e-11	5.423252231275485242e-04
-8.362625499999999136e-04	-3.537517699999999940e-11	5.488654305225251252e-04
-8.393770500000000004e-04	-3.549145014285714383e-11	5.441042321325799836e-04
-8.424916899999999615e-04	-3.564230814285714876e-11	5.512595202478354954e-04
-8.456061800000000883e-04	-3.573330671428571437e-11	5.417145499756607138e-04
-8.487208200000000494e-04	-3.585399985714285768e-11	5.368753957951767153e-04
-8.518353100000000677e-04	-3.596275800000000019e-11	5.412185144277707749e-04
-8.549499500000000288e-04	-3.608372271428571291e-11	5.404830081066723654e-04
-8.580644399999999387e-04	-3.620918814285714200e-11	5.457778279772481809e-04
-8.611790800000001167e-04	-3.638622671428571236e-11	5.398683585256696445e-04
-8.642935799999999866e-04	-3.651855114285713949e-11	5.466100881679955819e-04
-8.674082199999999477e-04	-3.665241814285714595e-11	5.445336881466912539e-04
-8.705228600000000172e-04	-3.675834199999999051e-11	5.374459367938344556e-04
-8.736373499999999272e-04	-3.685604485714285212e-11	5.415298832475770856e-04
-8.767519899999999967e-04	-3.702137657142857254e-11	5.367302132715247006e-04
-8.798664800000000150e-04	-3.712565442857142981e-11	5.416297411257074224e-04
-8.829811199999999761e-04	-3.725800171428571528e-11	5.409749763587179969e-04
-8.860956099999999945e-04	-3.741274999999999444e-11	5.412003402339289572e-04
-8.892102499999999556e-04	-3.748310585714285064e-11	5.374873703542033723e-04
-8.923247500000000424e-04	-3.760661028571428508e-11	5.398412041347635604e-04
-8.954393900000000035e-04	-3.775510214285714574e-11	5.365419354977558376e-04
-8.985538799999999134e-04	-3.786302500000000042e-11	5.439433779413446355e-04
-9.016685200000000913e-04	-3.801337385714285385e-11	5.466758134108633434e-04
-9.047830100000000013e-04	-3.820197171428571817e-11	5.466821601346833403e-04
-9.078976499999999623e-04	-3.832729671428571148e-11	5.483283448302115302e-04
-9.110122900000000318e-04	-3.843036457142857466e-11	5.378878043152682730e-04
-9.141267799999999418e-04	-3.854701185714285727e-11	5.420777098699564034e-04
-9.172414199999999029e-04	-3.865154385714285455e-11	5.492449262303459494e-04
-9.203559199999999897e-04	-3.878650671428571837e-11	5.415022038250713165e-04
-9.234705599999999508e-04	-3.892113671428570645e-11	5.459534470289420299e-04
-9.265850499999999691e-04	-3.908589614285713576e-11	5.426499747596559954e-04
-9.296996900000000386e-04	-3.913434899999999493e-11	5.369444854865845556e-04
-9.328141800000000570e-04	-3.923828471428571955e-11	5.440562396118490355e-04
-9.359288200000000181e-04	-3.941344185714285725e-11	5.533195533748669044e-04
-9.390433099999999280e-04	-3.948933585714285349e-11	5.369854724154322087e-04
-9.421579499999999975e-04	-3.965401471428572025e-11	5.467166697731126648e-04
-9.452724499999999759e-04	-3.976359771428571877e-11	5.447798596147193683e-04
-9.483870899999999370e-04	-3.988588414285714158e-11	5.444476090445522993e-04
-9.515017300000000065e-04	-3.998472228571428972e-11	5.430254457493352690e-04
-9.546162199999999164e-04	-4.015441099999999851e-11	5.393947133081322936e-04
-9.577308599999999859e-04	-4.032805328571428254e-11	5.438569924277219299e-04
-9.608453500000000043e-04	-4.045009471428571255e-11	5.373240642594199904e-04
-9.639599899999999654e-04	-4.059419814285714736e-11	5.439162015230721839e-04
-9.670744799999999837e-04	-4.071493671428571684e-11	5.461878433475182920e-04
-9.701891199999999448e-04	-4.086144814285713938e-11	5.402468852842350023e-04
-9.733036200000000316e-04	-4.101389071428571557e-11	5.442731711833062027e-04
-9.764182599999999927e-04	-4.113176357142856901e-11	5.476498745466869007e-04
-9.795327500000000111e-04	-4.124817542857141917e-11	5.455883769476810308e-04
-9.826473900000000806e-04	-4.135482728571428331e-11	5.374702077606007856e-04
-9.857618799999998821e-04	-4.147751828571428768e-11	5.393746651212954048e-04
-9.888765200000001684e-04	-4.157845142857143027e-11	5.426422012781330221e-04
-9.919910099999999700e-04	-4.169702342857142856e-11	5.387765147361166110e-04
-9.951056500000000395e-04	-4.181189728571428915e-11	5.404371124130588448e-04
-9.982202900000001090e-04	-4.198082314285714540e-11	5.422038077837838723e-04
-1.001334800000000047e-03	-4.211775514285714404e-11	5.472780257040819841e-04
-1.004449400000000060e-03	-4.222106242857142905e-11	5.467395125170556756e-04
-1.007563900000000038e-03	-4.237703500000000089e-11	5.381429409315190322e-04
-1.010678599999999868e-03	-4.246494728571429110e-11	5.439069560738053364e-04
-1.013793100000000063e-03	-4.260058328571429123e-11	5.340498406709358412e-04
-1.016907700000000076e-03	-4.274543571428571898e-11	5.414665445937743692e-04
-1.020022200000000054e-03	-4.283888414285714162e-11	5.405143233968097340e-04
-1.023136800000000067e-03	-4.302157228571429046e-11	5.383501238450827831e-04
-1.026251300000000045e-03	-4.311767314285713848e-11	5.497467335448644361e-04
-1.029366000000000092e-03	-4.321185871428572146e-11	5.331341232538119911e-04
-1.032480400000000036e-03	-4.337081699999999461e-11	5.421970350081104645e-04
-1.035595099999999866e-03	-4.351548528571428397e-11	5.399119602466365608e-04
-1.038709700000000095e-03	-4.361579728571428796e-11	5.288040954824833710e-04
-1.041824200000000073e-03	-4.378649885714285789e-11	5.354442039861531015e-04
-1.044938900000000120e-03	-4.395935585714285710e-11	5.315349471162808667e-04
-1.048053399999999882e-03	-4.400650185714285989e-11	5.429425102731171970e-04
-1.051167999999999894e-03	-4.416136300000000411e-11	5.399112591934047099e-04
-1.054282500000000089e-03	-4.423513200000000151e-11	5.369905094357989859e-04
-1.057397100000000102e-03	-4.442480271428570991e-11	5.398454074979598064e-04
-1.060511600000000080e-03	-4.455803400000000162e-11	5.376432949896686265e-04
-1.063626299999999910e-03	-4.464966285714285952e-11	5.374621965050531674e-04
-1.066740800000000105e-03	-4.474008428571428608e-11	5.417464479961622619e-04
-1.069855400000000118e-03	-4.491015357142856257e-11	5.415123837238782628e-04
-1.072969899999999879e-03	-4.496597999999999375e-11	5.348736497605094484e-04
-1.076084499999999892e-03	-4.509552885714285357e-11	5.407221848612258188e-04
-1.079199200000000155e-03	-4.526540942857143424e-11	5.419237713605658431e-04
-1.082313699999999700e-03	-4.538103771428571669e-11	5.420301290158567944e-04
-1.085428300000000146e-03	-4.544980614285714191e-11	5.369501290778703681e-04
-1.088542799999999908e-03	-4.560990385714285884e-11	5.351369140619840559e-04
-1.091657399999999920e-03	-4.577435057142857890e-11	5.427408890827206374e-04
-1.094771900000000115e-03	-4.580132699999999653e-11	5.361155273776827424e-04
-1.097886600000000162e-03	-4.601382371428571133e-11	5.421413614756177748e-04
-1.101001099999999924e-03	-4.616679114285715130e-11	5.486179013763940390e-04
-1.104115699999999936e-03	-4.629178842857142025e-11	5.468935784419762941e-04
-1.107230299999999949e-03	-4.639505600000000498e-11	5.378016405846777195e-04
-1.110344699999999893e-03	-4.653031071428570147e-11	5.384468503161587809e-04
-1.113459299999999905e-03	-4.669490642857143646e-11	5.399260671540871215e-04
-1.116573999999999952e-03	-4.676202528571427874e-11	5.453964858355965463e-04
-1.119688599999999964e-03	-4.690603299999999387e-11	5.466406121140464456e-04
-1.122803200000000194e-03	-4.704322699999999511e-11	5.275917651865047594e-04
-1.125917599999999921e-03	-4.718660128571428713e-11	5.386767950317701038e-04
-1.129032199999999934e-03	-4.731101457142857438e-11	5.427253786723913818e-04
-1.132146899999999980e-03	-4.743202514285715871e-11	5.310107121287004637e-04
-1.135261500000000210e-03	-4.757863428571428270e-11	5.440406833955925862e-04
-1.138375799999999903e-03	-4.769233085714285190e-11	5.449951959223990139e-04
-1.141490499999999950e-03	-4.781988942857143569e-11	5.466113819320009065e-04
-1.144605099999999962e-03	-4.797333742857143001e-11	5.303482035884281645e-04
-1.147719800000000009e-03	-4.809606328571428025e-11	5.427254130073442314e-04
-1.150834099999999919e-03	-4.819273057142856440e-11	5.473176325295092031e-04
-1.153948799999999966e-03	-4.832258057142856551e-11	5.322675180181417331e-04
-1.157063399999999978e-03	-4.848363385714285249e-11	5.468237561925641792e-04
-1.160178000000000207e-03	-4.859889257142858005e-11	5.479928721600763313e-04
-1.163292700000000037e-03	-4.867760157142857279e-11	5.350800485053088798e-04
-1.166406999999999947e-03	-4.879656999999999955e-11	5.342106358464350979e-04
-1.169521699999999994e-03	-4.893637585714286086e-11	5.491362112016173747e-04
-1.172636300000000006e-03	-4.908664742857143105e-11	5.446054316412033379e-04
-1.175750900000000019e-03	-4.920350328571428548e-11	5.414884421871439058e-04
-1.178865299999999963e-03	-4.932377785714285853e-11	5.411895174824075906e-04
-1.181979899999999976e-03	-4.940878314285715084e-11	5.250504105545831645e-04
-1.185094600000000022e-03	-4.949222028571428779e-11	5.458152225498529540e-04
-1.188209200000000035e-03	-4.960977357142856350e-11	5.317771280501496813e-04
-1.191323499999999945e-03	-4.980750742857142844e-11	5.360278976486815240e-04
-1.194438199999999992e-03	-4.995828485714286436e-11	5.406685645325458268e-04
-1.197552800000000004e-03	-5.013587585714285631e-11	5.506380270639783326e-04
-1.200667500000000051e-03	-5.019576214285714980e-11	5.383800331575919933e-04
-1.203782100000000063e-03	-5.032022671428571176e-11	5.292996990805166760e-04
-1.206896500000000007e-03	-5.045199871428571084e-11	5.484653265739484812e-04
-1.210011100000000020e-03	-5.055356100000000958e-11	5.337755224663966484e-04
-1.213125700000000032e-03	-5.075422271428571668e-11	5.364337263022230136e-04
-1.216240400000000079e-03	-5.087426700000000218e-11	5.390951157984125944e-04
-1.219354699999999989e-03	-5.100448828571427530e-11	5.333383345764155722e-04
-1.222469400000000036e-03	-5.111518500000001248e-11	5.371865258741338875e-04
-1.225584000000000048e-03	-5.122448314285713714e-11	5.274671453129426649e-04
-1.228698600000000061e-03	-5.137690742857142537e-11	5.350039934234563851e-04
-1.231812999999999788e-03	-5.152911028571428276e-11	5.392858144757933661e-04
-1.234927600000000018e-03	-5.162729028571428386e-11	5.396309412582259114e-04
-1.238042300000000064e-03	-5.178653414285714096e-11	5.369198919964345744e-04
-1.241156900000000077e-03	-5.190524800000000812e-11	5.343389797042308060e-04
-1.244271500000000089e-03	-5.204323085714285752e-11	5.442507873999077829e-04
-1.247385900000000034e-03	-5.219353271428571613e-11	5.331835504547776869e-04
-1.250500500000000046e-03	-5.231468442857142694e-11	5.363055183745725919e-04
-1.253615200000000093e-03	-5.242265342857143080e-11	5.375360602621067447e-04
-1.256729799999999888e-03	-5.261073471428571353e-11	5.337854036281279363e-04
-1.259844200000000049e-03	-5.270364185714285650e-11	5.323039708497736503e-04
-1.262958800000000062e-03	-5.285237828571428390e-11	5.366250894797098756e-04
-1.266073400000000074e-03	-5.292926557142857518e-11	5.398592286655896737e-04
-1.269188099999999904e-03	-5.301549571428570884e-11	5.365908572493060299e-04
-1.272302400000000031e-03	-5.321483985714285664e-11	5.386559894504103566e-04
-1.275417100000000078e-03	-5.334508185714285785e-11	5.404188914451918358e-04
-1.278531699999999873e-03	-5.342798285714286648e-11	5.429418826866617368e-04
-1.281646300000000103e-03	-5.346355957142856955e-11	5.316754010911803503e-04
-1.284760700000000047e-03	-5.357210357142856929e-11	5.293957429833298037e-04
-1.287875300000000060e-03	-5.375422585714285654e-11	5.436230351802563004e-04
-1.290989999999999889e-03	-5.385125785714286702e-11	5.323597649191103010e-04
-1.294104600000000119e-03	-5.403599385714286055e-11	5.403151942858289408e-04
-1.297219199999999914e-03	-5.409200628571428925e-11	5.332075578809835487e-04
-1.300333599999999859e-03	-5.424097942857142726e-11	5.293794883298267315e-04
-1.303448200000000088e-03	-5.441307400000000645e-11	5.365239146165149157e-04
-1.306562900000000135e-03	-5.450380328571428784e-11	5.356676457690663466e-04
-1.309677499999999930e-03	-5.466946585714285699e-11	5.388789921583773870e-04
-1.312791899999999875e-03	-5.477437299999999950e-11	5.335040406280435387e-04
-1.315906500000000104e-03	-5.484006314285714100e-11	5.410446319236430438e-04
-1.319021099999999900e-03	-5.493833714285713821e-11	5.404209856695156317e-04
-1.322135799999999946e-03	-5.516946628571428777e-11	5.460071466373583350e-04
-1.325250100000000073e-03	-5.528030799999999879e-11	5.463054403336235895e-04
-1.328364800000000120e-03	-5.532520428571428571e-11	5.344954414085796753e-04
-1.331479399999999915e-03	-5.541092028571428437e-11	5.379678852321257559e-04
-1.334594000000000145e-03	-5.555609599999999519e-11	5.436138978279050947e-04
-1.337708699999999758e-03	-5.568850928571427999e-11	5.405322985558240869e-04
-1.340822999999999885e-03	-5.579237999999999294e-11	5.297226907778060986e-04
-1.343937699999999931e-03	-5.595837800000000703e-11	5.460471821742247326e-04
-1.347052300000000161e-03	-5.609904257142857612e-11	5.326219783458772342e-04
-1.350166899999999956e-03	-5.612155028571427647e-11	5.333246935904985709e-04
-1.353281299999999901e-03	-5.630275700000000382e-11	5.354798469183398753e-04
-1.356395900000000130e-03	-5.647525414285714403e-11	5.414925599890124891e-04
-1.359510600000000177e-03	-5.663147428571428434e-11	5.300561654241934357e-04
-1.362625199999999972e-03	-5.673988757142857651e-11	5.431289529290994882e-04
-1.365739599999999917e-03	-5.687536799999999018e-11	5.404335105099056106e-04
-1.368854200000000146e-03	-5.697694114285714033e-11	5.305256943496499409e-04
-1.371968799999999941e-03	-5.712639099999999825e-11	5.301171818388448510e-04
-1.375083499999999988e-03	-5.724891771428571439e-11	5.316912224916172953e-04
-1.378198099999999784e-03	-5.737799228571428150e-11	5.264551046587224439e-04
-1.381312500000000162e-03	-5.749569428571428810e-11	5.338477316447343265e-04
-1.384427099999999957e-03	-5.756826328571429072e-11	5.384037994260075033e-04
-1.387541700000000187e-03	-5.769138385714285877e-11	5.242407625039420755e-04
-1.390656399999999800e-03	-5.785325571428570781e-11	5.372448609560207585e-04
-1.393770699999999927e-03	-5.802618542857143281e-11	5.312581181304647758e-04
-1.396885399999999973e-03	-5.818707499999999963e-11	5.396134770528232278e-04
-1.400000000000000203e-03	-5.823853542857143725e-11	5.330643578608382704e-04
