# [DATA]
1.400000000000000203e-03	5.720939999999999814e-11	5.301594845700803409e-04
1.396885399999999973e-03	5.700820699999999775e-11	5.182605033659610973e-04
1.393770899999999995e-03	5.682948599999999973e-11	5.225275760514547533e-04
1.390656199999999948e-03	5.673113000000000042e-11	5.249476291327853650e-04
1.387541700000000187e-03	5.653335400000000153e-11	5.250098801560818072e-04
1.384427099999999957e-03	5.667018900000000233e-11	5.187499799996703794e-04
1.381312599999999979e-03	5.648538200000000013e-11	5.210119755415667337e-04
1.378197999999999966e-03	5.648040400000000225e-11	5.209374715061945108e-04
1.375083499999999988e-03	5.616398300000000169e-11	5.194902713142156162e-04
1.371968799999999941e-03	5.598115000000000163e-11	5.187787495580381547e-04
1.368854299999999963e-03	5.592489700000000204e-11	5.325904982688753732e-04
1.365739699999999951e-03	5.571575800000000296e-11	5.170237139611048903e-04
1.362625199999999972e-03	5.577226199999999882e-11	5.171824072041059745e-04
1.359510600000000177e-03	5.565210400000000263e-11	5.189309680046881460e-04
1.356395900000000130e-03	5.541475599999999814e-11	5.257125920294265786e-04
1.353281400000000152e-03	5.529204500000000161e-11	5.172673907004729163e-04
1.350166799999999922e-03	5.519949800000000169e-11	5.210318874793511091e-04
1.347052300000000161e-03	5.521573799999999960e-11	5.295555483761840015e-04
1.343937699999999931e-03	5.510387300000000208e-11	5.247710615713736988e-04
1.340823199999999953e-03	5.494208199999999962e-11	5.232989027143773730e-04
1.337708499999999906e-03	5.467463300000000259e-11	5.279052147060816439e-04
1.334594000000000145e-03	5.467463599999999786e-11	5.263008765279762313e-04
1.331479399999999915e-03	5.465693899999999897e-11	5.282729741962285562e-04
1.328364899999999937e-03	5.408459100000000287e-11	5.226894678911422898e-04
1.325250299999999925e-03	5.440571300000000296e-11	5.226994886427506698e-04
1.322135799999999946e-03	5.438370899999999933e-11	5.236139631453818385e-04
1.319021099999999900e-03	5.403829499999999961e-11	5.230801164459009762e-04
1.315906599999999921e-03	5.377556000000000315e-11	5.202100640910713256e-04
1.312792000000000125e-03	5.387914799999999833e-11	5.216838587991309839e-04
1.309677399999999896e-03	5.364266700000000319e-11	5.226841150766681774e-04
1.306562900000000135e-03	5.354361100000000046e-11	5.226503400435172616e-04
1.303448200000000088e-03	5.360020400000000246e-11	5.214796784998975820e-04
1.300333700000000110e-03	5.332075800000000115e-11	5.195480603940817645e-04
1.297219099999999880e-03	5.300972500000000251e-11	5.237521051880078765e-04
1.294104600000000119e-03	5.303154400000000274e-11	5.238118304433337855e-04
1.290989999999999889e-03	5.291005500000000077e-11	5.283451933782719974e-04
1.287875499999999911e-03	5.272896399999999819e-11	5.175197637458122833e-04
1.284760799999999864e-03	5.258423899999999872e-11	5.211619563532328457e-04
1.281646300000000103e-03	5.256594799999999944e-11	5.210685137899066354e-04
1.278531699999999873e-03	5.233281499999999828e-11	5.182726837808964478e-04
1.275417199999999895e-03	5.218674799999999960e-11	5.283155547130970837e-04
1.272302600000000099e-03	5.216474799999999828e-11	5.268374644016239790e-04
1.269187900000000053e-03	5.210253100000000031e-11	5.263807411485925966e-04
1.266073400000000074e-03	5.182785099999999728e-11	5.227752553938045830e-04
1.262958800000000062e-03	5.162359399999999883e-11	5.263198296452636493e-04
1.259844300000000084e-03	5.150904400000000231e-11	5.332339777441557488e-04
1.256729699999999854e-03	5.142684499999999825e-11	5.201474775785891892e-04
1.253615200000000093e-03	5.134769300000000182e-11	5.209952522404700560e-04
1.250500500000000046e-03	5.141820299999999846e-11	5.358818968228936047e-04
1.247386000000000068e-03	5.100811100000000183e-11	5.275783904029837136e-04
1.244271400000000055e-03	5.092284599999999855e-11	5.232170268322649002e-04
1.241156800000000043e-03	5.094998700000000138e-11	5.328587945416131530e-04
1.238042300000000064e-03	5.065849800000000155e-11	5.208037674851269047e-04
1.234927700000000052e-03	5.046427499999999865e-11	5.255180247584877867e-04
1.231813100000000039e-03	5.079960800000000154e-11	5.262140003062301934e-04
1.228698600000000061e-03	5.030291800000000116e-11	5.286104068916555642e-04
1.225584000000000048e-03	5.023546499999999854e-11	5.332623423713044345e-04
1.222469400000000036e-03	5.021347599999999710e-11	5.264028727642668147e-04
1.219354899999999841e-03	5.008629599999999926e-11	5.308822254586239827e-04
1.216240200000000011e-03	4.991908999999999869e-11	5.241437817769861642e-04
1.213125700000000032e-03	4.991992600000000307e-11	5.219728541614507668e-04
1.210011100000000020e-03	4.970505300000000267e-11	5.265348497709130843e-04
1.206896600000000042e-03	4.948535300000000110e-11	5.268580921873126368e-04
1.203782000000000029e-03	4.947037899999999729e-11	5.232873473699135337e-04
1.200667400000000017e-03	4.940602099999999769e-11	5.272624049662536947e-04
1.197552800000000004e-03	4.927499400000000215e-11	5.245868564053759314e-04
1.194438300000000026e-03	4.906842299999999916e-11	5.246442750416699949e-04
1.191323700000000013e-03	4.890573699999999704e-11	5.315643754867332808e-04
1.188209100000000001e-03	4.877629900000000112e-11	5.230678231969755360e-04
1.185094600000000022e-03	4.873602200000000214e-11	5.243397826418528780e-04
1.181980000000000010e-03	4.863543899999999681e-11	5.291424784020461918e-04
1.178865399999999997e-03	4.843993599999999818e-11	5.290055615091297011e-04
1.175750900000000019e-03	4.830086700000000024e-11	5.259473495663192751e-04
1.172636300000000006e-03	4.827505099999999974e-11	5.307694615481134762e-04
1.169521699999999994e-03	4.812597500000000244e-11	5.250988106874800295e-04
1.166407200000000016e-03	4.798760999999999731e-11	5.264296587578374750e-04
1.163292499999999969e-03	4.789137099999999869e-11	5.328623156847896647e-04
1.160177999999999991e-03	4.779467400000000064e-11	5.314800580782632006e-04
1.157063399999999978e-03	4.747709899999999954e-11	5.296633346810052274e-04
1.153948799999999966e-03	4.747018400000000149e-11	5.326043485032037244e-04
1.150834299999999987e-03	4.736617699999999708e-11	5.342714413037952725e-04
1.147719699999999975e-03	4.715120300000000301e-11	5.280658111370225465e-04
1.144605099999999962e-03	4.711708100000000280e-11	5.282609200345071438e-04
1.141490599999999984e-03	4.700531300000000311e-11	5.351197279103843364e-04
1.138375999999999971e-03	4.690425800000000320e-11	5.247980900532000711e-04
1.135261399999999959e-03	4.678208500000000058e-11	5.298095553519834846e-04
1.132146899999999980e-03	4.659468999999999722e-11	5.274134982430246513e-04
1.129032199999999934e-03	4.652461099999999735e-11	5.303394271714428638e-04
1.125917699999999955e-03	4.641674199999999952e-11	5.317624944110164358e-04
1.122803099999999943e-03	4.628063900000000123e-11	5.294843984001569278e-04
1.119688499999999930e-03	4.603579000000000290e-11	5.322528480732152635e-04
1.116573999999999952e-03	4.593338199999999743e-11	5.282921672157348328e-04
1.113459399999999939e-03	4.586707699999999835e-11	5.322258956037464322e-04
1.110344800000000144e-03	4.572254399999999986e-11	5.340899712136193628e-04
1.107230299999999949e-03	4.540447900000000024e-11	5.247715857062940602e-04
1.104115699999999936e-03	4.538567099999999978e-11	5.270885194917644852e-04
1.101001099999999924e-03	4.537467599999999878e-11	5.347891700930456921e-04
1.097886599999999945e-03	4.530294899999999754e-11	5.312661185313331509e-04
1.094771999999999933e-03	4.510790399999999835e-11	5.307132990148946987e-04
1.091657399999999920e-03	4.507462800000000183e-11	5.278726036172767984e-04
1.088542799999999908e-03	4.492529599999999893e-11	5.349131262243816748e-04
1.085428300000000146e-03	4.476858500000000154e-11	5.267572131662832209e-04
1.082313699999999917e-03	4.460561799999999877e-11	5.336937662944493503e-04
1.079199199999999938e-03	4.448354500000000218e-11	5.375150729651790573e-04
1.076084499999999892e-03	4.433550099999999963e-11	5.320687405194486196e-04
1.072970000000000130e-03	4.425612999999999956e-11	5.340712854566895392e-04
1.069855400000000118e-03	4.422438800000000323e-11	5.320481910042787173e-04
1.066740800000000105e-03	4.409862100000000034e-11	5.304338301318601385e-04
1.063626299999999910e-03	4.398474299999999754e-11	5.286819446011149131e-04
1.060511699999999898e-03	4.382981099999999959e-11	5.328845304436999938e-04
1.057397100000000102e-03	4.371910499999999903e-11	5.360711386928790649e-04
1.054282599999999907e-03	4.361964999999999862e-11	5.292768708191260838e-04
1.051167999999999894e-03	4.356867600000000264e-11	5.321943287941896224e-04
1.048053399999999882e-03	4.335671400000000246e-11	5.301678097604012102e-04
1.044938900000000120e-03	4.313296200000000117e-11	5.329796349093674250e-04
1.041824200000000073e-03	4.303444099999999709e-11	5.273265297763760334e-04
1.038709700000000095e-03	4.291744000000000095e-11	5.365025740588966717e-04
1.035595099999999866e-03	4.279686300000000200e-11	5.313294378146332696e-04
1.032480499999999853e-03	4.273955800000000258e-11	5.358564676589804704e-04
1.029366000000000092e-03	4.262718699999999730e-11	5.317235290346760974e-04
1.026251400000000079e-03	4.243750800000000024e-11	5.322084245537925641e-04
1.023136800000000067e-03	4.227101300000000298e-11	5.288982761650378632e-04
1.020022300000000088e-03	4.217365699999999933e-11	5.387142952409900007e-04
1.016907700000000076e-03	4.208253899999999713e-11	5.375945875968962326e-04
1.013793100000000063e-03	4.192551900000000231e-11	5.321212674145002486e-04
1.010678599999999868e-03	4.184130499999999829e-11	5.424160030156470772e-04
1.007563900000000038e-03	4.167396599999999849e-11	5.328145537885107608e-04
1.004449400000000060e-03	4.150870999999999914e-11	5.342819876857428200e-04
1.001334800000000047e-03	4.146927199999999980e-11	5.348590651111515470e-04
9.982202900000001090e-04	4.129279900000000054e-11	5.339917628256751758e-04
9.951056500000000395e-04	4.110557000000000253e-11	5.368057734854018211e-04
9.919911600000000211e-04	4.111405699999999686e-11	5.400146640547460975e-04
9.888765200000001684e-04	4.103992500000000317e-11	5.362791315708407766e-04
9.857619599999999961e-04	4.088749500000000197e-11	5.430811834382637650e-04
9.826473900000000806e-04	4.076795199999999891e-11	5.350068085767256286e-04
9.795328199999999482e-04	4.062562400000000021e-11	5.333439518786317222e-04
9.764182599999999927e-04	4.039689400000000104e-11	5.375644951059532295e-04
9.733036899999999688e-04	4.026981499999999687e-11	5.424051695874066532e-04
9.701891199999999448e-04	4.015551799999999777e-11	5.313358437074793906e-04
9.670744799999999837e-04	4.006210999999999841e-11	5.335352236431289931e-04
9.639599899999999654e-04	3.990662699999999904e-11	5.338826174374074716e-04
9.608453500000000043e-04	3.978363500000000186e-11	5.315589776246822801e-04
9.577308599999999859e-04	3.965350600000000126e-11	5.354957957782989237e-04
9.546162199999999164e-04	3.953311299999999866e-11	5.323189425960028190e-04
9.515017300000000065e-04	3.944190100000000036e-11	5.325803655009070468e-04
9.483870899999999370e-04	3.935780499999999983e-11	5.410467276385013151e-04
9.452725200000000215e-04	3.918350400000000069e-11	5.379110199908673264e-04
9.421579499999999975e-04	3.895063400000000272e-11	5.322682170944352227e-04
9.390433900000000420e-04	3.889840499999999959e-11	5.377146823194984366e-04
9.359288200000000181e-04	3.877622900000000170e-11	5.334919739327579876e-04
9.328142599999999542e-04	3.866495999999999926e-11	5.338987768320803146e-04
9.296996900000000386e-04	3.859965799999999757e-11	5.331939838263698205e-04
9.265850499999999691e-04	3.842383399999999813e-11	5.357599810946838109e-04
9.234705599999999508e-04	3.825184300000000124e-11	5.338155408975394159e-04
9.203559199999999897e-04	3.817555000000000085e-11	5.392579809130665022e-04
9.172414199999999029e-04	3.807659399999999769e-11	5.388431611108320364e-04
9.141267799999999418e-04	3.799194299999999989e-11	5.346847147363523569e-04
9.110122900000000318e-04	3.788961200000000009e-11	5.304573680156031467e-04
9.078976499999999623e-04	3.769692199999999680e-11	5.376622253862244983e-04
9.047830799999999384e-04	3.756130800000000291e-11	5.408957652982057792e-04
9.016685200000000913e-04	3.740066200000000226e-11	5.368733715098518476e-04
8.985539500000000674e-04	3.732845999999999824e-11	5.286754375547089799e-04
8.954393900000000035e-04	3.720959699999999998e-11	5.352385033246623855e-04
8.923248199999999795e-04	3.700632199999999972e-11	5.351530843638070819e-04
8.892102499999999556e-04	3.690935099999999860e-11	5.379473091985771064e-04
8.860956900000000001e-04	3.678813900000000144e-11	5.359651627311386862e-04
8.829811199999999761e-04	3.663695400000000161e-11	5.347937404901218980e-04
8.798664800000000150e-04	3.657534000000000276e-11	5.398966571607557129e-04
8.767519899999999967e-04	3.643909099999999773e-11	5.293306856140096326e-04
8.736373499999999272e-04	3.632349299999999724e-11	5.358110617599211485e-04
8.705228600000000172e-04	3.625277499999999685e-11	5.338095569222277336e-04
8.674082199999999477e-04	3.600721500000000168e-11	5.365820019871260331e-04
8.642936499999999238e-04	3.584293999999999994e-11	5.397206737937830729e-04
8.611790800000001167e-04	3.575367099999999882e-11	5.363074005501922712e-04
8.580645200000000528e-04	3.566694199999999700e-11	5.333408482799575478e-04
8.549499500000000288e-04	3.550839499999999957e-11	5.347221524970788287e-04
8.518353800000000049e-04	3.544943199999999948e-11	5.364281236390241840e-04
8.487208200000000494e-04	3.525707500000000101e-11	5.388400647160048644e-04
8.456062500000000254e-04	3.515766500000000072e-11	5.304443104945674812e-04
8.424916899999999615e-04	3.502181199999999811e-11	5.410512937029999300e-04
8.393770500000000004e-04	3.492499999999999830e-11	5.341402450273707945e-04
8.362625499999999136e-04	3.478694399999999706e-11	5.327369333778699109e-04
8.331479099999999525e-04	3.463099900000000241e-11	5.349731666200358048e-04
8.300334199999999342e-04	3.452060899999999686e-11	5.371368617499468071e-04
8.269187799999999731e-04	3.438753799999999754e-11	5.384939375394678495e-04
8.238042900000000631e-04	3.426693300000000181e-11	5.328490380373428681e-04
8.206896499999998852e-04	3.410504199999999979e-11	5.318684569284249037e-04
8.175750800000000781e-04	3.401613400000000027e-11	5.431786997716310040e-04
8.144605200000000142e-04	3.388052999999999922e-11	5.297107866777064520e-04
8.113459499999999902e-04	3.372153600000000225e-11	5.373346672241227293e-04
8.082313800000000747e-04	3.359443599999999888e-11	5.409530948631967751e-04
8.051168200000000108e-04	3.345331000000000258e-11	5.310936247110599603e-04
8.020022499999999869e-04	3.348696299999999701e-11	5.360723097087773548e-04
7.988876100000000258e-04	3.334299199999999982e-11	5.359347625633222294e-04
7.957731200000000074e-04	3.313761800000000280e-11	5.410690616544964289e-04
7.926584800000000463e-04	3.300218400000000295e-11	5.306495594986502173e-04
7.895439899999999196e-04	3.287501199999999680e-11	5.301646186725758039e-04
7.864293499999999585e-04	3.277153899999999692e-11	5.354922125549273692e-04
7.833148500000000885e-04	3.270485599999999936e-11	5.357869779391396170e-04
7.802002099999999106e-04	3.260615700000000238e-11	5.358613420859193767e-04
7.770856499999999551e-04	3.248285299999999958e-11	5.348147954221238844e-04
7.739710800000000395e-04	3.240205699999999763e-11	5.384615194686165124e-04
7.708565100000000156e-04	3.228887300000000125e-11	5.357396661162467169e-04
7.677419500000000601e-04	3.215474399999999864e-11	5.377016703672466520e-04
7.646273800000000362e-04	3.200685199999999982e-11	5.300922782516144776e-04
7.615128199999999722e-04	3.189427900000000072e-11	5.351873355475310692e-04
7.583982499999999483e-04	3.174116199999999714e-11	5.346541887723021188e-04
7.552836800000000328e-04	3.153821599999999939e-11	5.397005034051284003e-04
7.521691199999999689e-04	3.145401300000000172e-11	5.364357400986922205e-04
7.490544800000000078e-04	3.134081499999999725e-11	5.322402946465392770e-04
7.459399099999999838e-04	3.119749899999999690e-11	5.328672251437164067e-04
7.428253399999999599e-04	3.112000199999999941e-11	5.334223952973124374e-04
7.397107800000000044e-04	3.099564999999999910e-11	5.363723322249566586e-04
7.365962099999999804e-04	3.080281899999999842e-11	5.362528909290769068e-04
7.334816500000000249e-04	3.065132899999999701e-11	5.324473048789532667e-04
7.303670800000001094e-04	3.058729699999999820e-11	5.411514596011415650e-04
7.272525100000000855e-04	3.041851100000000321e-11	5.330247247297488673e-04
7.241379500000000215e-04	3.024527200000000320e-11	5.335665839903804344e-04
7.210233799999999976e-04	3.016674099999999690e-11	5.347417483527757255e-04
7.179088099999999736e-04	3.003256700000000062e-11	5.367889430008283141e-04
7.147942500000000181e-04	2.986929100000000042e-11	5.360080108716868330e-04
7.116796799999999942e-04	2.973871500000000027e-11	5.345708612690693549e-04
7.085651199999999303e-04	2.967891899999999753e-11	5.388038674034525835e-04
7.054504799999999692e-04	2.953750100000000068e-11	5.367642581121192559e-04
7.023359099999999453e-04	2.940340300000000304e-11	5.368462925905985623e-04
6.992213399999999213e-04	2.932340100000000062e-11	5.293012469411325065e-04
6.961067799999999658e-04	2.914932500000000212e-11	5.322087990294483437e-04
6.929922099999999419e-04	2.900606099999999947e-11	5.304040458628320317e-04
6.898776399999999179e-04	2.893665299999999920e-11	5.357533121494928094e-04
6.867630800000000708e-04	2.877867000000000101e-11	5.390842498352698808e-04
6.836485100000000469e-04	2.867899700000000077e-11	5.279771373741813699e-04
6.805339499999999830e-04	2.852485399999999945e-11	5.404554538116683807e-04
6.774193800000000674e-04	2.836975599999999938e-11	5.324742297258367807e-04
6.743048100000000435e-04	2.830040399999999913e-11	5.427194903350415506e-04
6.711902499999999796e-04	2.820127100000000043e-11	5.384612543640828093e-04
6.680756799999999556e-04	2.805828700000000108e-11	5.295873857916673670e-04
6.649610399999999946e-04	2.790566700000000006e-11	5.371930874310448713e-04
6.618464699999999706e-04	2.781130399999999872e-11	5.399577407260427661e-04
6.587319100000000151e-04	2.768046900000000093e-11	5.427052612639596740e-04
6.556173399999999912e-04	2.754677699999999855e-11	5.402765401906927572e-04
6.525027799999999273e-04	2.740271899999999961e-11	5.370467773879240066e-04
6.493882099999999033e-04	2.726901899999999908e-11	5.383437110562148227e-04
6.462736400000000962e-04	2.715598400000000147e-11	5.377099985588282196e-04
6.431590800000000323e-04	2.698551299999999990e-11	5.348391554264324190e-04
6.400445100000000083e-04	2.684508499999999940e-11	5.271655919943691194e-04
6.369299399999999844e-04	2.677610400000000006e-11	5.429703694853772310e-04
6.338153800000000289e-04	2.663232100000000154e-11	5.368081057898153310e-04
6.307008100000000049e-04	2.650879499999999983e-11	5.335735601468354593e-04
6.275862499999999410e-04	2.633118899999999923e-11	5.363746215409731467e-04
6.244716800000000255e-04	2.624727700000000151e-11	5.390454964836995707e-04
6.213570399999999560e-04	2.610889600000000007e-11	5.337357594500019347e-04
6.182424700000000405e-04	2.590982500000000002e-11	5.374481304060005002e-04
6.151279099999999765e-04	2.580919200000000137e-11	5.343000254535459860e-04
6.120133400000000610e-04	2.575049700000000088e-11	5.389448186358615413e-04
6.088987700000000371e-04	2.562432899999999915e-11	5.309352707850699968e-04
6.057842099999999732e-04	2.548428699999999852e-11	5.313785722322923602e-04
6.026696399999999492e-04	2.537282699999999891e-11	5.350646993588381193e-04
5.995550799999999937e-04	2.531820799999999906e-11	5.378730787462973704e-04
5.964405099999999698e-04	2.517031000000000001e-11	5.404888817246190913e-04
5.933259400000000542e-04	2.507152099999999955e-11	5.350170954904004622e-04
5.902113799999999903e-04	2.491865400000000135e-11	5.318702608284621696e-04
5.870968099999999664e-04	2.476631900000000006e-11	5.400798523219002903e-04
5.839822399999999424e-04	2.468588399999999971e-11	5.359803071668347478e-04
5.808675999999999813e-04	2.453017499999999912e-11	5.329808742927235688e-04
5.777530400000000258e-04	2.434941500000000020e-11	5.349019487190491287e-04
5.746384700000000019e-04	2.420145699999999883e-11	5.330901432529973078e-04
5.715238999999999779e-04	2.410813600000000123e-11	5.381106642907539789e-04
5.684093400000000225e-04	2.397056499999999885e-11	5.370988903668560488e-04
5.652947699999999985e-04	2.388201800000000092e-11	5.355480400365882510e-04
5.621802100000000430e-04	2.365867100000000078e-11	5.350557254212535497e-04
5.590656400000000191e-04	2.360439099999999952e-11	5.431416973241717360e-04
5.559510699999999951e-04	2.342463400000000122e-11	5.385228374378997788e-04
5.528365100000000396e-04	2.338368599999999940e-11	5.448990081496159123e-04
5.497219400000000157e-04	2.323964299999999943e-11	5.390573090277865544e-04
5.466073799999999518e-04	2.311934999999999963e-11	5.339295110923759306e-04
5.434928100000000362e-04	2.299252600000000049e-11	5.398344516541333593e-04
5.403782400000000123e-04	2.288721300000000150e-11	5.406174770412624673e-04
5.372636000000000512e-04	2.273852599999999935e-11	5.352128391640501763e-04
5.341490399999999873e-04	2.262158300000000115e-11	5.351639272715247135e-04
5.310344699999999633e-04	2.246571700000000041e-11	5.395448236250467277e-04
5.279198999999999394e-04	2.238851499999999874e-11	5.373769412250176299e-04
5.248053399999999839e-04	2.219397799999999875e-11	5.404002550719017679e-04
5.216907699999999599e-04	2.209430200000000002e-11	5.379420682160189005e-04
5.185762000000000444e-04	2.198946400000000058e-11	5.368597520786412168e-04
5.154616399999999805e-04	2.186230900000000101e-11	5.314646055256080004e-04
5.123470699999999566e-04	2.171210599999999937e-11	5.430013843946158427e-04
5.092325100000000011e-04	2.160502199999999910e-11	5.407038897255839150e-04
5.061179399999999771e-04	2.142411800000000106e-11	5.425524498295215782e-04
5.030033699999999532e-04	2.128484400000000111e-11	5.377834521610895058e-04
4.998888099999999977e-04	2.117114599999999882e-11	5.420032410378437587e-04
4.967741700000000366e-04	2.109955099999999946e-11	5.408149730294503372e-04
4.936596000000000126e-04	2.096524199999999958e-11	5.427515201640737688e-04
4.905450299999999887e-04	2.079490099999999874e-11	5.395442368271969420e-04
4.874304699999999790e-04	2.066424799999999937e-11	5.406062740180858986e-04
4.843158999999999550e-04	2.053239499999999876e-11	5.416578348341036155e-04
4.812013399999999995e-04	2.041325599999999951e-11	5.462934692602103293e-04
4.780867700000000298e-04	2.025811600000000104e-11	5.376395203864912974e-04
4.749722000000000059e-04	2.021401599999999883e-11	5.397988499093665966e-04
4.718576399999999962e-04	2.005806299999999957e-11	5.409592748383077474e-04
4.687430699999999722e-04	1.989122199999999967e-11	5.429808429707253230e-04
4.656285000000000025e-04	1.976861200000000006e-11	5.440186616960083783e-04
4.625139399999999928e-04	1.965494999999999916e-11	5.450880053763514869e-04
4.593993700000000230e-04	1.951668200000000156e-11	5.426992595768978479e-04
4.562848099999999591e-04	1.942996100000000112e-11	5.405472096222466985e-04
4.531701699999999980e-04	1.934590199999999933e-11	5.405900112958677509e-04
4.500555999999999741e-04	1.918395500000000052e-11	5.404165469979143547e-04
4.469410300000000043e-04	1.902122400000000151e-11	5.452182467790638552e-04
4.438264699999999946e-04	1.888026500000000144e-11	5.454728597396282016e-04
4.407119000000000249e-04	1.880861300000000150e-11	5.417994379238431652e-04
4.375973300000000009e-04	1.868748699999999905e-11	5.405490998714484368e-04
4.344827699999999912e-04	1.850714499999999909e-11	5.473225384598502099e-04
4.313681999999999673e-04	1.837222699999999985e-11	5.472111442577474874e-04
4.282536399999999576e-04	1.826098299999999891e-11	5.432319465885042256e-04
4.251390699999999878e-04	1.815862399999999910e-11	5.400407637470724075e-04
4.220245000000000181e-04	1.801601200000000125e-11	5.461791703451526325e-04
4.189099400000000084e-04	1.790022099999999920e-11	5.419365276211288857e-04
4.157953699999999845e-04	1.776935700000000082e-11	5.457647712198261886e-04
4.126807300000000234e-04	1.764022400000000002e-11	5.427326809079399293e-04
4.095661599999999994e-04	1.748626099999999922e-11	5.486767453302477185e-04
4.064515999999999897e-04	1.732607100000000008e-11	5.525101549829948425e-04
4.033370299999999658e-04	1.720595499999999906e-11	5.498537371941276779e-04
4.002224699999999561e-04	1.705558599999999853e-11	5.405487513194471563e-04
3.971079000000000405e-04	1.693819000000000055e-11	5.459590042827504189e-04
3.939933300000000166e-04	1.679837699999999964e-11	5.476852196209798344e-04
3.908787700000000069e-04	1.665234099999999947e-11	5.465742126468246028e-04
3.877641999999999829e-04	1.653617299999999952e-11	5.483334124324938880e-04
3.846496299999999590e-04	1.639869800000000085e-11	5.502259331289377237e-04
3.815350700000000577e-04	1.627540300000000001e-11	5.461938556159315599e-04
3.784205000000000338e-04	1.618083799999999839e-11	5.483102845899998816e-04
3.753059400000000241e-04	1.606353599999999974e-11	5.558616225517735293e-04
3.721913700000000001e-04	1.591706100000000142e-11	5.458366585096865141e-04
3.690767300000000390e-04	1.578909200000000047e-11	5.441783265941490567e-04
3.659621600000000151e-04	1.567612000000000046e-11	5.492609855099995445e-04
3.628476000000000054e-04	1.550180299999999854e-11	5.464908787298611813e-04
3.597330299999999814e-04	1.539235100000000133e-11	5.481569469029053164e-04
3.566184599999999575e-04	1.526923399999999984e-11	5.437420614416938001e-04
3.535039000000000020e-04	1.513504400000000079e-11	5.558354165641974905e-04
3.503893300000000322e-04	1.500989300000000130e-11	5.470597537699693150e-04
3.472747700000000225e-04	1.487333499999999884e-11	5.502803655989664620e-04
3.441601999999999986e-04	1.476169400000000138e-11	5.565356332170757082e-04
3.410456299999999746e-04	1.460881600000000006e-11	5.467025480346532872e-04
3.379310700000000191e-04	1.448957999999999974e-11	5.485425725154040701e-04
3.348164999999999952e-04	1.436727300000000055e-11	5.532679129165917961e-04
3.317019300000000255e-04	1.422998600000000055e-11	5.529753030521086191e-04
3.285872900000000102e-04	1.412270700000000080e-11	5.489338707596141910e-04
3.254727300000000005e-04	1.397433499999999954e-11	5.532037212134071876e-04
3.223581600000000307e-04	1.383707899999999967e-11	5.531419268414876139e-04
3.192435999999999668e-04	1.366023199999999938e-11	5.525657090782304642e-04
3.161290299999999971e-04	1.354448899999999920e-11	5.510929809788827488e-04
3.130144599999999731e-04	1.342044099999999989e-11	5.618977193580259504e-04
3.098998999999999634e-04	1.324957199999999960e-11	5.558536414777373895e-04
3.067853299999999937e-04	1.313306900000000013e-11	5.539564155045619432e-04
3.036707600000000239e-04	1.302087099999999940e-11	5.594778515786001270e-04
3.005562000000000142e-04	1.287932600000000033e-11	5.564532221495359018e-04
2.974416299999999903e-04	1.275781000000000055e-11	5.583427456063090903e-04
2.943270699999999806e-04	1.264249599999999921e-11	5.527872068198261355e-04
2.912125000000000108e-04	1.249441199999999941e-11	5.519105812272236513e-04
2.880979299999999869e-04	1.234884500000000018e-11	5.529880882686295188e-04
2.849832899999999716e-04	1.224361400000000006e-11	5.527844415820277373e-04
2.818687300000000161e-04	1.211848699999999988e-11	5.580940658772358225e-04
2.787541599999999922e-04	1.197210699999999985e-11	5.500501304646242999e-04
2.756395899999999682e-04	1.180638900000000037e-11	5.571275629492760968e-04
2.725250300000000127e-04	1.172211500000000048e-11	5.583672244964250735e-04
2.694104599999999888e-04	1.158670699999999949e-11	5.531635324761719494e-04
2.662958899999999648e-04	1.148951099999999935e-11	5.608130584821390116e-04
2.631813300000000093e-04	1.134114999999999959e-11	5.566175938083765210e-04
2.600667599999999854e-04	1.122926699999999975e-11	5.543942989378617065e-04
2.569522000000000299e-04	1.104976099999999933e-11	5.549696164542157906e-04
2.538376300000000059e-04	1.088956199999999984e-11	5.610612270485290263e-04
2.507230599999999820e-04	1.079512400000000044e-11	5.552632803320600415e-04
2.476085000000000265e-04	1.066225600000000036e-11	5.601984009366689889e-04
2.444938600000000112e-04	1.052614899999999976e-11	5.586397739069650856e-04
2.413792899999999872e-04	1.036929099999999991e-11	5.630155338870767353e-04
2.382647200000000175e-04	1.027175299999999944e-11	5.573213945242309376e-04
2.351501600000000078e-04	1.015116899999999968e-11	5.588501022076100555e-04
2.320355899999999839e-04	1.000429299999999928e-11	5.646091575047668121e-04
2.289210300000000013e-04	9.885679899999999881e-12	5.592679308684123107e-04
2.258064600000000044e-04	9.749216200000000162e-12	5.594987235695490736e-04
2.226918900000000076e-04	9.617509900000000227e-12	5.614780207996632275e-04
2.195773299999999979e-04	9.469249200000000210e-12	5.585527667498658847e-04
2.164627600000000010e-04	9.348885399999999931e-12	5.662193343166379254e-04
2.133481900000000042e-04	9.206802000000000254e-12	5.604890918418557961e-04
2.102336299999999945e-04	9.120193300000000023e-12	5.606914357455802323e-04
2.071190599999999976e-04	8.977651100000000453e-12	5.623874423320293159e-04
2.040045000000000150e-04	8.821136500000000114e-12	5.594535231347520007e-04
2.008898599999999997e-04	8.720387300000000626e-12	5.665609978222082383e-04
1.977752899999999758e-04	8.567206000000000320e-12	5.671345480536959128e-04
1.946607200000000060e-04	8.447082399999999760e-12	5.636690340586455929e-04
1.915461599999999963e-04	8.316672900000000405e-12	5.634017143539166725e-04
1.884315900000000266e-04	8.200534899999999997e-12	5.637386201726540510e-04
1.853170200000000027e-04	8.070493900000000107e-12	5.644265235031812678e-04
1.822024599999999930e-04	7.901669799999999273e-12	5.626196741853066365e-04
1.790878900000000232e-04	7.783246299999999460e-12	5.632989781705581697e-04
1.759733299999999864e-04	7.647879699999999749e-12	5.644079134560097853e-04
1.728587599999999896e-04	7.522858200000000694e-12	5.591118356861168176e-04
1.697441900000000198e-04	7.410884400000000139e-12	5.668204102436521976e-04
1.666296299999999830e-04	7.272808200000000159e-12	5.622319493829087186e-04
1.635150599999999862e-04	7.113753599999999711e-12	5.664467364158956748e-04
1.604004199999999980e-04	7.012891999999999962e-12	5.724356146684279629e-04
1.572858500000000011e-04	6.850155899999999617e-12	5.674772634498085602e-04
1.541712899999999914e-04	6.697555300000000103e-12	5.666054512704868807e-04
1.510567199999999946e-04	6.576834100000000304e-12	5.703296506075786155e-04
1.479421600000000120e-04	6.455862799999999919e-12	5.646401368595639798e-04
1.448276600000000065e-04	6.312699100000000239e-12	5.677301867860314261e-04
1.417130199999999912e-04	6.143475499999999817e-12	5.687326509203192342e-04
1.385983800000000030e-04	6.046000099999999943e-12	5.679503257429947610e-04
1.354838899999999847e-04	5.924542099999999715e-12	5.724473806176055921e-04
1.323692499999999965e-04	5.797993999999999902e-12	5.725302016618876236e-04
1.292547600000000052e-04	5.639547399999999849e-12	5.708807706103192180e-04
1.261401200000000170e-04	5.537586000000000149e-12	5.700036177294576711e-04
1.230256299999999987e-04	5.386508899999999604e-12	5.674250455036144222e-04
1.199109899999999969e-04	5.259432600000000225e-12	5.717650580239748512e-04
1.167964900000000050e-04	5.148141000000000086e-12	5.745387055074163566e-04
1.136818499999999897e-04	5.000623199999999981e-12	5.700788277778402096e-04
1.105673599999999984e-04	4.894837999999999827e-12	5.675258677993181211e-04
1.074527199999999967e-04	4.736593099999999886e-12	5.736528596587802667e-04
1.043382300000000054e-04	4.571799099999999851e-12	5.696805904633532678e-04
1.012235899999999901e-04	4.420748900000000294e-12	5.690292334120546341e-04
9.810894700000000039e-05	4.289896599999999781e-12	5.743287462427280193e-04
9.499445599999999958e-05	4.142526999999999601e-12	5.714851321224307746e-04
9.187981499999998828e-05	4.005650800000000059e-12	5.702042083346846183e-04
8.876532300000000502e-05	3.868799400000000294e-12	5.726651684596071375e-04
8.565068199999999372e-05	3.764939299999999909e-12	5.693160979988348995e-04
8.253619099999999291e-05	3.615245300000000083e-12	5.733790991601143104e-04
7.942154999999999517e-05	3.507518299999999809e-12	5.732456520265422463e-04
7.630705799999999836e-05	3.360151299999999918e-12	5.746062791398847845e-04
7.319241799999999661e-05	3.206085800000000124e-12	5.718599156498147332e-04
7.007792599999999980e-05	3.081723700000000035e-12	5.732604089361899476e-04
6.696328500000000206e-05	2.967396500000000057e-12	5.759931716353358395e-04
6.384879400000000125e-05	2.806409400000000011e-12	5.728887765378406702e-04
6.073415300000000350e-05	2.681685599999999940e-12	5.782677321604190283e-04
5.761966099999999991e-05	2.533333400000000014e-12	5.749913213982462985e-04
5.450502000000000217e-05	2.393164199999999873e-12	5.710006747890849620e-04
5.139038000000000042e-05	2.277354499999999957e-12	5.734309898943920321e-04
4.827588800000000361e-05	2.118833099999999941e-12	5.722218715012972710e-04
4.516124699999999909e-05	1.970029399999999894e-12	5.789440242683116088e-04
4.204675599999999828e-05	1.830722399999999869e-12	5.702598954153045548e-04
3.893211500000000054e-05	1.707801400000000054e-12	5.726089681935738742e-04
3.581762300000000373e-05	1.588931200000000062e-12	5.764818884223026291e-04
3.270298199999999920e-05	1.427333300000000025e-12	5.786271376852754680e-04
2.958849099999999840e-05	1.305428000000000080e-12	5.766072801893831192e-04
2.647385000000000065e-05	1.162905000000000082e-12	5.713835687284784430e-04
2.335935800000000045e-05	1.027668099999999915e-12	5.732997660885744010e-04
2.024471800000000209e-05	8.841228500000000024e-13	5.739813375064672105e-04
1.713022599999999851e-05	7.475559300000000107e-13	5.796592729663981296e-04
1.401558499999999907e-05	5.869581599999999830e-13	5.726400267977363586e-04
1.090094399999999962e-05	4.766191800000000140e-13	5.814487025898820325e-04
7.786452799999998939e-06	3.466553199999999935e-13	5.773893145989471374e-04
4.671812100000000163e-06	2.149367000000000044e-13	5.744639551617215182e-04
1.557320399999999993e-06	9.610108500000000228e-14	5.781028873906548160e-04
-1.557320399999999993e-06	-7.628226299999999430e-14	5.750849989977126903e-04
-4.671812100000000163e-06	-1.788355399999999935e-13	5.754511142006675213e-04
-7.786452799999998939e-06	-3.191325200000000252e-13	5.720913847077339258e-04
-1.090094399999999962e-05	-4.814068000000000364e-13	5.760838902112497880e-04
-1.401558499999999907e-05	-6.030656699999999582e-13	5.761405645130782604e-04
-1.713007699999999757e-05	-7.313605000000000117e-13	5.730773516539342319e-04
-2.024471800000000209e-05	-8.510264999999999584e-13	5.770476483886751275e-04
-2.335920899999999951e-05	-9.874539300000000856e-13	5.750402834316144110e-04
-2.647385000000000065e-05	-1.122335800000000041e-12	5.777820290095519139e-04
-2.958849099999999840e-05	-1.277311699999999908e-12	5.770004489072796602e-04
-3.270298199999999920e-05	-1.420900900000000049e-12	5.758348144411209926e-04
-3.581762300000000373e-05	-1.606262000000000007e-12	5.715068866449029509e-04
-3.893211500000000054e-05	-1.707892099999999905e-12	5.766063643812711567e-04
-4.204675599999999828e-05	-1.830687299999999802e-12	5.736313137772318556e-04
-4.516124699999999909e-05	-1.982275500000000140e-12	5.776841406579171379e-04
-4.827588800000000361e-05	-2.093756799999999926e-12	5.740453466020441816e-04
-5.139038000000000042e-05	-2.246931199999999884e-12	5.757059098941575553e-04
-5.450502000000000217e-05	-2.370350900000000007e-12	5.737913913533380103e-04
-5.761951199999999898e-05	-2.534219400000000138e-12	5.735950695107482717e-04
-6.073415300000000350e-05	-2.679396600000000131e-12	5.743602523569798189e-04
-6.384864400000000431e-05	-2.807909299999999897e-12	5.674132482821270728e-04
-6.696328500000000206e-05	-2.934841799999999871e-12	5.786585675970181211e-04
-7.007792599999999980e-05	-3.080248300000000156e-12	5.708880716249148477e-04
-7.319241799999999661e-05	-3.184962500000000021e-12	5.734752379460524496e-04
-7.630705799999999836e-05	-3.315898100000000152e-12	5.700509009839943401e-04
-7.942154999999999517e-05	-3.462324200000000136e-12	5.724496570954545937e-04
-8.253619099999999291e-05	-3.594002299999999948e-12	5.701085163965340921e-04
-8.565068199999999372e-05	-3.727696999999999843e-12	5.724272585881170919e-04
-8.876532300000000502e-05	-3.844029700000000361e-12	5.757962935242262473e-04
-9.187981499999998828e-05	-3.992307399999999690e-12	5.709229377698307219e-04
-9.499445599999999958e-05	-4.130587799999999611e-12	5.717271581298816489e-04
-9.810894700000000039e-05	-4.298928800000000256e-12	5.791893584692936643e-04
-1.012235899999999901e-04	-4.438431799999999930e-12	5.729870923828270365e-04
-1.043380799999999949e-04	-4.554189899999999947e-12	5.675288518504176564e-04
-1.074527199999999967e-04	-4.682353900000000369e-12	5.763087662407511726e-04
-1.105672100000000015e-04	-4.817017000000000294e-12	5.706911334858457644e-04
-1.136818499999999897e-04	-4.943867800000000362e-12	5.711231522556663946e-04
-1.167964900000000050e-04	-5.114642200000000164e-12	5.684207743218214334e-04
-1.199109899999999969e-04	-5.229954899999999946e-12	5.752150723598184554e-04
-1.230256299999999987e-04	-5.383902099999999708e-12	5.657371361690101711e-04
-1.261401200000000170e-04	-5.512881800000000062e-12	5.694812156936165503e-04
-1.292547600000000052e-04	-5.653571799999999940e-12	5.672176453083970643e-04
-1.323692499999999965e-04	-5.798572600000000289e-12	5.676001932991844119e-04
-1.354838899999999847e-04	-5.920026599999999823e-12	5.678386789305491303e-04
-1.385983800000000030e-04	-6.050655599999999872e-12	5.672866940569841563e-04
-1.417130199999999912e-04	-6.165339099999999946e-12	5.672712585096435388e-04
-1.448275100000000096e-04	-6.313331800000000352e-12	5.629278075340702790e-04
-1.479421600000000120e-04	-6.438377599999999702e-12	5.713934433551910025e-04
-1.510566500000000032e-04	-6.588739500000000170e-12	5.640988190611931829e-04
-1.541712899999999914e-04	-6.686600100000000263e-12	5.655428375612596469e-04
-1.572859299999999796e-04	-6.858900599999999726e-12	5.646696363862850968e-04
-1.604004199999999980e-04	-6.982879599999999596e-12	5.645613336707631024e-04
-1.635150599999999862e-04	-7.135890400000000029e-12	5.613603661389449063e-04
-1.666295500000000045e-04	-7.274003000000000020e-12	5.623728244444854479e-04
-1.697441900000000198e-04	-7.412353700000000132e-12	5.620344103618012815e-04
-1.728586899999999982e-04	-7.544885700000000117e-12	5.639141417745648479e-04
-1.759733299999999864e-04	-7.680680699999999944e-12	5.585167823859336043e-04
-1.790878200000000048e-04	-7.771364300000000177e-12	5.666817417653777222e-04
-1.822024599999999930e-04	-7.932066499999999339e-12	5.676933725492019651e-04
-1.853169500000000113e-04	-8.055798200000000238e-12	5.597541182224854929e-04
-1.884315900000000266e-04	-8.163817699999999322e-12	5.642146838443516449e-04
-1.915460799999999908e-04	-8.318082299999999747e-12	5.569121781898407142e-04
-1.946607200000000060e-04	-8.442226099999999430e-12	5.647529290526168101e-04
-1.977753599999999942e-04	-8.572816900000000046e-12	5.601877932462437240e-04
-2.008898599999999997e-04	-8.711112600000000720e-12	5.579240073729990279e-04
-2.040045000000000150e-04	-8.828175200000000109e-12	5.578619082298740027e-04
-2.071189899999999792e-04	-8.930074599999999560e-12	5.600373663412526806e-04
-2.102336299999999945e-04	-9.105570500000000232e-12	5.595200888294728399e-04
-2.133481200000000128e-04	-9.224111900000000251e-12	5.628277144415095440e-04
-2.164627600000000010e-04	-9.352267200000000497e-12	5.581609342829247158e-04
-2.195772500000000194e-04	-9.471240599999999478e-12	5.555434678530577581e-04
-2.226918900000000076e-04	-9.612262400000000254e-12	5.587946871157705754e-04
-2.258063899999999860e-04	-9.741609400000000187e-12	5.608847994506489017e-04
-2.289210300000000013e-04	-9.891615299999999521e-12	5.612106860401528839e-04
-2.320355199999999925e-04	-1.003213799999999976e-11	5.622768646749158779e-04
-2.351501600000000078e-04	-1.014970700000000067e-11	5.576947117866174570e-04
-2.382647999999999960e-04	-1.026975700000000075e-11	5.540934546451654506e-04
-2.413792899999999872e-04	-1.037605699999999919e-11	5.553267419049027218e-04
-2.444939300000000025e-04	-1.055491599999999933e-11	5.563305495378530023e-04
-2.476084200000000209e-04	-1.065186599999999964e-11	5.540045077870290897e-04
-2.507230599999999820e-04	-1.077358599999999925e-11	5.543186037059270876e-04
-2.538375600000000146e-04	-1.089503599999999970e-11	5.527223679873588579e-04
-2.569522000000000299e-04	-1.104939799999999981e-11	5.533404204445573548e-04
-2.600666899999999940e-04	-1.117732100000000005e-11	5.545301500538683294e-04
-2.631813300000000093e-04	-1.130775800000000074e-11	5.540171043354915996e-04
-2.662958199999999735e-04	-1.145322599999999937e-11	5.529199269546129173e-04
-2.694104599999999888e-04	-1.159629299999999977e-11	5.527870182457636289e-04
-2.725249500000000071e-04	-1.175037999999999946e-11	5.552297585133288268e-04
-2.756395899999999682e-04	-1.184195299999999935e-11	5.541421181885030191e-04
-2.787542299999999835e-04	-1.196955699999999962e-11	5.535805967606398413e-04
-2.818687300000000161e-04	-1.211066900000000077e-11	5.588762161337909118e-04
-2.849833699999999772e-04	-1.219072000000000079e-11	5.542780636994629759e-04
-2.880978599999999955e-04	-1.232337800000000081e-11	5.588426678127802680e-04
-2.912125000000000108e-04	-1.244839700000000003e-11	5.535352007979327162e-04
-2.943269899999999750e-04	-1.258327399999999984e-11	5.541074882863068676e-04
-2.974416299999999903e-04	-1.274502999999999987e-11	5.531004831778272299e-04
-3.005561200000000086e-04	-1.287405900000000041e-11	5.532530258885336909e-04
-3.036707600000000239e-04	-1.303894400000000047e-11	5.525599617886283333e-04
-3.067852600000000023e-04	-1.318234499999999981e-11	5.493680797592852792e-04
-3.098998999999999634e-04	-1.332185999999999994e-11	5.510946861152730145e-04
-3.130143899999999818e-04	-1.343937800000000049e-11	5.535207547526668857e-04
-3.161290299999999971e-04	-1.358711800000000043e-11	5.576131901103253659e-04
-3.192435200000000154e-04	-1.369328600000000022e-11	5.552801694586047103e-04
-3.223581600000000307e-04	-1.375552799999999971e-11	5.518540467064661200e-04
-3.254727999999999918e-04	-1.389601300000000080e-11	5.538114487953840759e-04
-3.285872900000000102e-04	-1.400525199999999946e-11	5.525098790341155357e-04
-3.317019300000000255e-04	-1.417819300000000031e-11	5.475088161852035597e-04
-3.348164300000000039e-04	-1.429959200000000041e-11	5.494944819280963687e-04
-3.379310700000000191e-04	-1.444036400000000077e-11	5.458427305050720648e-04
-3.410455600000000375e-04	-1.454152800000000060e-11	5.531669429214556601e-04
-3.441601999999999986e-04	-1.466918899999999985e-11	5.481420942079239574e-04
-3.472746899999999627e-04	-1.481034699999999847e-11	5.547305828421489164e-04
-3.503893300000000322e-04	-1.496547999999999936e-11	5.547119808428335437e-04
-3.535038199999999964e-04	-1.510116300000000077e-11	5.486154187547309961e-04
-3.566184599999999575e-04	-1.523819800000000070e-11	5.530547401156542904e-04
-3.597329600000000443e-04	-1.532254400000000015e-11	5.478263888058752546e-04
-3.628476000000000054e-04	-1.551067800000000036e-11	5.490981890230051815e-04
-3.659622399999999665e-04	-1.558293400000000001e-11	5.536729499137796415e-04
-3.690767300000000390e-04	-1.574371900000000012e-11	5.497614254455908227e-04
-3.721913700000000001e-04	-1.589531599999999867e-11	5.462272381407542272e-04
-3.753058599999999643e-04	-1.600531699999999938e-11	5.546209705980599579e-04
-3.784205000000000338e-04	-1.614906100000000124e-11	5.481737790803736712e-04
-3.815349899999999979e-04	-1.629315800000000007e-11	5.523190547817627936e-04
-3.846496299999999590e-04	-1.643802500000000073e-11	5.549196777533573063e-04
-3.877641300000000458e-04	-1.653434500000000087e-11	5.469199599237476806e-04
-3.908787700000000069e-04	-1.665559400000000000e-11	5.470184939676417737e-04
-3.939932599999999710e-04	-1.674081500000000050e-11	5.432781891300864953e-04
-3.971079000000000405e-04	-1.690030399999999887e-11	5.471896124526541387e-04
-4.002223900000000047e-04	-1.704746800000000072e-11	5.489031228766542720e-04
-4.033370299999999658e-04	-1.715870299999999969e-11	5.439738150555510502e-04
-4.064516700000000353e-04	-1.726490300000000019e-11	5.516527365002825509e-04
-4.095661599999999994e-04	-1.740823999999999974e-11	5.507542418818874366e-04
-4.126807999999999605e-04	-1.751789699999999898e-11	5.455080291490162041e-04
-4.157953000000000473e-04	-1.764590399999999925e-11	5.468841767238585058e-04
-4.189099400000000084e-04	-1.785749200000000002e-11	5.491848049071450374e-04
-4.220244299999999726e-04	-1.796481700000000047e-11	5.452902544255182294e-04
-4.251390699999999878e-04	-1.808128800000000086e-11	5.431577938415308717e-04
-4.282535600000000062e-04	-1.818583000000000067e-11	5.421426415814612583e-04
-4.313681999999999673e-04	-1.826830900000000158e-11	5.422341404195759771e-04
-4.344826899999999856e-04	-1.845857099999999914e-11	5.427879654840207270e-04
-4.375973300000000009e-04	-1.858141599999999870e-11	5.482096900617688170e-04
-4.407118299999999793e-04	-1.867322100000000005e-11	5.457371726949779159e-04
-4.438264699999999946e-04	-1.881929700000000069e-11	5.463367639312901019e-04
-4.469411100000000099e-04	-1.892636599999999876e-11	5.449682614173500649e-04
-4.500555999999999741e-04	-1.909462200000000123e-11	5.451088872545204909e-04
-4.531702399999999894e-04	-1.922474500000000161e-11	5.451637511741673405e-04
-4.562847300000000077e-04	-1.935399800000000059e-11	5.470606498180298266e-04
-4.593993700000000230e-04	-1.949704500000000076e-11	5.461421123641992201e-04
-4.625138599999999872e-04	-1.963350500000000157e-11	5.411393493758291000e-04
-4.656285000000000025e-04	-1.968969299999999919e-11	5.368681794907864072e-04
-4.687429999999999809e-04	-1.981384000000000072e-11	5.408370480028156565e-04
-4.718576399999999962e-04	-1.997446999999999859e-11	5.455143773780452444e-04
-4.749721300000000145e-04	-2.008814500000000053e-11	5.383383152148418262e-04
-4.780867700000000298e-04	-2.026211300000000131e-11	5.393908313466173584e-04
-4.812012599999999939e-04	-2.036078099999999977e-11	5.434042647460597545e-04
-4.843158999999999550e-04	-2.047226999999999997e-11	5.426979954923498743e-04
-4.874303900000000276e-04	-2.056310700000000151e-11	5.455721867626973486e-04
-4.905450299999999887e-04	-2.070663300000000031e-11	5.399371482410056161e-04
-4.936596800000000182e-04	-2.089383400000000154e-11	5.421918720657332384e-04
-4.967741700000000366e-04	-2.103613099999999851e-11	5.378300383928224420e-04
-4.998888099999999977e-04	-2.112676499999999919e-11	5.452971926829440702e-04
-5.030033000000000160e-04	-2.119556600000000125e-11	5.433158335305255781e-04
-5.061179399999999771e-04	-2.137779199999999987e-11	5.414933796510532039e-04
-5.092324299999999955e-04	-2.153260600000000079e-11	5.431041277140382208e-04
-5.123470699999999566e-04	-2.166115899999999959e-11	5.383743105171717551e-04
-5.154615599999999749e-04	-2.181358699999999963e-11	5.412612046678003065e-04
-5.185762000000000444e-04	-2.192604299999999905e-11	5.442802409889069574e-04
-5.216907000000000228e-04	-2.207785999999999858e-11	5.391041242891509051e-04
-5.248053399999999839e-04	-2.221243000000000050e-11	5.374011261736882103e-04
-5.279198300000000022e-04	-2.231207099999999842e-11	5.438230824430885166e-04
-5.310344699999999633e-04	-2.246881300000000078e-11	5.447165338482430575e-04
-5.341491100000000328e-04	-2.260183500000000090e-11	5.366175460985760570e-04
-5.372636000000000512e-04	-2.267561500000000142e-11	5.414737695183934486e-04
-5.403782400000000123e-04	-2.283950500000000063e-11	5.446152831447715476e-04
-5.434927299999999222e-04	-2.296263000000000027e-11	5.393371560897485244e-04
-5.466073799999999518e-04	-2.304910899999999995e-11	5.430558186413973710e-04
-5.497218699999999701e-04	-2.321246099999999879e-11	5.378964536128358256e-04
-5.528365100000000396e-04	-2.331066799999999932e-11	5.437158125718257514e-04
-5.559510000000000580e-04	-2.345218800000000011e-11	5.342531889494464168e-04
-5.590656400000000191e-04	-2.356609999999999992e-11	5.373890563076098208e-04
-5.621801299999999290e-04	-2.369518599999999944e-11	5.473050774620272360e-04
-5.652947699999999985e-04	-2.382782199999999968e-11	5.429304854217157977e-04
-5.684092600000000169e-04	-2.397396700000000138e-11	5.414658226475380694e-04
-5.715238999999999779e-04	-2.407904600000000100e-11	5.378410920058244570e-04
-5.746385500000000075e-04	-2.420141299999999928e-11	5.400381441523843199e-04
-5.777530400000000258e-04	-2.430217799999999981e-11	5.386471849972428476e-04
-5.808676799999999869e-04	-2.445763600000000090e-11	5.467337538027195560e-04
-5.839821700000000053e-04	-2.457222600000000112e-11	5.353642224275159461e-04
-5.870968099999999664e-04	-2.474069600000000111e-11	5.381359623400637808e-04
-5.902112999999999847e-04	-2.482812399999999931e-11	5.427325269393257039e-04
-5.933259400000000542e-04	-2.488194399999999998e-11	5.388522384865401240e-04
-5.964404299999999642e-04	-2.510685099999999916e-11	5.383786505225549327e-04
-5.995550799999999937e-04	-2.526772700000000010e-11	5.365736178913026178e-04
-6.026695700000000121e-04	-2.536399700000000046e-11	5.355400431124385718e-04
-6.057842099999999732e-04	-2.543904499999999947e-11	5.440769887803562034e-04
-6.088986999999999915e-04	-2.559465299999999991e-11	5.391033239568342097e-04
-6.120133400000000610e-04	-2.569922099999999858e-11	5.397169508244206975e-04
-6.151279800000000221e-04	-2.585892599999999886e-11	5.429789655438323377e-04
-6.182424700000000405e-04	-2.598443900000000053e-11	5.399494788456484255e-04
-6.213571100000000015e-04	-2.608062899999999994e-11	5.392893985316878818e-04
-6.244716000000000199e-04	-2.623841099999999843e-11	5.433084057835700989e-04
-6.275862499999999410e-04	-2.629306300000000117e-11	5.306576902729718366e-04
-6.307007400000000678e-04	-2.643779599999999880e-11	5.350561372121623218e-04
-6.338153800000000289e-04	-2.661334900000000012e-11	5.445822125660757960e-04
-6.369298700000000472e-04	-2.678861299999999940e-11	5.394219499251809392e-04
-6.400445100000000083e-04	-2.691761599999999947e-11	5.357801311428419437e-04
-6.431589999999999183e-04	-2.704251400000000155e-11	5.390668982955421637e-04
-6.462736400000000962e-04	-2.711667499999999906e-11	5.430371930782960932e-04
-6.493881300000000061e-04	-2.723277499999999853e-11	5.364676007332515534e-04
-6.525027799999999273e-04	-2.736212800000000031e-11	5.380662325834333288e-04
-6.556172700000000540e-04	-2.754805100000000051e-11	5.360717529687973907e-04
-6.587319100000000151e-04	-2.766953999999999925e-11	5.391650452910710023e-04
-6.618465499999999762e-04	-2.780059199999999953e-11	5.364027301451100137e-04
-6.649610399999999946e-04	-2.792054999999999981e-11	5.366765028558993181e-04
-6.680756799999999556e-04	-2.803098700000000018e-11	5.384286652172808659e-04
-6.711901700000000824e-04	-2.819197000000000150e-11	5.417573279146210450e-04
-6.743048100000000435e-04	-2.828296299999999939e-11	5.331879990862140040e-04
-6.774193000000000619e-04	-2.841779400000000011e-11	5.344208800783631277e-04
-6.805339499999999830e-04	-2.849333300000000145e-11	5.357026108556887196e-04
-6.836484399999998929e-04	-2.859890099999999901e-11	5.305607823539001044e-04
-6.867630800000000708e-04	-2.874366400000000102e-11	5.410643513797121738e-04
-6.898775699999999808e-04	-2.890551300000000142e-11	5.328947617931099412e-04
-6.929922099999999419e-04	-2.903795999999999919e-11	5.318983386499251008e-04
-6.961066999999999602e-04	-2.908634399999999932e-11	5.321302549468245185e-04
-6.992213399999999213e-04	-2.925094199999999687e-11	5.313024759442748664e-04
-7.023359799999999908e-04	-2.940798599999999909e-11	5.318881127408509437e-04
-7.054504799999999692e-04	-2.957639300000000148e-11	5.351499801080351589e-04
-7.085651199999999303e-04	-2.970561600000000254e-11	5.322968014466077829e-04
-7.116796100000000571e-04	-2.981328700000000239e-11	5.379962876159270638e-04
-7.147942500000000181e-04	-2.998076800000000015e-11	5.359143983029026692e-04
-7.179087400000000365e-04	-3.002743200000000259e-11	5.387340595313602244e-04
-7.210233799999999976e-04	-3.022828199999999885e-11	5.398751126850746948e-04
-7.241378699999999075e-04	-3.037569199999999731e-11	5.395517794002191534e-04
-7.272525100000000855e-04	-3.048984300000000260e-11	5.354362280804423647e-04
-7.303669999999999954e-04	-3.061531200000000149e-11	5.339123207592149723e-04
-7.334816500000000249e-04	-3.067736700000000289e-11	5.382396384306791263e-04
-7.365961399999999349e-04	-3.085281699999999968e-11	5.328467509157819347e-04
-7.397107800000000044e-04	-3.102040800000000278e-11	5.293680918009113865e-04
-7.428254199999999655e-04	-3.113987900000000305e-11	5.421941425264869977e-04
-7.459399099999999838e-04	-3.125492199999999981e-11	5.338358154565153290e-04
-7.490545499999999449e-04	-3.141256399999999826e-11	5.374525042253973329e-04
-7.521690399999999633e-04	-3.149647899999999771e-11	5.361637311625063905e-04
-7.552836800000000328e-04	-3.155592499999999875e-11	5.335285385363723078e-04
-7.583981800000000112e-04	-3.170504099999999974e-11	5.342523148126136203e-04
-7.615128199999999722e-04	-3.186348799999999761e-11	5.359133262817192571e-04
-7.646273100000000990e-04	-3.196328300000000041e-11	5.340374139116560448e-04
-7.677419500000000601e-04	-3.204727499999999907e-11	5.333490475268544331e-04
-7.708564399999999700e-04	-3.217656700000000118e-11	5.319400829930924935e-04
-7.739710800000000395e-04	-3.229132899999999730e-11	5.419422778635537901e-04
-7.770855699999999495e-04	-3.247869000000000042e-11	5.363695344477217289e-04
-7.802002099999999106e-04	-3.259437499999999944e-11	5.384537848985086446e-04
-7.833148500000000885e-04	-3.272466300000000135e-11	5.381023903080656449e-04
-7.864293499999999585e-04	-3.282776500000000032e-11	5.324058992886179743e-04
-7.895439899999999196e-04	-3.290328099999999808e-11	5.372349978991706717e-04
-7.926584800000000463e-04	-3.309046100000000012e-11	5.390445925721280016e-04
-7.957731200000000074e-04	-3.320110899999999950e-11	5.293299651527286123e-04
-7.988876100000000258e-04	-3.335013500000000025e-11	5.368874361532530518e-04
-8.020022499999999869e-04	-3.350768599999999787e-11	5.322792193890150698e-04
-8.051167400000000052e-04	-3.359735799999999898e-11	5.355213271171676203e-04
-8.082313800000000747e-04	-3.375979700000000069e-11	5.355316704094289322e-04
-8.113458799999999447e-04	-3.387883400000000246e-11	5.311132283583521341e-04
-8.144605200000000142e-04	-3.404659199999999856e-11	5.377686617508820564e-04
-8.175750099999999241e-04	-3.416064700000000014e-11	5.303691365595528812e-04
-8.206896499999998852e-04	-3.426338400000000166e-11	5.289395891120556590e-04
-8.238041400000000120e-04	-3.440971100000000179e-11	5.335957652456967690e-04
-8.269187799999999731e-04	-3.448200800000000249e-11	5.307288257394857448e-04
-8.300334199999999342e-04	-3.460450000000000184e-11	5.262680767649372720e-04
-8.331479099999999525e-04	-3.469977399999999916e-11	5.378875116444986008e-04
-8.362625499999999136e-04	-3.490006899999999815e-11	5.356375024692406348e-04
-8.393770500000000004e-04	-3.496150200000000238e-11	5.344464405117358655e-04
-8.424916899999999615e-04	-3.517745099999999706e-11	5.315332471090977728e-04
-8.456061800000000883e-04	-3.526840300000000037e-11	5.354334620307916450e-04
-8.487208200000000494e-04	-3.534183000000000068e-11	5.382621814078742545e-04
-8.518353100000000677e-04	-3.553696600000000071e-11	5.354862246773045955e-04
-8.549499500000000288e-04	-3.565527400000000170e-11	5.322184639223308819e-04
-8.580644399999999387e-04	-3.584508399999999683e-11	5.329482909189449608e-04
-8.611790800000001167e-04	-3.587651400000000046e-11	5.316487731722406573e-04
-8.642935799999999866e-04	-3.597832100000000150e-11	5.373571203685785199e-04
-8.674082199999999477e-04	-3.612267800000000180e-11	5.326105748604070909e-04
-8.705228600000000172e-04	-3.624467399999999917e-11	5.330103903627665196e-04
-8.736373499999999272e-04	-3.639553199999999764e-11	5.342245903480422877e-04
-8.767519899999999967e-04	-3.652647300000000169e-11	5.376840293001484321e-04
-8.798664800000000150e-04	-3.667427800000000199e-11	5.283291840626996687e-04
-8.829811199999999761e-04	-3.679105599999999865e-11	5.361405947792978076e-04
-8.860956099999999945e-04	-3.688714600000000172e-11	5.358588578508615861e-04
-8.892102499999999556e-04	-3.709022000000000228e-11	5.356881978299318911e-04
-8.923247500000000424e-04	-3.717420799999999863e-11	5.352056141144115277e-04
-8.954393900000000035e-04	-3.733413900000000012e-11	5.325666009009518776e-04
-8.985538799999999134e-04	-3.739921199999999887e-11	5.309767788873322961e-04
-9.016685200000000913e-04	-3.752804299999999982e-11	5.280894384875672518e-04
-9.047830100000000013e-04	-3.763386499999999860e-11	5.306484385001491609e-04
-9.078976499999999623e-04	-3.780351700000000236e-11	5.336318659972816032e-04
-9.110122900000000318e-04	-3.790843300000000159e-11	5.315744890821180561e-04
-9.141267799999999418e-04	-3.798449100000000203e-11	5.348014944263199859e-04
-9.172414199999999029e-04	-3.817470000000000131e-11	5.341527609477215869e-04
-9.203559199999999897e-04	-3.822278300000000216e-11	5.237788794253599254e-04
-9.234705599999999508e-04	-3.832338299999999792e-11	5.352975430824135749e-04
-9.265850499999999691e-04	-3.849507500000000316e-11	5.336531775686662949e-04
-9.296996900000000386e-04	-3.865326099999999899e-11	5.345047306561228348e-04
-9.328141800000000570e-04	-3.875849999999999727e-11	5.355283138628334685e-04
-9.359288200000000181e-04	-3.887124599999999930e-11	5.311866384678868560e-04
-9.390433099999999280e-04	-3.901240799999999700e-11	5.303201338772376696e-04
-9.421579499999999975e-04	-3.915868999999999700e-11	5.320256633528802105e-04
-9.452724499999999759e-04	-3.925880499999999712e-11	5.344349135777280886e-04
-9.483870899999999370e-04	-3.950144399999999923e-11	5.339698404185863091e-04
-9.515017300000000065e-04	-3.957316400000000289e-11	5.283490121271395765e-04
-9.546162199999999164e-04	-3.968819000000000277e-11	5.306748965201806521e-04
-9.577308599999999859e-04	-3.978149400000000025e-11	5.369076268739367535e-04
-9.608453500000000043e-04	-4.002860199999999722e-11	5.338740524954034691e-04
-9.639599899999999654e-04	-4.012110100000000175e-11	5.315804737334309856e-04
-9.670744799999999837e-04	-4.024031099999999999e-11	5.323065725541308111e-04
-9.701891199999999448e-04	-4.036105800000000014e-11	5.310512441448872988e-04
-9.733036200000000316e-04	-4.046223399999999882e-11	5.299599334019470826e-04
-9.764182599999999927e-04	-4.056102000000000078e-11	5.331439958596508478e-04
-9.795327500000000111e-04	-4.069357700000000065e-11	5.285551150926026545e-04
-9.826473900000000806e-04	-4.085638799999999738e-11	5.245226919544329104e-04
-9.857618799999998821e-04	-4.092354200000000189e-11	5.398239173075521135e-04
-9.888765200000001684e-04	-4.106410999999999919e-11	5.344176496881180042e-04
-9.919910099999999700e-04	-4.120834199999999841e-11	5.254677194787300137e-04
-9.951056500000000395e-04	-4.129593500000000139e-11	5.305613311579552563e-04
-9.982202900000001090e-04	-4.140489300000000101e-11	5.324908847225367061e-04
-1.001334800000000047e-03	-4.157604100000000242e-11	5.354254415271175651e-04
-1.004449400000000060e-03	-4.160255100000000288e-11	5.381067228372589080e-04
-1.007563900000000038e-03	-4.171230699999999787e-11	5.323959659610893970e-04
-1.010678599999999868e-03	-4.176856399999999978e-11	5.297917343144665971e-04
-1.013793100000000063e-03	-4.194845899999999696e-11	5.304331849471152077e-04
-1.016907700000000076e-03	-4.219775899999999914e-11	5.259187636560046447e-04
-1.020022200000000054e-03	-4.219001900000000305e-11	5.256076796681640731e-04
-1.023136800000000067e-03	-4.238784000000000207e-11	5.309753303442227247e-04
-1.026251300000000045e-03	-4.251494600000000244e-11	5.353652661562320310e-04
-1.029366000000000092e-03	-4.263693600000000281e-11	5.332114555924252373e-04
-1.032480400000000036e-03	-4.279985400000000315e-11	5.314075080874097268e-04
-1.035595099999999866e-03	-4.295408799999999884e-11	5.338364036242674616e-04
-1.038709700000000095e-03	-4.301291299999999682e-11	5.297034601548525562e-04
-1.041824200000000073e-03	-4.315196100000000203e-11	5.316721528551843082e-04
-1.044938900000000120e-03	-4.335798700000000061e-11	5.271082227416794665e-04
-1.048053399999999882e-03	-4.345566999999999915e-11	5.318606613219442484e-04
-1.051167999999999894e-03	-4.359183800000000266e-11	5.298674450304373612e-04
-1.054282500000000089e-03	-4.367745100000000002e-11	5.263135227797729630e-04
-1.057397100000000102e-03	-4.384481700000000248e-11	5.349045941406716659e-04
-1.060511600000000080e-03	-4.402057200000000086e-11	5.341376874722792573e-04
-1.063626299999999910e-03	-4.422301100000000320e-11	5.262986184331392477e-04
-1.066740800000000105e-03	-4.432928000000000152e-11	5.278259921349197879e-04
-1.069855400000000118e-03	-4.444164100000000103e-11	5.334797356014030385e-04
-1.072969899999999879e-03	-4.458648000000000168e-11	5.310842362930969862e-04
-1.076084499999999892e-03	-4.467727599999999894e-11	5.274634685464479932e-04
-1.079199199999999938e-03	-4.465185500000000028e-11	5.284243542170795989e-04
-1.082313699999999917e-03	-4.489909799999999763e-11	5.359854246686761997e-04
-1.085428300000000146e-03	-4.502573000000000226e-11	5.266954676491815163e-04
-1.088542799999999908e-03	-4.509266899999999897e-11	5.325813926642293267e-04
-1.091657399999999920e-03	-4.526797999999999953e-11	5.328720876754072886e-04
-1.094771900000000115e-03	-4.536938899999999701e-11	5.265565240299335597e-04
-1.097886599999999945e-03	-4.547552999999999899e-11	5.326242781446738394e-04
-1.101001099999999924e-03	-4.567906500000000071e-11	5.291554718337912336e-04
-1.104115699999999936e-03	-4.585726199999999997e-11	5.298216298792248228e-04
-1.107230299999999949e-03	-4.589044400000000038e-11	5.330662571150052934e-04
-1.110344699999999893e-03	-4.609259200000000277e-11	5.293497837007279331e-04
-1.113459299999999905e-03	-4.607514399999999898e-11	5.331995780987307124e-04
-1.116573999999999952e-03	-4.623548399999999747e-11	5.366181688825309975e-04
-1.119688599999999964e-03	-4.635360500000000037e-11	5.304072809105211820e-04
-1.122803199999999977e-03	-4.649547800000000138e-11	5.273037459882900374e-04
-1.125917599999999921e-03	-4.660369700000000092e-11	5.275676419807597299e-04
-1.129032199999999934e-03	-4.673102500000000019e-11	5.297545457081429638e-04
-1.132146899999999980e-03	-4.691660300000000157e-11	5.241712760410346819e-04
-1.135261499999999993e-03	-4.708884999999999761e-11	5.276856378947604106e-04
-1.138375799999999903e-03	-4.714506899999999697e-11	5.296562273277744285e-04
-1.141490499999999950e-03	-4.717544399999999905e-11	5.297738439805435313e-04
-1.144605099999999962e-03	-4.745204600000000005e-11	5.239417272352544282e-04
-1.147719800000000009e-03	-4.753997200000000139e-11	5.265615593348627575e-04
-1.150834099999999919e-03	-4.760085399999999774e-11	5.274416538147126774e-04
-1.153948799999999966e-03	-4.776413600000000140e-11	5.216594825045550287e-04
-1.157063399999999978e-03	-4.792656200000000207e-11	5.337843815685398233e-04
-1.160177999999999991e-03	-4.803021899999999830e-11	5.318291092001935314e-04
-1.163292700000000037e-03	-4.825033099999999861e-11	5.219105010479705787e-04
-1.166406999999999947e-03	-4.830125900000000035e-11	5.308035000278972819e-04
-1.169521699999999994e-03	-4.838061200000000295e-11	5.305124550419085781e-04
-1.172636300000000006e-03	-4.856897899999999872e-11	5.257319308952869462e-04
-1.175750900000000019e-03	-4.862931599999999712e-11	5.230945549928334723e-04
-1.178865299999999963e-03	-4.877906099999999932e-11	5.256124646105635179e-04
-1.181979899999999976e-03	-4.888434100000000188e-11	5.290637253730623695e-04
-1.185094600000000022e-03	-4.900494599999999761e-11	5.225392087702166420e-04
-1.188209200000000035e-03	-4.910101099999999918e-11	5.205468080722974299e-04
-1.191323499999999945e-03	-4.923808200000000050e-11	5.302573494590360516e-04
-1.194438199999999992e-03	-4.933930700000000162e-11	5.285756471690904396e-04
-1.197552800000000004e-03	-4.947493799999999886e-11	5.255961039863624087e-04
-1.200667500000000051e-03	-4.968527699999999919e-11	5.258637415359086352e-04
-1.203782100000000063e-03	-4.986432800000000030e-11	5.287077934656373834e-04
-1.206896500000000007e-03	-5.001926299999999998e-11	5.314233714882757396e-04
-1.210011100000000020e-03	-5.006549299999999745e-11	5.265539199403372573e-04
-1.213125700000000032e-03	-5.021428100000000298e-11	5.232013453004129852e-04
-1.216240400000000079e-03	-5.035725299999999862e-11	5.283298897295246642e-04
-1.219354699999999989e-03	-5.050636599999999789e-11	5.291076133176872334e-04
-1.222469400000000036e-03	-5.058344700000000080e-11	5.275581907910088797e-04
-1.225584000000000048e-03	-5.064083899999999874e-11	5.290236081559573358e-04
-1.228698600000000061e-03	-5.067644899999999843e-11	5.241888118222577230e-04
-1.231813000000000005e-03	-5.090185599999999866e-11	5.205154208611801475e-04
-1.234927600000000018e-03	-5.097866199999999792e-11	5.344401325573438577e-04
-1.238042300000000064e-03	-5.111359599999999994e-11	5.270123281254506268e-04
-1.241156900000000077e-03	-5.128858799999999730e-11	5.229958609417549023e-04
-1.244271500000000089e-03	-5.141990000000000226e-11	5.292407844639184606e-04
-1.247385900000000034e-03	-5.146087699999999820e-11	5.277056801172209542e-04
-1.250500500000000046e-03	-5.167565300000000076e-11	5.248897555534577522e-04
-1.253615200000000093e-03	-5.191975999999999727e-11	5.301568869403019621e-04
-1.256729799999999888e-03	-5.194577100000000048e-11	5.281873396868942304e-04
-1.259844200000000049e-03	-5.204540299999999966e-11	5.233689432964259633e-04
-1.262958800000000062e-03	-5.213814099999999999e-11	5.279876010569128442e-04
-1.266073400000000074e-03	-5.228334399999999751e-11	5.317460028732816238e-04
-1.269188099999999904e-03	-5.240626700000000009e-11	5.286327846104304628e-04
-1.272302400000000031e-03	-5.250653699999999922e-11	5.247275425151054365e-04
-1.275417100000000078e-03	-5.268343399999999768e-11	5.279084229084906720e-04
-1.278531699999999873e-03	-5.283954899999999998e-11	5.254982213841702214e-04
-1.281646300000000103e-03	-5.291933199999999878e-11	5.223892348753411295e-04
-1.284760700000000047e-03	-5.307355199999999931e-11	5.186671904957153387e-04
-1.287875300000000060e-03	-5.320854500000000307e-11	5.288331529405548978e-04
-1.290989999999999889e-03	-5.326933699999999916e-11	5.327596952972896323e-04
-1.294104600000000119e-03	-5.325148700000000242e-11	5.259407872261373821e-04
-1.297219199999999914e-03	-5.348749899999999825e-11	5.277196490549794202e-04
-1.300333599999999859e-03	-5.360214699999999964e-11	5.236062197878004008e-04
-1.303448200000000088e-03	-5.378150400000000291e-11	5.260514087117017798e-04
-1.306562900000000135e-03	-5.394515700000000102e-11	5.276824068529029511e-04
-1.309677499999999930e-03	-5.402688699999999930e-11	5.246008288508090169e-04
-1.312791899999999875e-03	-5.411835200000000148e-11	5.197035425462254426e-04
-1.315906500000000104e-03	-5.423146999999999853e-11	5.227560395079767315e-04
-1.319021099999999900e-03	-5.439768099999999987e-11	5.205619882669737953e-04
-1.322135799999999946e-03	-5.449007600000000253e-11	5.204344591963212243e-04
-1.325250100000000073e-03	-5.465906200000000312e-11	5.265949234512309765e-04
-1.328364800000000120e-03	-5.486683700000000321e-11	5.226718567091799940e-04
-1.331479399999999915e-03	-5.486168099999999951e-11	5.240425257359110313e-04
-1.334594000000000145e-03	-5.498982200000000281e-11	5.281466509335686109e-04
-1.337708699999999758e-03	-5.513821299999999888e-11	5.210042260494471061e-04
-1.340822999999999885e-03	-5.521314300000000087e-11	5.208605020712430301e-04
-1.343937699999999931e-03	-5.543444500000000311e-11	5.307086816302540458e-04
-1.347052300000000161e-03	-5.558543600000000080e-11	5.244493634746494326e-04
-1.350166899999999956e-03	-5.569512600000000293e-11	5.291707912937077809e-04
-1.353281299999999901e-03	-5.578470700000000322e-11	5.289671320045603647e-04
-1.356395900000000130e-03	-5.588990400000000310e-11	5.197316168261996569e-04
-1.359510600000000177e-03	-5.598878999999999816e-11	5.227895781081482243e-04
-1.362625199999999972e-03	-5.619434799999999800e-11	5.210173315942868890e-04
-1.365739599999999917e-03	-5.618019200000000110e-11	5.238954179072147178e-04
-1.368854200000000146e-03	-5.629869499999999834e-11	5.220145870770925671e-04
-1.371968799999999941e-03	-5.644638899999999918e-11	5.272886391388952347e-04
-1.375083499999999988e-03	-5.663055800000000145e-11	5.258923349783027178e-04
-1.378198099999999784e-03	-5.676764299999999793e-11	5.244586289767135933e-04
-1.381312500000000162e-03	-5.696816599999999929e-11	5.217163892304567613e-04
-1.384427099999999957e-03	-5.704155200000000178e-11	5.290270618882060962e-04
-1.387541700000000187e-03	-5.710768699999999966e-11	5.259216867189989890e-04
-1.390656399999999800e-03	-5.735744899999999712e-11	5.238468161469190480e-04
-1.393770699999999927e-03	-5.743565300000000207e-11	5.248979211800322911e-04
-1.396885399999999973e-03	-5.755646700000000212e-11	5.272208206747690381e-04
-1.400000000000000203e-03	-5.758777099999999764e-11	5.269521843780162378e-04
