# [DATA]
1.400000000000000203e-03	5.773780100000000281e-11	5.289434752262333998e-04
1.396885399999999973e-03	5.766269799999999789e-11	5.249998164055676673e-04
1.393770899999999995e-03	5.745810399999999878e-11	5.222286796200980609e-04
1.390656199999999948e-03	5.742540099999999699e-11	5.279980998282642621e-04
1.387541700000000187e-03	5.717530600000000118e-11	5.227037468543982175e-04
1.384427099999999957e-03	5.684267600000000121e-11	5.229207465228362384e-04
1.381312599999999979e-03	5.700077599999999909e-11	5.314325320768587858e-04
1.378197999999999966e-03	5.702556099999999897e-11	5.197698882484146033e-04
1.375083499999999988e-03	5.671934400000000163e-11	5.169609510668982067e-04
1.371968799999999941e-03	5.665283500000000111e-11	5.251546079585937398e-04
1.368854299999999963e-03	5.658867099999999718e-11	5.239200836742555515e-04
1.365739699999999951e-03	5.644401299999999762e-11	5.218902568369761718e-04
1.362625199999999972e-03	5.631414800000000078e-11	5.303383996739465976e-04
1.359510600000000177e-03	5.621448100000000077e-11	5.242770792251480027e-04
1.356395900000000130e-03	5.599831400000000303e-11	5.194586106904509936e-04
1.353281400000000152e-03	5.596077400000000075e-11	5.238487365859286881e-04
1.350166799999999922e-03	5.565815900000000185e-11	5.244512788217067139e-04
1.347052300000000161e-03	5.558630599999999896e-11	5.194819480461171108e-04
1.343937699999999931e-03	5.542054000000000247e-11	5.252723945022355883e-04
1.340823199999999953e-03	5.531619999999999971e-11	5.212851088928801939e-04
1.337708499999999906e-03	5.536439400000000002e-11	5.286405622856153470e-04
1.334594000000000145e-03	5.513008100000000269e-11	5.208661379528771321e-04
1.331479399999999915e-03	5.490125700000000096e-11	5.194952531764110686e-04
1.328364899999999937e-03	5.498289699999999898e-11	5.187037962400628402e-04
1.325250299999999925e-03	5.480187799999999919e-11	5.235600320882323076e-04
1.322135799999999946e-03	5.465783399999999863e-11	5.326490747083606481e-04
1.319021099999999900e-03	5.446981100000000110e-11	5.259899582157847491e-04
1.315906599999999921e-03	5.433576899999999702e-11	5.325026844743240267e-04
1.312792000000000125e-03	5.425184599999999941e-11	5.317479503135862356e-04
1.309677399999999896e-03	5.423769399999999837e-11	5.245713036065147552e-04
1.306562900000000135e-03	5.406977600000000037e-11	5.188280666524878234e-04
1.303448200000000088e-03	5.394723199999999685e-11	5.208746377445913492e-04
1.300333700000000110e-03	5.384672599999999720e-11	5.326691826282858042e-04
1.297219099999999880e-03	5.372807399999999796e-11	5.279534170773607718e-04
1.294104600000000119e-03	5.361164999999999886e-11	5.275346697471880149e-04
1.290989999999999889e-03	5.343382299999999992e-11	5.303456194205855619e-04
1.287875499999999911e-03	5.334639999999999814e-11	5.230237782336271280e-04
1.284760799999999864e-03	5.302091399999999918e-11	5.191847340185520030e-04
1.281646300000000103e-03	5.297562400000000150e-11	5.238479773092114510e-04
1.278531699999999873e-03	5.277629000000000150e-11	5.230202401523779271e-04
1.275417199999999895e-03	5.267979499999999727e-11	5.324522568399648681e-04
1.272302600000000099e-03	5.261423600000000232e-11	5.247894992097049387e-04
1.269187900000000053e-03	5.256727300000000176e-11	5.320691121695630575e-04
1.266073400000000074e-03	5.252355800000000208e-11	5.293990242942309653e-04
1.262958800000000062e-03	5.221296299999999779e-11	5.248100618474424352e-04
1.259844300000000084e-03	5.205128699999999710e-11	5.314596798613566327e-04
1.256729699999999854e-03	5.198410500000000228e-11	5.184193802483567795e-04
1.253615200000000093e-03	5.177231599999999857e-11	5.291232075088476115e-04
1.250500500000000046e-03	5.158151299999999890e-11	5.237751056120114107e-04
1.247386000000000068e-03	5.154796700000000162e-11	5.201653903390286281e-04
1.244271400000000055e-03	5.145957300000000154e-11	5.360148889573407033e-04
1.241156800000000043e-03	5.141541699999999932e-11	5.247054615721366165e-04
1.238042300000000064e-03	5.124724599999999745e-11	5.251905096149197399e-04
1.234927700000000052e-03	5.119431300000000152e-11	5.254217333250913889e-04
1.231813100000000039e-03	5.095418899999999720e-11	5.317281602637104806e-04
1.228698600000000061e-03	5.089963200000000083e-11	5.251005812405453018e-04
1.225584000000000048e-03	5.086077400000000027e-11	5.361664197904129642e-04
1.222469400000000036e-03	5.057006200000000307e-11	5.335925826573395276e-04
1.219354899999999841e-03	5.049719699999999761e-11	5.257380364143108978e-04
1.216240200000000011e-03	5.038468899999999726e-11	5.236541921136968290e-04
1.213125700000000032e-03	5.013737699999999884e-11	5.313089889953222450e-04
1.210011100000000020e-03	4.991111300000000150e-11	5.310909771044785036e-04
1.206896600000000042e-03	4.997610299999999757e-11	5.270807822518716514e-04
1.203782000000000029e-03	4.983183000000000053e-11	5.333173014657901058e-04
1.200667400000000017e-03	4.962128300000000292e-11	5.312267159783677249e-04
1.197552800000000004e-03	4.937549700000000008e-11	5.241955439344011874e-04
1.194438300000000026e-03	4.921509699999999926e-11	5.353314047118764261e-04
1.191323700000000013e-03	4.925952999999999983e-11	5.346356945944487913e-04
1.188209100000000001e-03	4.925058299999999845e-11	5.372920528627693698e-04
1.185094600000000022e-03	4.911621099999999774e-11	5.322225519547826075e-04
1.181980000000000010e-03	4.886406199999999883e-11	5.331121453114534905e-04
1.178865399999999997e-03	4.884894899999999879e-11	5.314137526057092012e-04
1.175750900000000019e-03	4.873914500000000194e-11	5.369964963119638370e-04
1.172636300000000006e-03	4.849293199999999817e-11	5.267155662021333297e-04
1.169521699999999994e-03	4.838372400000000286e-11	5.309497888608124628e-04
1.166407200000000016e-03	4.836845499999999678e-11	5.238613418911511636e-04
1.163292499999999969e-03	4.819277999999999935e-11	5.324813835047198561e-04
1.160177999999999991e-03	4.798120599999999696e-11	5.331942721109323834e-04
1.157063399999999978e-03	4.778219799999999774e-11	5.246195560163202654e-04
1.153948799999999966e-03	4.759453199999999949e-11	5.289908676143055023e-04
1.150834299999999987e-03	4.744160999999999862e-11	5.357365482125087900e-04
1.147719699999999975e-03	4.752483099999999811e-11	5.291448886453106043e-04
1.144605099999999962e-03	4.735625099999999925e-11	5.315912455626744561e-04
1.141490599999999984e-03	4.722804100000000135e-11	5.342951315685567828e-04
1.138375999999999971e-03	4.712082499999999920e-11	5.303165216351393490e-04
1.135261399999999959e-03	4.709103599999999935e-11	5.344745848039875223e-04
1.132146899999999980e-03	4.687947299999999686e-11	5.398856050750389405e-04
1.129032199999999934e-03	4.673373500000000069e-11	5.324102317998062172e-04
1.125917699999999955e-03	4.657804000000000173e-11	5.404901200003308769e-04
1.122803099999999943e-03	4.651559700000000254e-11	5.271886116320872572e-04
1.119688499999999930e-03	4.650786399999999757e-11	5.343851045005558464e-04
1.116573999999999952e-03	4.622581099999999705e-11	5.300635141036282635e-04
1.113459399999999939e-03	4.602448300000000274e-11	5.353947099015230002e-04
1.110344800000000144e-03	4.607882799999999951e-11	5.294517818862336115e-04
1.107230299999999949e-03	4.599182800000000281e-11	5.320469447201172340e-04
1.104115699999999936e-03	4.579241200000000071e-11	5.361805849632171128e-04
1.101001099999999924e-03	4.552537500000000240e-11	5.368696428845576947e-04
1.097886599999999945e-03	4.535784200000000047e-11	5.308790823036538525e-04
1.094771999999999933e-03	4.533178999999999944e-11	5.311539700674816665e-04
1.091657399999999920e-03	4.519255799999999788e-11	5.357552968154313464e-04
1.088542799999999908e-03	4.506203699999999717e-11	5.294475400836012695e-04
1.085428300000000146e-03	4.506564199999999733e-11	5.315312377189448066e-04
1.082313699999999917e-03	4.485143199999999839e-11	5.389956781095951808e-04
1.079199199999999938e-03	4.463690200000000213e-11	5.296283712365142723e-04
1.076084499999999892e-03	4.449778400000000175e-11	5.348549246211798313e-04
1.072970000000000130e-03	4.445918600000000265e-11	5.397487957511866745e-04
1.069855400000000118e-03	4.428038100000000137e-11	5.337435242127741434e-04
1.066740800000000105e-03	4.406245899999999866e-11	5.339669696292302908e-04
1.063626299999999910e-03	4.389719500000000115e-11	5.369674681448833838e-04
1.060511699999999898e-03	4.388316099999999713e-11	5.273871626157680030e-04
1.057397100000000102e-03	4.398324100000000290e-11	5.306329246330794775e-04
1.054282599999999907e-03	4.385346599999999985e-11	5.379592363381402106e-04
1.051167999999999894e-03	4.364714499999999900e-11	5.328022219759637320e-04
1.048053399999999882e-03	4.338642600000000309e-11	5.292758970903332829e-04
1.044938900000000120e-03	4.333522399999999827e-11	5.396991028310440652e-04
1.041824200000000073e-03	4.308348799999999867e-11	5.310418210910612452e-04
1.038709700000000095e-03	4.283867400000000116e-11	5.331941108130816565e-04
1.035595099999999866e-03	4.284842600000000195e-11	5.363513741194429058e-04
1.032480499999999853e-03	4.265259700000000254e-11	5.324083977574089891e-04
1.029366000000000092e-03	4.242263799999999831e-11	5.307025307766575183e-04
1.026251400000000079e-03	4.250023899999999767e-11	5.347311882133718493e-04
1.023136800000000067e-03	4.260141500000000281e-11	5.423818112412639265e-04
1.020022300000000088e-03	4.249255099999999928e-11	5.401581566111647928e-04
1.016907700000000076e-03	4.226226700000000131e-11	5.329466757595487580e-04
1.013793100000000063e-03	4.211039199999999738e-11	5.388222118902010220e-04
1.010678599999999868e-03	4.201690000000000123e-11	5.389148835693721110e-04
1.007563900000000038e-03	4.194426099999999698e-11	5.380106816900470830e-04
1.004449400000000060e-03	4.167551400000000029e-11	5.278087638153573704e-04
1.001334800000000047e-03	4.149787099999999771e-11	5.313041793274635985e-04
9.982202900000001090e-04	4.143354100000000136e-11	5.306465914056982458e-04
9.951056500000000395e-04	4.130752300000000221e-11	5.321315536538540232e-04
9.919911600000000211e-04	4.117594800000000052e-11	5.295536626262367479e-04
9.888765200000001684e-04	4.107699599999999967e-11	5.376851110838600867e-04
9.857619599999999961e-04	4.103468599999999679e-11	5.287064634373276738e-04
9.826473900000000806e-04	4.085168300000000200e-11	5.372474069051903431e-04
9.795328199999999482e-04	4.067612199999999929e-11	5.385242028284011788e-04
9.764182599999999927e-04	4.044604599999999861e-11	5.288356970424656998e-04
9.733036899999999688e-04	4.040835000000000321e-11	5.370281766690202831e-04
9.701891199999999448e-04	4.038829700000000137e-11	5.337590184790158131e-04
9.670744799999999837e-04	4.018934799999999743e-11	5.326817568065275125e-04
9.639599899999999654e-04	4.001272600000000263e-11	5.374337361604069685e-04
9.608453500000000043e-04	3.988649999999999973e-11	5.395868152809927751e-04
9.577308599999999859e-04	3.968259399999999710e-11	5.364133638723327796e-04
9.546162199999999164e-04	3.956911499999999845e-11	5.374352638175147702e-04
9.515017300000000065e-04	3.965126500000000008e-11	5.475819827196999959e-04
9.483870899999999370e-04	3.944728199999999824e-11	5.368088574904985840e-04
9.452725200000000215e-04	3.923027199999999854e-11	5.366100114226656295e-04
9.421579499999999975e-04	3.898422900000000243e-11	5.369973879451827008e-04
9.390433900000000420e-04	3.875091199999999845e-11	5.329893309228994234e-04
9.359288200000000181e-04	3.875717099999999910e-11	5.386669419901670038e-04
9.328142599999999542e-04	3.871343199999999849e-11	5.348378164914711430e-04
9.296996900000000386e-04	3.852090499999999882e-11	5.289206841939527934e-04
9.265850499999999691e-04	3.830152500000000102e-11	5.337843000333919409e-04
9.234705599999999508e-04	3.831353600000000046e-11	5.313982882961824829e-04
9.203559199999999897e-04	3.824833499999999890e-11	5.392096057623530598e-04
9.172414199999999029e-04	3.791820299999999984e-11	5.377762588766473416e-04
9.141267799999999418e-04	3.776205000000000145e-11	5.337949201564507959e-04
9.110122900000000318e-04	3.771389100000000195e-11	5.366019535208215938e-04
9.078976499999999623e-04	3.747632800000000260e-11	5.315255082077082610e-04
9.047830799999999384e-04	3.714048500000000257e-11	5.351168866735587712e-04
9.016685200000000913e-04	3.732259299999999770e-11	5.342974692452542905e-04
8.985539500000000674e-04	3.706089299999999771e-11	5.331492272792915385e-04
8.954393900000000035e-04	3.712197900000000196e-11	5.392436817633076062e-04
8.923248199999999795e-04	3.711026299999999834e-11	5.376486350983490734e-04
8.892102499999999556e-04	3.689739499999999860e-11	5.359220277055717603e-04
8.860956900000000001e-04	3.672437699999999693e-11	5.367519212682733904e-04
8.829811199999999761e-04	3.664899599999999955e-11	5.432751055351410291e-04
8.798664800000000150e-04	3.650622200000000188e-11	5.374860508131800493e-04
8.767519899999999967e-04	3.637261000000000045e-11	5.372063352682010387e-04
8.736373499999999272e-04	3.633397099999999707e-11	5.360626108247714241e-04
8.705228600000000172e-04	3.626283600000000153e-11	5.384974990340226329e-04
8.674082199999999477e-04	3.589713600000000118e-11	5.280380547614723632e-04
8.642936499999999238e-04	3.527929700000000123e-11	5.336592339680730187e-04
8.611790800000001167e-04	3.537901200000000309e-11	5.347465465747330707e-04
8.580645200000000528e-04	3.549563400000000017e-11	5.366310315789030996e-04
8.549499500000000288e-04	3.538681200000000151e-11	5.388774962530213123e-04
8.518353800000000049e-04	3.516249400000000307e-11	5.318232775061033360e-04
8.487208200000000494e-04	3.512616600000000250e-11	5.293364898954340493e-04
8.456062500000000254e-04	3.483062400000000238e-11	5.280963127805973550e-04
8.424916899999999615e-04	3.480297599999999769e-11	5.352612666561182850e-04
8.393770500000000004e-04	3.494143199999999720e-11	5.409779491332018233e-04
8.362625499999999136e-04	3.479987799999999939e-11	5.392988474465679020e-04
8.331479099999999525e-04	3.468705900000000046e-11	5.343899448162244123e-04
8.300334199999999342e-04	3.452279100000000276e-11	5.384931002934683231e-04
8.269187799999999731e-04	3.432342599999999778e-11	5.339546876892050644e-04
8.238042900000000631e-04	3.433467100000000093e-11	5.369591350486828960e-04
8.206896499999998852e-04	3.419286399999999925e-11	5.301995167250982263e-04
8.175750800000000781e-04	3.398619200000000257e-11	5.367478726908825196e-04
8.144605200000000142e-04	3.395168499999999984e-11	5.263475644764989978e-04
8.113459499999999902e-04	3.382795799999999842e-11	5.352796604434615800e-04
8.082313800000000747e-04	3.366763799999999856e-11	5.318872997386031717e-04
8.051168200000000108e-04	3.342518999999999684e-11	5.406324810435880843e-04
8.020022499999999869e-04	3.341092999999999807e-11	5.316695723745857921e-04
7.988876100000000258e-04	3.331342499999999888e-11	5.373719703997838866e-04
7.957731200000000074e-04	3.306474199999999745e-11	5.391676368733767455e-04
7.926584800000000463e-04	3.298513200000000159e-11	5.352305360682412666e-04
7.895439899999999196e-04	3.285744899999999772e-11	5.342188479415158715e-04
7.864293499999999585e-04	3.267847799999999755e-11	5.359261068538855944e-04
7.833148500000000885e-04	3.250453699999999943e-11	5.379174592286138559e-04
7.802002099999999106e-04	3.245895899999999706e-11	5.347602880624465187e-04
7.770856499999999551e-04	3.227593500000000307e-11	5.303256621388545986e-04
7.739710800000000395e-04	3.204356200000000119e-11	5.361762331051680595e-04
7.708565100000000156e-04	3.195712800000000164e-11	5.364512982675194788e-04
7.677419500000000601e-04	3.178229199999999739e-11	5.281742458393157711e-04
7.646273800000000362e-04	3.162229500000000304e-11	5.375274069521336585e-04
7.615128199999999722e-04	3.163219299999999763e-11	5.434766519939826599e-04
7.583982499999999483e-04	3.144042999999999955e-11	5.275366103333142690e-04
7.552836800000000328e-04	3.136351600000000257e-11	5.341266613531820730e-04
7.521691199999999689e-04	3.129776299999999902e-11	5.341502506597074545e-04
7.490544800000000078e-04	3.115146300000000156e-11	5.324566887465909549e-04
7.459399099999999838e-04	3.105629600000000138e-11	5.319280818319694574e-04
7.428253399999999599e-04	3.092008599999999948e-11	5.369316137262614749e-04
7.397107800000000044e-04	3.076855099999999795e-11	5.329908495399234393e-04
7.365962099999999804e-04	3.068666199999999835e-11	5.313709502159624223e-04
7.334816500000000249e-04	3.059494000000000292e-11	5.322624285237430005e-04
7.303670800000001094e-04	3.043838800000000038e-11	5.355422556850946954e-04
7.272525100000000855e-04	3.016919399999999768e-11	5.298290622841792235e-04
7.241379500000000215e-04	3.005379300000000104e-11	5.222304939432853002e-04
7.210233799999999976e-04	2.998857400000000203e-11	5.316614058384468372e-04
7.179088099999999736e-04	2.991907800000000266e-11	5.381590507576331991e-04
7.147942500000000181e-04	2.978911899999999679e-11	5.314195258931040094e-04
7.116796799999999942e-04	2.961015099999999836e-11	5.358998812333986986e-04
7.085651199999999303e-04	2.952570799999999785e-11	5.359596309541699022e-04
7.054504799999999692e-04	2.940884000000000093e-11	5.319524547473992743e-04
7.023359099999999453e-04	2.915426200000000218e-11	5.309078786649488015e-04
6.992213399999999213e-04	2.895012499999999868e-11	5.332484619611505949e-04
6.961067799999999658e-04	2.892546999999999953e-11	5.375625814993342539e-04
6.929922099999999419e-04	2.890634399999999968e-11	5.345156354902666929e-04
6.898776399999999179e-04	2.876818399999999979e-11	5.327688464000203622e-04
6.867630800000000708e-04	2.855841800000000066e-11	5.308535582983178085e-04
6.836485100000000469e-04	2.833769299999999869e-11	5.325043656782594247e-04
6.805339499999999830e-04	2.826056699999999889e-11	5.381309317054666294e-04
6.774193800000000674e-04	2.810875999999999866e-11	5.304142522474296437e-04
6.743048100000000435e-04	2.802774700000000069e-11	5.279660156988371343e-04
6.711902499999999796e-04	2.795036599999999909e-11	5.336173120647399451e-04
6.680756799999999556e-04	2.787624300000000090e-11	5.331530732159125768e-04
6.649610399999999946e-04	2.783997700000000057e-11	5.299889309485876498e-04
6.618464699999999706e-04	2.765703300000000107e-11	5.362479650621085727e-04
6.587319100000000151e-04	2.748171800000000142e-11	5.296773916601915742e-04
6.556173399999999912e-04	2.728718500000000052e-11	5.290848703223999553e-04
6.525027799999999273e-04	2.704826999999999941e-11	5.348099760380390418e-04
6.493882099999999033e-04	2.703674600000000000e-11	5.367240214157928922e-04
6.462736400000000962e-04	2.696421000000000027e-11	5.323470895600371927e-04
6.431590800000000323e-04	2.682079600000000151e-11	5.314950748879370985e-04
6.400445100000000083e-04	2.666018400000000110e-11	5.355257418297181167e-04
6.369299399999999844e-04	2.643640299999999923e-11	5.305087975052203472e-04
6.338153800000000289e-04	2.639824800000000059e-11	5.392682449807635137e-04
6.307008100000000049e-04	2.619527999999999983e-11	5.290195309361911012e-04
6.275862499999999410e-04	2.615398000000000161e-11	5.270147404799067946e-04
6.244716800000000255e-04	2.610215999999999871e-11	5.287804649956020977e-04
6.213570399999999560e-04	2.596172799999999913e-11	5.374557349932695309e-04
6.182424700000000405e-04	2.575535799999999907e-11	5.290028733316926501e-04
6.151279099999999765e-04	2.561342800000000071e-11	5.283459177708577353e-04
6.120133400000000610e-04	2.555859500000000011e-11	5.393679725142630369e-04
6.088987700000000371e-04	2.542025100000000063e-11	5.292706588372237970e-04
6.057842099999999732e-04	2.533749099999999907e-11	5.343956380257179877e-04
6.026696399999999492e-04	2.517388200000000051e-11	5.338141299323564005e-04
5.995550799999999937e-04	2.507078900000000028e-11	5.252549242161894290e-04
5.964405099999999698e-04	2.501770000000000153e-11	5.366637077401729397e-04
5.933259400000000542e-04	2.484145900000000049e-11	5.312415162975252453e-04
5.902113799999999903e-04	2.465413499999999933e-11	5.230690980766005815e-04
5.870968099999999664e-04	2.457729000000000018e-11	5.320296903603334050e-04
5.839822399999999424e-04	2.445990800000000059e-11	5.305962905988037418e-04
5.808675999999999813e-04	2.432025599999999892e-11	5.347594476563627105e-04
5.777530400000000258e-04	2.410166299999999983e-11	5.272279394753241538e-04
5.746384700000000019e-04	2.401273800000000018e-11	5.298534566545600290e-04
5.715238999999999779e-04	2.389982099999999961e-11	5.342162384051397147e-04
5.684093400000000225e-04	2.373515400000000099e-11	5.341617498855191423e-04
5.652947699999999985e-04	2.365800600000000141e-11	5.323237750312378828e-04
5.621802100000000430e-04	2.351990000000000038e-11	5.322829022770627673e-04
5.590656400000000191e-04	2.335753300000000146e-11	5.310051795909471236e-04
5.559510699999999951e-04	2.324840699999999856e-11	5.255777797282672496e-04
5.528365100000000396e-04	2.316229799999999922e-11	5.281413127310856945e-04
5.497219400000000157e-04	2.296798200000000079e-11	5.349166440319870009e-04
5.466073799999999518e-04	2.291007999999999925e-11	5.268159720025110621e-04
5.434928100000000362e-04	2.276556500000000146e-11	5.361254632799072016e-04
5.403782400000000123e-04	2.259411399999999962e-11	5.318663318805402817e-04
5.372636000000000512e-04	2.249221100000000133e-11	5.291803182573596737e-04
5.341490399999999873e-04	2.241193499999999905e-11	5.330520731098536795e-04
5.310344699999999633e-04	2.233090799999999946e-11	5.376395950012379703e-04
5.279198999999999394e-04	2.212863700000000040e-11	5.327219945871922244e-04
5.248053399999999839e-04	2.195417499999999879e-11	5.286100277097022584e-04
5.216907699999999599e-04	2.184170600000000157e-11	5.382421895462492214e-04
5.185762000000000444e-04	2.173320600000000137e-11	5.313799936583065786e-04
5.154616399999999805e-04	2.162551600000000024e-11	5.303481687496966555e-04
5.123470699999999566e-04	2.146682699999999839e-11	5.291180810944351746e-04
5.092325100000000011e-04	2.130343999999999874e-11	5.278810632926910851e-04
5.061179399999999771e-04	2.119983899999999929e-11	5.320463347893119362e-04
5.030033699999999532e-04	2.109190399999999890e-11	5.331895111028331184e-04
4.998888099999999977e-04	2.096318400000000064e-11	5.331316892754387566e-04
4.967741700000000366e-04	2.079973500000000073e-11	5.285673077458321505e-04
4.936596000000000126e-04	2.068250599999999899e-11	5.301896657689588723e-04
4.905450299999999887e-04	2.060622900000000138e-11	5.320041695375177975e-04
4.874304699999999790e-04	2.049402499999999880e-11	5.332116245176431266e-04
4.843158999999999550e-04	2.034699700000000113e-11	5.345241241521897025e-04
4.812013399999999995e-04	2.014363800000000085e-11	5.342278703059262501e-04
4.780867700000000298e-04	2.000219800000000100e-11	5.324914520284026185e-04
4.749722000000000059e-04	1.988943599999999942e-11	5.322867449867650733e-04
4.718576399999999962e-04	1.977466799999999985e-11	5.370733931195132869e-04
4.687430699999999722e-04	1.960415299999999873e-11	5.328684545567648765e-04
4.656285000000000025e-04	1.949254799999999943e-11	5.369561327613034700e-04
4.625139399999999928e-04	1.941276100000000156e-11	5.342409316715749116e-04
4.593993700000000230e-04	1.917997000000000072e-11	5.374084730913300696e-04
4.562848099999999591e-04	1.909676400000000019e-11	5.357089427956934855e-04
4.531701699999999980e-04	1.895163500000000016e-11	5.262450266647369880e-04
4.500555999999999741e-04	1.885505300000000064e-11	5.278932691035869438e-04
4.469410300000000043e-04	1.875759399999999892e-11	5.340238758143996340e-04
4.438264699999999946e-04	1.860166699999999851e-11	5.340994202556202447e-04
4.407119000000000249e-04	1.848915300000000116e-11	5.333718651162873501e-04
4.375973300000000009e-04	1.831295399999999851e-11	5.396767481868989386e-04
4.344827699999999912e-04	1.824238299999999897e-11	5.360769937689282812e-04
4.313681999999999673e-04	1.820297000000000114e-11	5.327217288758325170e-04
4.282536399999999576e-04	1.800925600000000127e-11	5.338725767044579656e-04
4.251390699999999878e-04	1.780116700000000086e-11	5.316345109149675724e-04
4.220245000000000181e-04	1.765565100000000037e-11	5.356876316199458759e-04
4.189099400000000084e-04	1.757002499999999874e-11	5.371352764301897190e-04
4.157953699999999845e-04	1.736827700000000108e-11	5.361582600439072097e-04
4.126807300000000234e-04	1.729386899999999993e-11	5.391543704072562131e-04
4.095661599999999994e-04	1.718002000000000094e-11	5.366689507806664565e-04
4.064515999999999897e-04	1.706010499999999963e-11	5.351339234837871901e-04
4.033370299999999658e-04	1.698404099999999896e-11	5.369197768913674951e-04
4.002224699999999561e-04	1.685299999999999857e-11	5.380447080730318488e-04
3.971079000000000405e-04	1.669055299999999870e-11	5.334896876408441692e-04
3.939933300000000166e-04	1.660567200000000061e-11	5.308799232467807270e-04
3.908787700000000069e-04	1.648038000000000050e-11	5.338596062938195377e-04
3.877641999999999829e-04	1.632376899999999945e-11	5.357082818759531084e-04
3.846496299999999590e-04	1.615277399999999912e-11	5.350365243667821102e-04
3.815350700000000577e-04	1.602000000000000000e-11	5.291638241770711291e-04
3.784205000000000338e-04	1.590906899999999880e-11	5.336574495401193120e-04
3.753059400000000241e-04	1.573730699999999839e-11	5.350829338681358004e-04
3.721913700000000001e-04	1.559871300000000000e-11	5.372076163486507686e-04
3.690767300000000390e-04	1.554371400000000051e-11	5.429626743030974319e-04
3.659621600000000151e-04	1.540270899999999973e-11	5.410105669093675119e-04
3.628476000000000054e-04	1.527203900000000025e-11	5.373067245080412162e-04
3.597330299999999814e-04	1.517219300000000032e-11	5.357873763305814148e-04
3.566184599999999575e-04	1.503606399999999994e-11	5.408554738236500455e-04
3.535039000000000020e-04	1.489855500000000103e-11	5.403505624905954310e-04
3.503893300000000322e-04	1.471937800000000150e-11	5.380358587222373824e-04
3.472747700000000225e-04	1.455240100000000065e-11	5.368917397715027972e-04
3.441601999999999986e-04	1.453237199999999974e-11	5.421666653135962747e-04
3.410456299999999746e-04	1.440082000000000002e-11	5.412613956777270405e-04
3.379310700000000191e-04	1.421534800000000006e-11	5.368768511227515290e-04
3.348164999999999952e-04	1.408718500000000022e-11	5.382981301112558506e-04
3.317019300000000255e-04	1.398848499999999944e-11	5.383679341785614289e-04
3.285872900000000102e-04	1.387942700000000025e-11	5.358422739012898024e-04
3.254727300000000005e-04	1.370480900000000068e-11	5.398577680999926045e-04
3.223581600000000307e-04	1.360146599999999991e-11	5.438516938834879206e-04
3.192435999999999668e-04	1.349888799999999970e-11	5.428352315079941742e-04
3.161290299999999971e-04	1.336270500000000046e-11	5.411240053403506981e-04
3.130144599999999731e-04	1.329480300000000038e-11	5.348939969170137193e-04
3.098998999999999634e-04	1.313693400000000013e-11	5.458643094475483862e-04
3.067853299999999937e-04	1.302505100000000029e-11	5.360581631478391609e-04
3.036707600000000239e-04	1.287898899999999966e-11	5.391624636858550514e-04
3.005562000000000142e-04	1.275347599999999961e-11	5.419004079545140275e-04
2.974416299999999903e-04	1.260780500000000012e-11	5.397992175720779618e-04
2.943270699999999806e-04	1.247713899999999971e-11	5.438283936775302431e-04
2.912125000000000108e-04	1.236223599999999975e-11	5.363385816256128254e-04
2.880979299999999869e-04	1.226271699999999956e-11	5.429880232060246663e-04
2.849832899999999716e-04	1.213982200000000021e-11	5.452123477152531804e-04
2.818687300000000161e-04	1.200424200000000010e-11	5.421944660010329748e-04
2.787541599999999922e-04	1.183531600000000022e-11	5.373808391491724122e-04
2.756395899999999682e-04	1.169335800000000023e-11	5.400714264507929050e-04
2.725250300000000127e-04	1.157445999999999953e-11	5.404630008515269981e-04
2.694104599999999888e-04	1.143916299999999961e-11	5.449060979317186734e-04
2.662958899999999648e-04	1.135093199999999992e-11	5.366226505152480591e-04
2.631813300000000093e-04	1.124086199999999977e-11	5.420404972700892899e-04
2.600667599999999854e-04	1.107141999999999929e-11	5.447891133648983652e-04
2.569522000000000299e-04	1.097080499999999972e-11	5.425215063085979308e-04
2.538376300000000059e-04	1.085870899999999971e-11	5.392688549802994230e-04
2.507230599999999820e-04	1.070947000000000041e-11	5.412182806122135814e-04
2.476085000000000265e-04	1.055497499999999946e-11	5.446483977072528798e-04
2.444938600000000112e-04	1.045746500000000062e-11	5.390249709495206895e-04
2.413792899999999872e-04	1.031784499999999964e-11	5.545069394849211396e-04
2.382647200000000175e-04	1.019301499999999966e-11	5.417009428336551097e-04
2.351501600000000078e-04	1.001255700000000059e-11	5.413101095534488113e-04
2.320355899999999839e-04	9.904123500000000010e-12	5.490048099996259296e-04
2.289210300000000013e-04	9.768112499999999895e-12	5.435340289228305245e-04
2.258064600000000044e-04	9.569388699999999937e-12	5.448060906081670209e-04
2.226918900000000076e-04	9.491608000000000242e-12	5.444480654448511465e-04
2.195773299999999979e-04	9.351470100000000801e-12	5.506143229092680608e-04
2.164627600000000010e-04	9.262766799999999890e-12	5.462824112258055087e-04
2.133481900000000042e-04	9.137719200000000309e-12	5.439669100793163804e-04
2.102336299999999945e-04	9.025916299999999859e-12	5.466636932061222452e-04
2.071190599999999976e-04	8.866626199999999982e-12	5.495234313273664054e-04
2.040045000000000150e-04	8.759363900000000180e-12	5.453058109725190082e-04
2.008898599999999997e-04	8.619278900000000580e-12	5.445628775953505109e-04
1.977752899999999758e-04	8.473035600000000300e-12	5.458653829399220470e-04
1.946607200000000060e-04	8.353145400000000379e-12	5.474469279286828293e-04
1.915461599999999963e-04	8.242501300000000011e-12	5.425936509926581773e-04
1.884315900000000266e-04	8.078520500000000080e-12	5.483096769588365060e-04
1.853170200000000027e-04	7.926171900000000634e-12	5.468867392362969674e-04
1.822024599999999930e-04	7.815379400000000225e-12	5.475563346005455538e-04
1.790878900000000232e-04	7.708549899999999847e-12	5.466071065385391193e-04
1.759733299999999864e-04	7.555241200000000315e-12	5.445938388216950551e-04
1.728587599999999896e-04	7.469547499999999985e-12	5.500327392367998069e-04
1.697441900000000198e-04	7.323051000000000559e-12	5.442451891878888294e-04
1.666296299999999830e-04	7.170510700000000311e-12	5.507448370226304983e-04
1.635150599999999862e-04	7.021674500000000082e-12	5.488844344258047084e-04
1.604004199999999980e-04	6.920859699999999884e-12	5.503157494124862829e-04
1.572858500000000011e-04	6.783814000000000239e-12	5.511046969528284175e-04
1.541712899999999914e-04	6.635065799999999918e-12	5.506803582243890690e-04
1.510567199999999946e-04	6.517898199999999693e-12	5.493175081954503611e-04
1.479421600000000120e-04	6.351673099999999907e-12	5.516299005586254882e-04
1.448276600000000065e-04	6.245773900000000184e-12	5.493102920870632060e-04
1.417130199999999912e-04	6.109538199999999603e-12	5.541221428759223475e-04
1.385983800000000030e-04	5.979665099999999701e-12	5.494116150080696195e-04
1.354838899999999847e-04	5.873513000000000198e-12	5.528546434075209222e-04
1.323692499999999965e-04	5.749567500000000280e-12	5.497458625474076601e-04
1.292547600000000052e-04	5.605439300000000397e-12	5.487411976603315126e-04
1.261401200000000170e-04	5.479732600000000003e-12	5.476850568017744506e-04
1.230256299999999987e-04	5.365516199999999767e-12	5.525246650649053666e-04
1.199109899999999969e-04	5.239961199999999703e-12	5.506439496744510234e-04
1.167964900000000050e-04	5.097138399999999711e-12	5.509677384094221206e-04
1.136818499999999897e-04	4.991174599999999855e-12	5.462701273638172596e-04
1.105673599999999984e-04	4.852218500000000041e-12	5.551096395346311182e-04
1.074527199999999967e-04	4.693514700000000149e-12	5.545415766797591505e-04
1.043382300000000054e-04	4.550556999999999832e-12	5.464192312360004276e-04
1.012235899999999901e-04	4.379821599999999926e-12	5.552725943793714513e-04
9.810894700000000039e-05	4.245863599999999902e-12	5.509002203913284518e-04
9.499445599999999958e-05	4.139480400000000279e-12	5.513969211713046041e-04
9.187981499999998828e-05	4.001137100000000399e-12	5.518164051926248989e-04
8.876532300000000502e-05	3.886576800000000359e-12	5.551777810465906987e-04
8.565068199999999372e-05	3.738725499999999991e-12	5.535117179844638953e-04
8.253619099999999291e-05	3.577997899999999900e-12	5.561453974249339679e-04
7.942154999999999517e-05	3.494539900000000115e-12	5.544546626218657031e-04
7.630705799999999836e-05	3.357931600000000127e-12	5.543828708650473582e-04
7.319241799999999661e-05	3.195454100000000025e-12	5.534434214777112730e-04
7.007792599999999980e-05	3.072657400000000070e-12	5.578294983932180007e-04
6.696328500000000206e-05	2.932140900000000181e-12	5.591832641917171033e-04
6.384879400000000125e-05	2.808107899999999835e-12	5.515027801244677848e-04
6.073415300000000350e-05	2.649824800000000057e-12	5.573791569261015528e-04
5.761966099999999991e-05	2.518156699999999959e-12	5.543216542842284477e-04
5.450502000000000217e-05	2.389772799999999823e-12	5.521741641896100441e-04
5.139038000000000042e-05	2.250045599999999974e-12	5.512239029137567733e-04
4.827588800000000361e-05	2.137633399999999994e-12	5.514013424609512815e-04
4.516124699999999909e-05	1.987183899999999848e-12	5.609484062838762490e-04
4.204675599999999828e-05	1.851199500000000144e-12	5.480648535069212969e-04
3.893211500000000054e-05	1.734723000000000019e-12	5.534580719451874910e-04
3.581762300000000373e-05	1.600545800000000080e-12	5.566324411418159404e-04
3.270298199999999920e-05	1.481583999999999920e-12	5.512410914745296143e-04
2.958849099999999840e-05	1.322812000000000039e-12	5.515204726450201322e-04
2.647385000000000065e-05	1.201612699999999909e-12	5.596248598705402160e-04
2.335935800000000045e-05	1.065356399999999958e-12	5.549952402514029409e-04
2.024471800000000209e-05	9.031025199999999593e-13	5.525502561216078228e-04
1.713022599999999851e-05	7.596736300000000490e-13	5.538501807780825447e-04
1.401558499999999907e-05	6.433333100000000187e-13	5.545284692758335656e-04
1.090094399999999962e-05	5.264936200000000412e-13	5.573519207382786811e-04
7.786452799999998939e-06	3.864269699999999778e-13	5.560117275759910186e-04
4.671812100000000163e-06	2.347847100000000080e-13	5.555687164993780482e-04
1.557320399999999993e-06	1.117245500000000038e-13	5.522436000050628914e-04
-1.557320399999999993e-06	-4.544784400000000139e-14	5.570232014117565454e-04
-4.671812100000000163e-06	-1.840267299999999949e-13	5.574314949031573515e-04
-7.786452799999998939e-06	-3.199742399999999927e-13	5.554174795074311556e-04
-1.090094399999999962e-05	-4.208721000000000036e-13	5.571732019137285753e-04
-1.401558499999999907e-05	-5.549474199999999578e-13	5.586402952446913300e-04
-1.713007699999999757e-05	-6.961742900000000240e-13	5.564464294098558092e-04
-2.024471800000000209e-05	-8.408358099999999640e-13	5.577668466812247096e-04
-2.335920899999999951e-05	-9.011674899999999709e-13	5.596208411149502984e-04
-2.647385000000000065e-05	-1.061600899999999954e-12	5.560690277171030996e-04
-2.958849099999999840e-05	-1.167856800000000004e-12	5.484946196191325431e-04
-3.270298199999999920e-05	-1.299340599999999937e-12	5.560117192870942145e-04
-3.581762300000000373e-05	-1.423992100000000075e-12	5.509239624694420735e-04
-3.893211500000000054e-05	-1.560217499999999960e-12	5.529136206420824694e-04
-4.204675599999999828e-05	-1.685519200000000014e-12	5.560264527166582614e-04
-4.516124699999999909e-05	-1.821453600000000138e-12	5.542009845154855473e-04
-4.827588800000000361e-05	-1.955706600000000010e-12	5.530696121132453987e-04
-5.139038000000000042e-05	-2.060564399999999972e-12	5.540845037446371930e-04
-5.450502000000000217e-05	-2.209989099999999841e-12	5.583367025328130539e-04
-5.761951199999999898e-05	-2.345757700000000180e-12	5.607817533539955022e-04
-6.073415300000000350e-05	-2.466133899999999943e-12	5.530154115456342853e-04
-6.384864400000000431e-05	-2.601478300000000168e-12	5.570480439854900382e-04
-6.696328500000000206e-05	-2.752888000000000053e-12	5.532512045583097907e-04
-7.007792599999999980e-05	-2.872218299999999880e-12	5.556049083284811309e-04
-7.319241799999999661e-05	-3.013121700000000162e-12	5.565204550557203370e-04
-7.630705799999999836e-05	-3.157601400000000197e-12	5.532436905193951647e-04
-7.942154999999999517e-05	-3.279754699999999921e-12	5.509498314156623501e-04
-8.253619099999999291e-05	-3.394866199999999879e-12	5.523891856976737361e-04
-8.565068199999999372e-05	-3.526037499999999959e-12	5.534773147118662948e-04
-8.876532300000000502e-05	-3.663681800000000227e-12	5.490501121807456327e-04
-9.187981499999998828e-05	-3.782924500000000377e-12	5.552937263120279882e-04
-9.499445599999999958e-05	-3.945584300000000297e-12	5.571949805040645560e-04
-9.810894700000000039e-05	-4.077885200000000162e-12	5.609104125158564024e-04
-1.012235899999999901e-04	-4.206425999999999993e-12	5.504426007190221055e-04
-1.043380799999999949e-04	-4.322008000000000136e-12	5.578762145681131785e-04
-1.074527199999999967e-04	-4.472898999999999882e-12	5.480221638135911698e-04
-1.105672100000000015e-04	-4.596804300000000020e-12	5.493515166848202602e-04
-1.136818499999999897e-04	-4.722141899999999795e-12	5.556592712820309244e-04
-1.167964900000000050e-04	-4.849158799999999619e-12	5.480264236585841945e-04
-1.199109899999999969e-04	-4.985762200000000010e-12	5.488985019832260661e-04
-1.230256299999999987e-04	-5.118827700000000197e-12	5.559267812528271777e-04
-1.261401200000000170e-04	-5.276354399999999944e-12	5.490953568301466890e-04
-1.292547600000000052e-04	-5.375552399999999821e-12	5.492956512531280231e-04
-1.323692499999999965e-04	-5.528793099999999681e-12	5.435117511687783233e-04
-1.354838899999999847e-04	-5.673055799999999658e-12	5.520020907998499570e-04
-1.385983800000000030e-04	-5.798826299999999722e-12	5.540033290433337733e-04
-1.417130199999999912e-04	-5.919831899999999713e-12	5.462523430509430133e-04
-1.448275100000000096e-04	-6.037249699999999775e-12	5.524118211194437543e-04
-1.479421600000000120e-04	-6.176790799999999631e-12	5.508502083473939973e-04
-1.510566500000000032e-04	-6.344843899999999680e-12	5.491467279096011152e-04
-1.541712899999999914e-04	-6.455789899999999841e-12	5.513605019497124600e-04
-1.572859299999999796e-04	-6.594545700000000352e-12	5.504184245494531027e-04
-1.604004199999999980e-04	-6.712043699999999858e-12	5.456602550683143467e-04
-1.635150599999999862e-04	-6.838961299999999713e-12	5.486532625895793871e-04
-1.666295500000000045e-04	-7.000677800000000359e-12	5.469593172202722592e-04
-1.697441900000000198e-04	-7.109960199999999841e-12	5.453309393235014797e-04
-1.728586899999999982e-04	-7.216575900000000392e-12	5.474802910707042515e-04
-1.759733299999999864e-04	-7.316793899999999390e-12	5.436326757801239733e-04
-1.790878200000000048e-04	-7.453980999999999881e-12	5.430263323187871274e-04
-1.822024599999999930e-04	-7.617216799999999496e-12	5.510973064776467133e-04
-1.853169500000000113e-04	-7.765402900000000069e-12	5.501806350051585302e-04
-1.884315900000000266e-04	-7.887005299999999644e-12	5.412349698704845176e-04
-1.915460799999999908e-04	-8.005641299999999342e-12	5.409871906226728549e-04
-1.946607200000000060e-04	-8.150890599999999354e-12	5.483908784908405644e-04
-1.977753599999999942e-04	-8.284455599999999502e-12	5.429928998272291751e-04
-2.008898599999999997e-04	-8.386973400000000505e-12	5.484407118092136501e-04
-2.040045000000000150e-04	-8.520220099999999471e-12	5.503857783793584960e-04
-2.071189899999999792e-04	-8.675171700000000659e-12	5.504814009875569781e-04
-2.102336299999999945e-04	-8.780944700000000232e-12	5.470217674731158407e-04
-2.133481200000000128e-04	-8.951454199999999790e-12	5.461627577702409713e-04
-2.164627600000000010e-04	-9.088989100000000721e-12	5.456478509566209389e-04
-2.195772500000000194e-04	-9.232327599999999525e-12	5.459282657557172321e-04
-2.226918900000000076e-04	-9.316092999999999854e-12	5.474765091077609140e-04
-2.258063899999999860e-04	-9.472292699999999358e-12	5.426660558824952709e-04
-2.289210300000000013e-04	-9.602232200000000432e-12	5.457168251615125958e-04
-2.320355199999999925e-04	-9.722380000000000422e-12	5.423252507834582046e-04
-2.351501600000000078e-04	-9.840188600000000705e-12	5.436149432054306323e-04
-2.382647999999999960e-04	-9.935276600000000511e-12	5.437492692434918147e-04
-2.413792899999999872e-04	-1.006515899999999932e-11	5.454388078578399548e-04
-2.444939300000000025e-04	-1.018524599999999975e-11	5.420069628404327504e-04
-2.476084200000000209e-04	-1.031463199999999958e-11	5.388475182097455813e-04
-2.507230599999999820e-04	-1.043584700000000009e-11	5.338156721539354674e-04
-2.538375600000000146e-04	-1.053873699999999947e-11	5.453983548801502211e-04
-2.569522000000000299e-04	-1.060737299999999998e-11	5.379473611284552557e-04
-2.600666899999999940e-04	-1.075711399999999988e-11	5.426447412039037046e-04
-2.631813300000000093e-04	-1.092873300000000014e-11	5.400013701825330872e-04
-2.662958199999999735e-04	-1.105341699999999985e-11	5.367149070807597728e-04
-2.694104599999999888e-04	-1.116817500000000012e-11	5.442313027547359414e-04
-2.725249500000000071e-04	-1.123698499999999930e-11	5.417245144560625409e-04
-2.756395899999999682e-04	-1.142425600000000055e-11	5.443879220785107853e-04
-2.787542299999999835e-04	-1.159334599999999978e-11	5.396167457286925881e-04
-2.818687300000000161e-04	-1.169270199999999959e-11	5.357282462654096127e-04
-2.849833699999999772e-04	-1.183785899999999963e-11	5.424967698419256180e-04
-2.880978599999999955e-04	-1.196393199999999984e-11	5.405003982039465610e-04
-2.912125000000000108e-04	-1.209765500000000072e-11	5.378905020448847924e-04
-2.943269899999999750e-04	-1.218054100000000070e-11	5.402088296058668885e-04
-2.974416299999999903e-04	-1.232259700000000071e-11	5.396206599602039857e-04
-3.005561200000000086e-04	-1.247075199999999949e-11	5.309133115147003645e-04
-3.036707600000000239e-04	-1.260546199999999983e-11	5.378655451787399356e-04
-3.067852600000000023e-04	-1.271477799999999932e-11	5.333550967891164405e-04
-3.098998999999999634e-04	-1.285528699999999973e-11	5.322822164616484346e-04
-3.130143899999999818e-04	-1.298779699999999994e-11	5.359420966509939295e-04
-3.161290299999999971e-04	-1.311909300000000051e-11	5.483106572216309453e-04
-3.192435200000000154e-04	-1.324353199999999935e-11	5.425207848976889473e-04
-3.223581600000000307e-04	-1.334139699999999956e-11	5.339156815601039680e-04
-3.254727999999999918e-04	-1.345817799999999957e-11	5.406282693190371524e-04
-3.285872900000000102e-04	-1.359052400000000042e-11	5.427801504120908539e-04
-3.317019300000000255e-04	-1.373427499999999986e-11	5.436593803375694292e-04
-3.348164300000000039e-04	-1.374731500000000038e-11	5.374570851537957723e-04
-3.379310700000000191e-04	-1.383672500000000050e-11	5.357654682378470458e-04
-3.410455600000000375e-04	-1.397315200000000003e-11	5.368654513686193239e-04
-3.441601999999999986e-04	-1.421807800000000080e-11	5.300061961403300728e-04
-3.472746899999999627e-04	-1.431499300000000029e-11	5.361474272522648733e-04
-3.503893300000000322e-04	-1.448825099999999996e-11	5.388161816470386778e-04
-3.535038199999999964e-04	-1.463679400000000138e-11	5.381043540406250198e-04
-3.566184599999999575e-04	-1.474693800000000063e-11	5.404588896090381902e-04
-3.597329600000000443e-04	-1.484461200000000044e-11	5.381643809883537594e-04
-3.628476000000000054e-04	-1.501882100000000140e-11	5.359833491019096738e-04
-3.659622399999999665e-04	-1.510912900000000130e-11	5.378101866944052720e-04
-3.690767300000000390e-04	-1.520397500000000035e-11	5.385198545227619024e-04
-3.721913700000000001e-04	-1.533726299999999892e-11	5.338505864704885936e-04
-3.753058599999999643e-04	-1.547527699999999854e-11	5.328639757633138550e-04
-3.784205000000000338e-04	-1.564714200000000025e-11	5.360010965182549023e-04
-3.815349899999999979e-04	-1.578820399999999839e-11	5.362904098615603032e-04
-3.846496299999999590e-04	-1.589766299999999965e-11	5.343232512524451324e-04
-3.877641300000000458e-04	-1.602390999999999851e-11	5.341951326021573401e-04
-3.908787700000000069e-04	-1.614967199999999852e-11	5.423200324114199004e-04
-3.939932599999999710e-04	-1.627708400000000104e-11	5.347272423898799011e-04
-3.971079000000000405e-04	-1.630558500000000054e-11	5.291130237379630934e-04
-4.002223900000000047e-04	-1.648319700000000138e-11	5.326082453414344043e-04
-4.033370299999999658e-04	-1.662448000000000107e-11	5.309089210125071115e-04
-4.064516700000000353e-04	-1.673180900000000060e-11	5.375695715542874080e-04
-4.095661599999999994e-04	-1.686687799999999977e-11	5.311779752503783657e-04
-4.126807999999999605e-04	-1.704877200000000061e-11	5.304602014955669357e-04
-4.157953000000000473e-04	-1.714025299999999910e-11	5.365443482050999717e-04
-4.189099400000000084e-04	-1.726533699999999869e-11	5.390549450804720715e-04
-4.220244299999999726e-04	-1.744679200000000138e-11	5.302957044065073709e-04
-4.251390699999999878e-04	-1.750930999999999863e-11	5.333178031025058875e-04
-4.282535600000000062e-04	-1.763585300000000034e-11	5.331088333897361468e-04
-4.313681999999999673e-04	-1.777161599999999947e-11	5.309749321870521881e-04
-4.344826899999999856e-04	-1.793128300000000043e-11	5.312665320740183814e-04
-4.375973300000000009e-04	-1.804780500000000117e-11	5.381885913170846979e-04
-4.407118299999999793e-04	-1.819548899999999947e-11	5.314342158845772584e-04
-4.438264699999999946e-04	-1.829609699999999985e-11	5.315598323000233051e-04
-4.469411100000000099e-04	-1.842495100000000115e-11	5.379735528051187050e-04
-4.500555999999999741e-04	-1.850921300000000057e-11	5.320896201041353793e-04
-4.531702399999999894e-04	-1.856117199999999970e-11	5.330221302972743469e-04
-4.562847300000000077e-04	-1.869959600000000012e-11	5.305544095113696144e-04
-4.593993700000000230e-04	-1.889611899999999949e-11	5.368463259483565245e-04
-4.625138599999999872e-04	-1.910752800000000033e-11	5.323814359787624887e-04
-4.656285000000000025e-04	-1.913045799999999890e-11	5.373711359751946748e-04
-4.687429999999999809e-04	-1.926918999999999940e-11	5.313786281801036312e-04
-4.718576399999999962e-04	-1.942061800000000056e-11	5.330229873757415726e-04
-4.749721300000000145e-04	-1.956793199999999854e-11	5.338400730207438008e-04
-4.780867700000000298e-04	-1.962889899999999871e-11	5.311934357608490706e-04
-4.812012599999999939e-04	-1.978514399999999852e-11	5.346103230749089811e-04
-4.843158999999999550e-04	-1.998675900000000018e-11	5.295097666384213130e-04
-4.874303900000000276e-04	-2.009001000000000115e-11	5.381126182499090457e-04
-4.905450299999999887e-04	-2.019632600000000075e-11	5.286229412636381806e-04
-4.936596800000000182e-04	-2.030536300000000075e-11	5.312989726548739957e-04
-4.967741700000000366e-04	-2.046960999999999925e-11	5.287806845237158840e-04
-4.998888099999999977e-04	-2.062383800000000116e-11	5.316634146723947648e-04
-5.030033000000000160e-04	-2.076304400000000064e-11	5.350244851960042972e-04
-5.061179399999999771e-04	-2.080992100000000002e-11	5.344188488721668320e-04
-5.092324299999999955e-04	-2.098983499999999848e-11	5.322095377644409011e-04
-5.123470699999999566e-04	-2.112658699999999983e-11	5.267407807489257309e-04
-5.154615599999999749e-04	-2.126772000000000018e-11	5.310581560830153784e-04
-5.185762000000000444e-04	-2.132957700000000037e-11	5.267693386537521333e-04
-5.216907000000000228e-04	-2.147884300000000071e-11	5.324898233001040121e-04
-5.248053399999999839e-04	-2.154486000000000156e-11	5.306940987958835409e-04
-5.279198300000000022e-04	-2.174011999999999885e-11	5.347324718975904508e-04
-5.310344699999999633e-04	-2.180376000000000079e-11	5.353367284272109910e-04
-5.341491100000000328e-04	-2.203734900000000023e-11	5.319965480133491843e-04
-5.372636000000000512e-04	-2.213650100000000021e-11	5.318477422311064431e-04
-5.403782400000000123e-04	-2.224204500000000007e-11	5.407500624949892164e-04
-5.434927299999999222e-04	-2.238899300000000002e-11	5.330531508800706109e-04
-5.466073799999999518e-04	-2.248718199999999985e-11	5.281072934660241500e-04
-5.497218699999999701e-04	-2.260647899999999985e-11	5.343197196159317356e-04
-5.528365100000000396e-04	-2.272355199999999878e-11	5.345606888661679976e-04
-5.559510000000000580e-04	-2.278030200000000093e-11	5.278823018846382983e-04
-5.590656400000000191e-04	-2.290971400000000123e-11	5.347618913296414136e-04
-5.621801299999999290e-04	-2.312530700000000043e-11	5.292920871788737124e-04
-5.652947699999999985e-04	-2.328439200000000146e-11	5.346855872021331847e-04
-5.684092600000000169e-04	-2.331917599999999931e-11	5.297252340480537117e-04
-5.715238999999999779e-04	-2.340643299999999896e-11	5.317919173790849061e-04
-5.746385500000000075e-04	-2.355003299999999847e-11	5.251224973831387357e-04
-5.777530400000000258e-04	-2.375790700000000078e-11	5.286183738183606109e-04
-5.808676799999999869e-04	-2.393165699999999850e-11	5.314392614011139489e-04
-5.839821700000000053e-04	-2.404320700000000160e-11	5.330680746525274724e-04
-5.870968099999999664e-04	-2.420807299999999877e-11	5.255921248624697206e-04
-5.902112999999999847e-04	-2.422461700000000092e-11	5.373225706161941775e-04
-5.933259400000000542e-04	-2.432094800000000095e-11	5.313166125054772119e-04
-5.964404299999999642e-04	-2.452221599999999940e-11	5.342856430523532400e-04
-5.995550799999999937e-04	-2.471157800000000087e-11	5.319200062163480366e-04
-6.026695700000000121e-04	-2.483814500000000028e-11	5.308231958104524164e-04
-6.057842099999999732e-04	-2.493478699999999889e-11	5.288410294814319991e-04
-6.088986999999999915e-04	-2.499706299999999862e-11	5.384521635748805565e-04
-6.120133400000000610e-04	-2.517414899999999955e-11	5.319152467411738172e-04
-6.151279800000000221e-04	-2.523758100000000097e-11	5.357233768367958109e-04
-6.182424700000000405e-04	-2.533418299999999910e-11	5.306840083822168125e-04
-6.213571100000000015e-04	-2.547591800000000123e-11	5.311219663524524440e-04
-6.244716000000000199e-04	-2.562572399999999987e-11	5.304761260815853792e-04
-6.275862499999999410e-04	-2.576979899999999893e-11	5.329078346739833574e-04
-6.307007400000000678e-04	-2.591791500000000104e-11	5.278816797283545584e-04
-6.338153800000000289e-04	-2.607123499999999902e-11	5.309116856806412937e-04
-6.369298700000000472e-04	-2.620276899999999966e-11	5.284144999379938347e-04
-6.400445100000000083e-04	-2.630578899999999976e-11	5.338736143795852138e-04
-6.431589999999999183e-04	-2.649520700000000125e-11	5.326967473371257067e-04
-6.462736400000000962e-04	-2.654752799999999932e-11	5.317698747591213370e-04
-6.493881300000000061e-04	-2.664304400000000063e-11	5.308395911398266142e-04
-6.525027799999999273e-04	-2.676392100000000151e-11	5.332001505920001914e-04
-6.556172700000000540e-04	-2.697241899999999891e-11	5.372921273708593888e-04
-6.587319100000000151e-04	-2.706147600000000044e-11	5.301776050071223658e-04
-6.618465499999999762e-04	-2.717515799999999995e-11	5.341962388546205639e-04
-6.649610399999999946e-04	-2.726489299999999866e-11	5.282977261280679933e-04
-6.680756799999999556e-04	-2.740786600000000135e-11	5.339452262611545314e-04
-6.711901700000000824e-04	-2.757711099999999958e-11	5.394709664971881731e-04
-6.743048100000000435e-04	-2.772385400000000075e-11	5.338661623508866687e-04
-6.774193000000000619e-04	-2.777023099999999907e-11	5.297171317204539586e-04
-6.805339499999999830e-04	-2.790602100000000085e-11	5.362167662863046502e-04
-6.836484399999998929e-04	-2.804740799999999919e-11	5.300671562959084586e-04
-6.867630800000000708e-04	-2.817798100000000084e-11	5.252617863243367637e-04
-6.898775699999999808e-04	-2.827196100000000081e-11	5.313122335834221744e-04
-6.929922099999999419e-04	-2.840287200000000047e-11	5.326902341135435984e-04
-6.961066999999999602e-04	-2.853130599999999843e-11	5.242251099607176312e-04
-6.992213399999999213e-04	-2.867254499999999857e-11	5.284202337541475886e-04
-7.023359799999999908e-04	-2.881245399999999997e-11	5.329328204370340242e-04
-7.054504799999999692e-04	-2.895127899999999922e-11	5.283698271250276447e-04
-7.085651199999999303e-04	-2.908312700000000018e-11	5.290754268110145356e-04
-7.116796100000000571e-04	-2.922409899999999806e-11	5.356574262657124363e-04
-7.147942500000000181e-04	-2.934622000000000296e-11	5.306591027841739156e-04
-7.179087400000000365e-04	-2.944561299999999989e-11	5.269748749267213908e-04
-7.210233799999999976e-04	-2.950583500000000299e-11	5.332107940343036936e-04
-7.241378699999999075e-04	-2.963438499999999682e-11	5.271354680584299868e-04
-7.272525100000000855e-04	-2.973157099999999927e-11	5.283543714540470766e-04
-7.303669999999999954e-04	-2.982871200000000159e-11	5.348593063195274111e-04
-7.334816500000000249e-04	-3.005900399999999772e-11	5.253914815479139013e-04
-7.365961399999999349e-04	-3.017168500000000100e-11	5.214531358256573176e-04
-7.397107800000000044e-04	-3.017970899999999947e-11	5.282467753107186314e-04
-7.428254199999999655e-04	-3.027199699999999853e-11	5.224707263091683297e-04
-7.459399099999999838e-04	-3.048746700000000104e-11	5.291285146817269452e-04
-7.490545499999999449e-04	-3.071995399999999764e-11	5.320944201276394834e-04
-7.521690399999999633e-04	-3.078746300000000028e-11	5.282970189468193202e-04
-7.552836800000000328e-04	-3.095489799999999733e-11	5.349121074193395001e-04
-7.583981800000000112e-04	-3.112148699999999716e-11	5.298242913859736464e-04
-7.615128199999999722e-04	-3.130885100000000202e-11	5.265999969077810343e-04
-7.646273100000000990e-04	-3.139390099999999750e-11	5.282659490631542217e-04
-7.677419500000000601e-04	-3.149227099999999842e-11	5.301064743982945426e-04
-7.708564399999999700e-04	-3.159572600000000083e-11	5.293569373283365078e-04
-7.739710800000000395e-04	-3.179669400000000059e-11	5.251813466539749465e-04
-7.770855699999999495e-04	-3.192432099999999798e-11	5.306517271143849088e-04
-7.802002099999999106e-04	-3.198391600000000102e-11	5.350003474176477040e-04
-7.833148500000000885e-04	-3.214295100000000227e-11	5.260588028653277520e-04
-7.864293499999999585e-04	-3.230957200000000118e-11	5.296380410090905733e-04
-7.895439899999999196e-04	-3.231800599999999722e-11	5.332826188957888328e-04
-7.926584800000000463e-04	-3.243902399999999872e-11	5.256967301755921659e-04
-7.957731200000000074e-04	-3.253113800000000072e-11	5.286017784421982507e-04
-7.988876100000000258e-04	-3.267203199999999881e-11	5.266663869565581203e-04
-8.020022499999999869e-04	-3.290382899999999777e-11	5.278122384971343757e-04
-8.051167400000000052e-04	-3.306208400000000111e-11	5.366592795877307741e-04
-8.082313800000000747e-04	-3.317513299999999711e-11	5.276295629481669771e-04
-8.113458799999999447e-04	-3.329522099999999812e-11	5.301439065768071782e-04
-8.144605200000000142e-04	-3.343278800000000143e-11	5.290132070307859051e-04
-8.175750099999999241e-04	-3.347656200000000285e-11	5.323961121053848470e-04
-8.206896499999998852e-04	-3.352191799999999986e-11	5.314515338321869559e-04
-8.238041400000000120e-04	-3.355030100000000232e-11	5.284971801959719188e-04
-8.269187799999999731e-04	-3.384981199999999947e-11	5.284812298313508070e-04
-8.300334199999999342e-04	-3.396438699999999750e-11	5.292347113664345711e-04
-8.331479099999999525e-04	-3.393103899999999819e-11	5.281385580808937172e-04
-8.362625499999999136e-04	-3.403559400000000228e-11	5.294910736055969758e-04
-8.393770500000000004e-04	-3.416296399999999995e-11	5.309830806678694738e-04
-8.424916899999999615e-04	-3.436713399999999988e-11	5.272878137577046483e-04
-8.456061800000000883e-04	-3.460323700000000300e-11	5.248864708218510316e-04
-8.487208200000000494e-04	-3.478253799999999979e-11	5.287036188998681455e-04
-8.518353100000000677e-04	-3.478307199999999786e-11	5.255136477064799435e-04
-8.549499500000000288e-04	-3.493736600000000233e-11	5.294198186804910692e-04
-8.580644399999999387e-04	-3.502212399999999727e-11	5.307919626447301720e-04
-8.611790800000001167e-04	-3.511420000000000319e-11	5.285904444493248972e-04
-8.642935799999999866e-04	-3.516863900000000253e-11	5.347755488561997759e-04
-8.674082199999999477e-04	-3.539624099999999678e-11	5.351287104373113595e-04
-8.705228600000000172e-04	-3.550288200000000305e-11	5.263210081617363196e-04
-8.736373499999999272e-04	-3.566221300000000069e-11	5.359158541877793005e-04
-8.767519899999999967e-04	-3.581435100000000135e-11	5.419729317683499165e-04
-8.798664800000000150e-04	-3.596435299999999681e-11	5.262181574215739951e-04
-8.829811199999999761e-04	-3.613520600000000241e-11	5.243773358181305980e-04
-8.860956099999999945e-04	-3.616060899999999714e-11	5.309583654058106384e-04
-8.892102499999999556e-04	-3.625207800000000163e-11	5.300285011175824221e-04
-8.923247500000000424e-04	-3.634625900000000130e-11	5.228213478442051820e-04
-8.954393900000000035e-04	-3.651951299999999704e-11	5.272263295779190976e-04
-8.985538799999999134e-04	-3.658899600000000183e-11	5.305658217081131054e-04
-9.016685200000000913e-04	-3.662595599999999888e-11	5.288641972654557983e-04
-9.047830100000000013e-04	-3.670346999999999971e-11	5.275396371172070198e-04
-9.078976499999999623e-04	-3.668321499999999759e-11	5.300646418392363944e-04
-9.110122900000000318e-04	-3.693765800000000243e-11	5.309552770686076957e-04
-9.141267799999999418e-04	-3.702638500000000086e-11	5.341307953079576848e-04
-9.172414199999999029e-04	-3.741716300000000221e-11	5.347700818987341639e-04
-9.203559199999999897e-04	-3.756067000000000296e-11	5.346609078786977373e-04
-9.234705599999999508e-04	-3.769291100000000137e-11	5.317075362821155815e-04
-9.265850499999999691e-04	-3.774393600000000094e-11	5.323604889791307918e-04
-9.296996900000000386e-04	-3.787432500000000300e-11	5.322890546550961216e-04
-9.328141800000000570e-04	-3.799993000000000285e-11	5.340804224892878403e-04
-9.359288200000000181e-04	-3.819183199999999716e-11	5.296180522650833578e-04
-9.390433099999999280e-04	-3.837866800000000095e-11	5.287158470524563024e-04
-9.421579499999999975e-04	-3.843181000000000121e-11	5.244847243869923134e-04
-9.452724499999999759e-04	-3.855315399999999702e-11	5.292740141367726324e-04
-9.483870899999999370e-04	-3.866292400000000010e-11	5.337636102782889825e-04
-9.515017300000000065e-04	-3.885547800000000243e-11	5.260093907775225622e-04
-9.546162199999999164e-04	-3.895422500000000126e-11	5.335082451997869360e-04
-9.577308599999999859e-04	-3.896663900000000069e-11	5.321432939099860881e-04
-9.608453500000000043e-04	-3.916038000000000322e-11	5.260595288976707218e-04
-9.639599899999999654e-04	-3.912898500000000041e-11	5.359091289252769161e-04
-9.670744799999999837e-04	-3.927391400000000131e-11	5.258068058440020691e-04
-9.701891199999999448e-04	-3.947825100000000071e-11	5.299179678762280321e-04
-9.733036200000000316e-04	-3.965465800000000065e-11	5.294823635322474468e-04
-9.764182599999999927e-04	-3.984043299999999942e-11	5.301945618627095696e-04
-9.795327500000000111e-04	-3.995400500000000006e-11	5.325900792091104027e-04
-9.826473900000000806e-04	-3.997375300000000031e-11	5.258221887662486256e-04
-9.857618799999998821e-04	-4.005671499999999892e-11	5.307782091239106586e-04
-9.888765200000001684e-04	-3.997702200000000038e-11	5.259396896928762765e-04
-9.919910099999999700e-04	-4.033423199999999821e-11	5.335547734011156056e-04
-9.951056500000000395e-04	-4.054728800000000307e-11	5.293070614333381455e-04
-9.982202900000001090e-04	-4.060744400000000038e-11	5.392997050242517897e-04
-1.001334800000000047e-03	-4.073594900000000055e-11	5.317000206824720873e-04
-1.004449400000000060e-03	-4.084122600000000137e-11	5.324118457488522405e-04
-1.007563900000000038e-03	-4.096854099999999960e-11	5.306093186619852825e-04
-1.010678599999999868e-03	-4.115765700000000124e-11	5.317161265868533071e-04
-1.013793100000000063e-03	-4.123304799999999792e-11	5.293137324665999656e-04
-1.016907700000000076e-03	-4.131648099999999701e-11	5.301608478827398276e-04
-1.020022200000000054e-03	-4.143825600000000251e-11	5.366774225945527199e-04
-1.023136800000000067e-03	-4.147643000000000243e-11	5.282339850206772434e-04
-1.026251300000000045e-03	-4.165760099999999950e-11	5.364461258169697915e-04
-1.029366000000000092e-03	-4.185902000000000110e-11	5.302548694642328928e-04
-1.032480400000000036e-03	-4.198203599999999921e-11	5.323112406359813489e-04
-1.035595099999999866e-03	-4.209002899999999754e-11	5.344002193240244159e-04
-1.038709700000000095e-03	-4.227494000000000162e-11	5.268949155961024896e-04
-1.041824200000000073e-03	-4.234366700000000297e-11	5.315673109712883669e-04
-1.044938900000000120e-03	-4.238336400000000318e-11	5.315608546529658430e-04
-1.048053399999999882e-03	-4.253962099999999698e-11	5.368904670554494824e-04
-1.051167999999999894e-03	-4.260300799999999828e-11	5.299921789478116100e-04
-1.054282500000000089e-03	-4.267019699999999713e-11	5.313084928521160820e-04
-1.057397100000000102e-03	-4.285924399999999771e-11	5.285485434403152044e-04
-1.060511600000000080e-03	-4.297664299999999742e-11	5.281344746512522037e-04
-1.063626299999999910e-03	-4.313961300000000192e-11	5.271232084023643773e-04
-1.066740800000000105e-03	-4.313668900000000067e-11	5.334641331431688943e-04
-1.069855400000000118e-03	-4.330399600000000139e-11	5.257090659329954636e-04
-1.072969899999999879e-03	-4.361809900000000155e-11	5.367619737586201440e-04
-1.076084499999999892e-03	-4.369686899999999718e-11	5.391543015377228730e-04
-1.079199199999999938e-03	-4.376827399999999995e-11	5.243582540480110857e-04
-1.082313699999999917e-03	-4.399983200000000311e-11	5.288871357007039493e-04
-1.085428300000000146e-03	-4.420240900000000111e-11	5.320162684011068514e-04
-1.088542799999999908e-03	-4.436397400000000235e-11	5.297359809097381290e-04
-1.091657399999999920e-03	-4.434206099999999955e-11	5.300785346851221488e-04
-1.094771900000000115e-03	-4.440971899999999772e-11	5.320115121862176860e-04
-1.097886599999999945e-03	-4.460653399999999763e-11	5.329030615722906046e-04
-1.101001099999999924e-03	-4.477406299999999725e-11	5.350512019058890727e-04
-1.104115699999999936e-03	-4.493548199999999822e-11	5.343336086791035475e-04
-1.107230299999999949e-03	-4.501285099999999936e-11	5.361817924471397497e-04
-1.110344699999999893e-03	-4.512400199999999831e-11	5.276010392273027677e-04
-1.113459299999999905e-03	-4.520267100000000026e-11	5.368339006865563857e-04
-1.116573999999999952e-03	-4.526228700000000250e-11	5.270877591387377421e-04
-1.119688599999999964e-03	-4.542837300000000277e-11	5.258666315306159385e-04
-1.122803199999999977e-03	-4.561393999999999779e-11	5.294253668434243786e-04
-1.125917599999999921e-03	-4.571274599999999837e-11	5.308435762041325027e-04
-1.129032199999999934e-03	-4.594533099999999985e-11	5.284166664126701413e-04
-1.132146899999999980e-03	-4.602339999999999795e-11	5.322857408268285564e-04
-1.135261499999999993e-03	-4.617619100000000074e-11	5.349584176651731547e-04
-1.138375799999999903e-03	-4.630908199999999955e-11	5.337718430328318529e-04
-1.141490499999999950e-03	-4.641330700000000056e-11	5.299512628386753802e-04
-1.144605099999999962e-03	-4.652370499999999780e-11	5.269411359588041738e-04
-1.147719800000000009e-03	-4.673549699999999678e-11	5.278227514308318942e-04
-1.150834099999999919e-03	-4.675668899999999696e-11	5.254991429012635402e-04
-1.153948799999999966e-03	-4.686800600000000126e-11	5.287150308748219275e-04
-1.157063399999999978e-03	-4.704516600000000290e-11	5.339658299492717032e-04
-1.160177999999999991e-03	-4.726210700000000154e-11	5.272731770146152916e-04
-1.163292700000000037e-03	-4.721506900000000293e-11	5.375608550442785138e-04
-1.166406999999999947e-03	-4.739463300000000291e-11	5.254033339153383296e-04
-1.169521699999999994e-03	-4.741383000000000175e-11	5.297189741056368504e-04
-1.172636300000000006e-03	-4.751345499999999689e-11	5.303149347367734894e-04
-1.175750900000000019e-03	-4.766421999999999983e-11	5.302425839290329443e-04
-1.178865299999999963e-03	-4.774047799999999941e-11	5.245930255549917810e-04
-1.181979899999999976e-03	-4.799719599999999920e-11	5.342866534968239564e-04
-1.185094600000000022e-03	-4.810697700000000216e-11	5.263275779373704230e-04
-1.188209200000000035e-03	-4.820092599999999716e-11	5.344265924628373169e-04
-1.191323499999999945e-03	-4.819511799999999837e-11	5.303219156516155580e-04
-1.194438199999999992e-03	-4.841265599999999913e-11	5.281220335800097679e-04
-1.197552800000000004e-03	-4.860575800000000115e-11	5.352738752192737464e-04
-1.200667500000000051e-03	-4.870413800000000138e-11	5.318965896479005114e-04
-1.203782100000000063e-03	-4.876564100000000078e-11	5.311057668710645122e-04
-1.206896500000000007e-03	-4.896731999999999738e-11	5.303311986869631376e-04
-1.210011100000000020e-03	-4.911491000000000281e-11	5.273241159133699616e-04
-1.213125700000000032e-03	-4.903397799999999990e-11	5.288242100584124002e-04
-1.216240400000000079e-03	-4.934717199999999878e-11	5.332857914926296709e-04
-1.219354699999999989e-03	-4.958324399999999693e-11	5.256630585514593607e-04
-1.222469400000000036e-03	-4.971499899999999913e-11	5.276532846081532320e-04
-1.225584000000000048e-03	-4.970492399999999929e-11	5.289488355176969175e-04
-1.228698600000000061e-03	-4.993934099999999850e-11	5.321233156162846409e-04
-1.231813000000000005e-03	-4.993490999999999972e-11	5.274170968509975677e-04
-1.234927600000000018e-03	-5.004104399999999766e-11	5.182410808676103653e-04
-1.238042300000000064e-03	-5.022002599999999772e-11	5.301669774371074815e-04
-1.241156900000000077e-03	-5.036102100000000241e-11	5.266783156437495695e-04
-1.244271500000000089e-03	-5.046273099999999916e-11	5.291982783517635517e-04
-1.247385900000000034e-03	-5.050706400000000015e-11	5.256064886195916958e-04
-1.250500500000000046e-03	-5.070400700000000286e-11	5.240177204440094570e-04
-1.253615200000000093e-03	-5.083177300000000295e-11	5.322708817796180164e-04
-1.256729799999999888e-03	-5.082046899999999805e-11	5.220883404985351625e-04
-1.259844200000000049e-03	-5.095887299999999985e-11	5.251169314508201793e-04
-1.262958800000000062e-03	-5.122574600000000042e-11	5.259462215091656196e-04
-1.266073400000000074e-03	-5.129943999999999977e-11	5.339625909804049343e-04
-1.269188099999999904e-03	-5.123686200000000019e-11	5.280076753792991868e-04
-1.272302400000000031e-03	-5.153894699999999688e-11	5.251195740939819867e-04
-1.275417100000000078e-03	-5.174535100000000041e-11	5.257478007930288045e-04
-1.278531699999999873e-03	-5.195457999999999974e-11	5.332487522614184688e-04
-1.281646300000000103e-03	-5.195653599999999796e-11	5.311829118439413341e-04
-1.284760700000000047e-03	-5.205939800000000056e-11	5.285556542287626327e-04
-1.287875300000000060e-03	-5.237960799999999763e-11	5.249741870318793422e-04
-1.290989999999999889e-03	-5.247988199999999907e-11	5.307448448039225495e-04
-1.294104600000000119e-03	-5.236628100000000108e-11	5.242024991353982488e-04
-1.297219199999999914e-03	-5.259819699999999764e-11	5.253443278372909144e-04
-1.300333599999999859e-03	-5.276468799999999906e-11	5.328107541457619955e-04
-1.303448200000000088e-03	-5.288696200000000181e-11	5.322519357142958384e-04
-1.306562900000000135e-03	-5.296305799999999834e-11	5.284252922865093505e-04
-1.309677499999999930e-03	-5.288891499999999830e-11	5.324238503106210356e-04
-1.312791899999999875e-03	-5.310040899999999974e-11	5.249656193662925871e-04
-1.315906500000000104e-03	-5.322219699999999983e-11	5.314466337247341276e-04
-1.319021099999999900e-03	-5.329614899999999947e-11	5.295677661814573566e-04
-1.322135799999999946e-03	-5.333636999999999844e-11	5.240847792484645482e-04
-1.325250100000000073e-03	-5.358621499999999857e-11	5.297939359674743972e-04
-1.328364800000000120e-03	-5.380666399999999954e-11	5.340798157755772104e-04
-1.331479399999999915e-03	-5.380375299999999934e-11	5.351314721423842133e-04
-1.334594000000000145e-03	-5.387369399999999709e-11	5.321901053659218103e-04
-1.337708699999999758e-03	-5.413744499999999844e-11	5.253883332134089102e-04
-1.340822999999999885e-03	-5.433012400000000184e-11	5.249084200501478049e-04
-1.343937699999999931e-03	-5.439070700000000007e-11	5.234042711152481903e-04
-1.347052300000000161e-03	-5.442127699999999839e-11	5.288095599310282859e-04
-1.350166899999999956e-03	-5.457928600000000190e-11	5.243779247628760007e-04
-1.353281299999999901e-03	-5.477999299999999963e-11	5.302372652667039195e-04
-1.356395900000000130e-03	-5.488227200000000172e-11	5.313509816756387680e-04
-1.359510600000000177e-03	-5.505385400000000162e-11	5.254088410328737642e-04
-1.362625199999999972e-03	-5.516003999999999727e-11	5.219198083566525858e-04
-1.365739599999999917e-03	-5.525524800000000173e-11	5.200733035069468081e-04
-1.368854200000000146e-03	-5.535021400000000219e-11	5.268239776127523009e-04
-1.371968799999999941e-03	-5.562473100000000160e-11	5.215422611585384272e-04
-1.375083499999999988e-03	-5.555270799999999751e-11	5.212218057469060343e-04
-1.378198099999999784e-03	-5.556057699999999698e-11	5.361843731274069979e-04
-1.381312500000000162e-03	-5.575275300000000083e-11	5.277956330089865478e-04
-1.384427099999999957e-03	-5.593734899999999755e-11	5.307060894077582532e-04
-1.387541700000000187e-03	-5.603676199999999956e-11	5.249987143353843999e-04
-1.390656399999999800e-03	-5.626763600000000208e-11	5.267990687938805270e-04
-1.393770699999999927e-03	-5.635447999999999920e-11	5.232652847169753365e-04
-1.396885399999999973e-03	-5.618340899999999701e-11	5.300852684445801679e-04
-1.400000000000000203e-03	-5.638409899999999784e-11	5.222649496226284020e-04
