# [DATA]
1.400000000000000203e-03	5.767406999999999681e-11	5.218693464186631784e-04
1.396885399999999973e-03	5.746855400000000183e-11	5.222296361439917895e-04
1.393770899999999995e-03	5.739437700000000155e-11	5.231877107820476300e-04
1.390656199999999948e-03	5.738563799999999746e-11	5.218472763425129795e-04
1.387541700000000187e-03	5.727536199999999955e-11	5.292521327032020722e-04
1.384427099999999957e-03	5.705938199999999990e-11	5.232047855304166337e-04
1.381312599999999979e-03	5.692776499999999982e-11	5.239485052639046006e-04
1.378197999999999966e-03	5.682121800000000257e-11	5.219698299383318746e-04
1.375083499999999988e-03	5.679911700000000111e-11	5.335217456852307024e-04
1.371968799999999941e-03	5.660357599999999994e-11	5.227121840915476079e-04
1.368854299999999963e-03	5.638841800000000305e-11	5.217551218902335237e-04
1.365739699999999951e-03	5.633568600000000036e-11	5.221476911502811449e-04
1.362625199999999972e-03	5.616719899999999702e-11	5.228922182891639330e-04
1.359510600000000177e-03	5.602367499999999938e-11	5.182723398281357521e-04
1.356395900000000130e-03	5.588289600000000305e-11	5.223091910841381937e-04
1.353281400000000152e-03	5.581889500000000275e-11	5.300740490128284712e-04
1.350166799999999922e-03	5.571472099999999887e-11	5.256896352149970043e-04
1.347052300000000161e-03	5.556872699999999710e-11	5.188598331847002563e-04
1.343937699999999931e-03	5.549118800000000122e-11	5.247564530490783164e-04
1.340823199999999953e-03	5.532981400000000038e-11	5.207949849798598155e-04
1.337708499999999906e-03	5.513181200000000027e-11	5.238768261945337366e-04
1.334594000000000145e-03	5.505427000000000266e-11	5.278290731011114857e-04
1.331479399999999915e-03	5.499629599999999833e-11	5.323649742885667221e-04
1.328364899999999937e-03	5.472625499999999782e-11	5.280704747135156257e-04
1.325250299999999925e-03	5.452342400000000183e-11	5.247489124828784391e-04
1.322135799999999946e-03	5.447462600000000182e-11	5.258034726418468101e-04
1.319021099999999900e-03	5.443326699999999863e-11	5.365106902260896333e-04
1.315906599999999921e-03	5.419202899999999747e-11	5.311899214518278709e-04
1.312792000000000125e-03	5.412004500000000297e-11	5.244276498981640918e-04
1.309677399999999896e-03	5.400117199999999894e-11	5.201524967941138387e-04
1.306562900000000135e-03	5.395957299999999937e-11	5.238693651779245154e-04
1.303448200000000088e-03	5.376062100000000016e-11	5.311062024443244812e-04
1.300333700000000110e-03	5.366888200000000137e-11	5.249563995888556359e-04
1.297219099999999880e-03	5.363639400000000092e-11	5.306267582681200310e-04
1.294104600000000119e-03	5.352980599999999939e-11	5.275281611868590887e-04
1.290989999999999889e-03	5.330211299999999785e-11	5.236480436086948190e-04
1.287875499999999911e-03	5.315773200000000309e-11	5.312881568732374764e-04
1.284760799999999864e-03	5.295326299999999858e-11	5.342135084527375576e-04
1.281646300000000103e-03	5.282382899999999851e-11	5.279031096399681424e-04
1.278531699999999873e-03	5.273413699999999878e-11	5.372128930271461746e-04
1.275417199999999895e-03	5.253205899999999803e-11	5.327574919603664553e-04
1.272302600000000099e-03	5.243372399999999792e-11	5.328164256061955527e-04
1.269187900000000053e-03	5.237433399999999690e-11	5.307870004943367886e-04
1.266073400000000074e-03	5.225567199999999835e-11	5.356907542761154325e-04
1.262958800000000062e-03	5.195259499999999770e-11	5.292771981617976074e-04
1.259844300000000084e-03	5.201035400000000071e-11	5.301731454587223181e-04
1.256729699999999854e-03	5.191615499999999710e-11	5.301920027202182244e-04
1.253615200000000093e-03	5.187553199999999872e-11	5.259561373392417083e-04
1.250500500000000046e-03	5.178692499999999847e-11	5.323223442241245768e-04
1.247386000000000068e-03	5.153966799999999950e-11	5.297589295769963976e-04
1.244271400000000055e-03	5.138349100000000017e-11	5.311240825116853156e-04
1.241156800000000043e-03	5.132480599999999899e-11	5.291386369181339715e-04
1.238042300000000064e-03	5.121075399999999915e-11	5.303438955440186765e-04
1.234927700000000052e-03	5.100555700000000091e-11	5.283612698233764024e-04
1.231813100000000039e-03	5.085834199999999869e-11	5.295145433603416643e-04
1.228698600000000061e-03	5.075461199999999909e-11	5.187144016947638041e-04
1.225584000000000048e-03	5.065659999999999803e-11	5.300707469877020527e-04
1.222469400000000036e-03	5.053655100000000015e-11	5.241481808636612840e-04
1.219354899999999841e-03	5.046986800000000258e-11	5.369376632302928689e-04
1.216240200000000011e-03	5.018350999999999848e-11	5.241699651131079231e-04
1.213125700000000032e-03	5.002399900000000033e-11	5.297886528815727017e-04
1.210011100000000020e-03	5.003472999999999758e-11	5.289253032103051391e-04
1.206896600000000042e-03	4.993143100000000121e-11	5.336718406510623184e-04
1.203782000000000029e-03	4.975816299999999739e-11	5.314435278229299358e-04
1.200667400000000017e-03	4.959527600000000202e-11	5.298281251761292106e-04
1.197552800000000004e-03	4.947452499999999956e-11	5.259091237833657959e-04
1.194438300000000026e-03	4.935674099999999732e-11	5.273632315897271985e-04
1.191323700000000013e-03	4.922007599999999772e-11	5.327652809064400757e-04
1.188209100000000001e-03	4.910958399999999791e-11	5.349966680376835870e-04
1.185094600000000022e-03	4.901846300000000045e-11	5.304062561797376644e-04
1.181980000000000010e-03	4.895024300000000097e-11	5.402317742784203082e-04
1.178865399999999997e-03	4.877565399999999713e-11	5.335166346362655698e-04
1.175750900000000019e-03	4.857724300000000003e-11	5.308800067794367797e-04
1.172636300000000006e-03	4.846920799999999685e-11	5.243784655372744604e-04
1.169521699999999994e-03	4.843910999999999957e-11	5.314075831978820391e-04
1.166407200000000016e-03	4.825203800000000172e-11	5.322829327527278361e-04
1.163292499999999969e-03	4.811307900000000266e-11	5.271670465045630478e-04
1.160177999999999991e-03	4.795644799999999975e-11	5.260644468725269619e-04
1.157063399999999978e-03	4.776822000000000020e-11	5.372384887537437438e-04
1.153948799999999966e-03	4.752143500000000227e-11	5.328052115329165277e-04
1.150834299999999987e-03	4.749849500000000116e-11	5.295949174406710527e-04
1.147719699999999975e-03	4.736251300000000163e-11	5.390114902107531140e-04
1.144605099999999962e-03	4.715835699999999686e-11	5.300754133490903847e-04
1.141490599999999984e-03	4.715846800000000278e-11	5.266764782516702645e-04
1.138375999999999971e-03	4.700779300000000009e-11	5.331093378985595366e-04
1.135261399999999959e-03	4.683239899999999685e-11	5.386372883823730079e-04
1.132146899999999980e-03	4.685597000000000032e-11	5.319073224315063820e-04
1.129032199999999934e-03	4.673540700000000299e-11	5.331989395854252241e-04
1.125917699999999955e-03	4.653563300000000102e-11	5.335173422254023759e-04
1.122803099999999943e-03	4.646578599999999937e-11	5.351441689004365898e-04
1.119688499999999930e-03	4.644397400000000318e-11	5.338268589790676113e-04
1.116573999999999952e-03	4.619456899999999855e-11	5.357660199831015650e-04
1.113459399999999939e-03	4.610295800000000256e-11	5.370657031360707252e-04
1.110344800000000144e-03	4.601372799999999811e-11	5.276208662198048896e-04
1.107230299999999949e-03	4.580135600000000035e-11	5.307370316008634030e-04
1.104115699999999936e-03	4.560017600000000100e-11	5.353951093240045265e-04
1.101001099999999924e-03	4.555791199999999883e-11	5.340667906901861014e-04
1.097886599999999945e-03	4.546921200000000305e-11	5.313573742721007130e-04
1.094771999999999933e-03	4.525926200000000111e-11	5.340215483964436821e-04
1.091657399999999920e-03	4.517944999999999850e-11	5.342345437468627159e-04
1.088542799999999908e-03	4.510777199999999970e-11	5.333255327286599802e-04
1.085428300000000146e-03	4.492049099999999752e-11	5.366681001861681915e-04
1.082313699999999917e-03	4.477664400000000083e-11	5.355267115465120681e-04
1.079199199999999938e-03	4.474732400000000030e-11	5.357220626664269299e-04
1.076084499999999892e-03	4.469156300000000038e-11	5.381095283366106206e-04
1.072970000000000130e-03	4.458188000000000229e-11	5.353248220387247418e-04
1.069855400000000118e-03	4.441706000000000259e-11	5.351201164945037538e-04
1.066740800000000105e-03	4.416471700000000155e-11	5.433904951640766657e-04
1.063626299999999910e-03	4.401398299999999712e-11	5.411417128289269362e-04
1.060511699999999898e-03	4.395222700000000030e-11	5.346757644880296024e-04
1.057397100000000102e-03	4.386154300000000307e-11	5.367348454492970253e-04
1.054282599999999907e-03	4.367461300000000318e-11	5.309296223284722550e-04
1.051167999999999894e-03	4.352961700000000237e-11	5.293375049737534090e-04
1.048053399999999882e-03	4.347700000000000144e-11	5.396430387703271417e-04
1.044938900000000120e-03	4.324465400000000222e-11	5.406198211695993280e-04
1.041824200000000073e-03	4.320410300000000017e-11	5.313208272604257997e-04
1.038709700000000095e-03	4.306563399999999962e-11	5.380706590695702712e-04
1.035595099999999866e-03	4.299234899999999727e-11	5.393307966286369458e-04
1.032480499999999853e-03	4.293487799999999896e-11	5.327730705849798671e-04
1.029366000000000092e-03	4.285930299999999946e-11	5.297736779527958831e-04
1.026251400000000079e-03	4.265742300000000315e-11	5.375795393491620633e-04
1.023136800000000067e-03	4.248847499999999865e-11	5.423646493680788806e-04
1.020022300000000088e-03	4.232310000000000169e-11	5.397755180667104498e-04
1.016907700000000076e-03	4.217700499999999977e-11	5.343219071735463887e-04
1.013793100000000063e-03	4.210256400000000219e-11	5.378669444556047775e-04
1.010678599999999868e-03	4.200223199999999958e-11	5.292602576232912281e-04
1.007563900000000038e-03	4.183284600000000073e-11	5.350941800749345204e-04
1.004449400000000060e-03	4.164911499999999928e-11	5.320206451754715517e-04
1.001334800000000047e-03	4.158744900000000272e-11	5.363473559994219510e-04
9.982202900000001090e-04	4.150098000000000236e-11	5.400816977652974542e-04
9.951056500000000395e-04	4.144444199999999980e-11	5.400830642107670330e-04
9.919911600000000211e-04	4.130916099999999780e-11	5.359509464589325926e-04
9.888765200000001684e-04	4.115525599999999817e-11	5.381053427555640423e-04
9.857619599999999961e-04	4.098215900000000258e-11	5.427443421588478648e-04
9.826473900000000806e-04	4.084250300000000183e-11	5.334260110216532472e-04
9.795328199999999482e-04	4.081688099999999699e-11	5.424709274399507671e-04
9.764182599999999927e-04	4.066716800000000034e-11	5.329030219233297323e-04
9.733036899999999688e-04	4.051090000000000018e-11	5.337897283530757767e-04
9.701891199999999448e-04	4.028494900000000257e-11	5.364134882768744608e-04
9.670744799999999837e-04	4.024515799999999980e-11	5.378235030629564080e-04
9.639599899999999654e-04	4.010922500000000270e-11	5.367371158108489963e-04
9.608453500000000043e-04	3.985660799999999859e-11	5.364467092939797718e-04
9.577308599999999859e-04	3.982248900000000011e-11	5.351697165919572664e-04
9.546162199999999164e-04	3.966577400000000041e-11	5.399078886269496457e-04
9.515017300000000065e-04	3.955392299999999805e-11	5.395500822092637793e-04
9.483870899999999370e-04	3.949162499999999855e-11	5.323678856236292896e-04
9.452725200000000215e-04	3.928416299999999819e-11	5.352236210164306980e-04
9.421579499999999975e-04	3.920069800000000002e-11	5.341184043168744526e-04
9.390433900000000420e-04	3.915911000000000034e-11	5.350097005665457742e-04
9.359288200000000181e-04	3.901788299999999743e-11	5.364447100306689873e-04
9.328142599999999542e-04	3.887680799999999826e-11	5.343161621368435138e-04
9.296996900000000386e-04	3.881137800000000022e-11	5.360993562650265450e-04
9.265850499999999691e-04	3.863780500000000128e-11	5.421023515156011673e-04
9.234705599999999508e-04	3.847928600000000063e-11	5.340072140399548936e-04
9.203559199999999897e-04	3.824974399999999801e-11	5.387107523134610637e-04
9.172414199999999029e-04	3.817131000000000247e-11	5.400116057271697745e-04
9.141267799999999418e-04	3.811225999999999739e-11	5.336781639833488135e-04
9.110122900000000318e-04	3.793846800000000127e-11	5.304154652083234792e-04
9.078976499999999623e-04	3.774374199999999881e-11	5.431188106986215014e-04
9.047830799999999384e-04	3.765096899999999767e-11	5.370458753297465034e-04
9.016685200000000913e-04	3.761839499999999927e-11	5.352345443757221179e-04
8.985539500000000674e-04	3.748394299999999761e-11	5.355822950216544004e-04
8.954393900000000035e-04	3.732974999999999974e-11	5.413192211956216731e-04
8.923248199999999795e-04	3.711857899999999735e-11	5.366596121877846093e-04
8.892102499999999556e-04	3.707493700000000104e-11	5.387140010581067603e-04
8.860956900000000001e-04	3.700724799999999789e-11	5.394845154466552072e-04
8.829811199999999761e-04	3.684279300000000210e-11	5.374064101176976530e-04
8.798664800000000150e-04	3.671047499999999802e-11	5.336242408273967740e-04
8.767519899999999967e-04	3.655346500000000251e-11	5.396543094833295686e-04
8.736373499999999272e-04	3.643575000000000133e-11	5.404555096976761163e-04
8.705228600000000172e-04	3.634682100000000261e-11	5.373574938171347785e-04
8.674082199999999477e-04	3.614719300000000091e-11	5.391006616754065624e-04
8.642936499999999238e-04	3.592896799999999777e-11	5.445326241938638293e-04
8.611790800000001167e-04	3.587266199999999988e-11	5.390821605486968140e-04
8.580645200000000528e-04	3.586704899999999733e-11	5.407984601177098782e-04
8.549499500000000288e-04	3.572082599999999908e-11	5.401140761365545934e-04
8.518353800000000049e-04	3.550308300000000276e-11	5.355271719074146787e-04
8.487208200000000494e-04	3.535253699999999699e-11	5.322708721566989098e-04
8.456062500000000254e-04	3.536432300000000225e-11	5.399513156523472451e-04
8.424916899999999615e-04	3.522674499999999905e-11	5.360413874569555301e-04
8.393770500000000004e-04	3.500541900000000234e-11	5.371921346565277115e-04
8.362625499999999136e-04	3.489638100000000177e-11	5.391542047592727104e-04
8.331479099999999525e-04	3.479070200000000153e-11	5.413421359926487778e-04
8.300334199999999342e-04	3.456850099999999732e-11	5.309939401698624299e-04
8.269187799999999731e-04	3.442043899999999730e-11	5.375463294853769902e-04
8.238042900000000631e-04	3.429415800000000142e-11	5.407178598467809278e-04
8.206896499999998852e-04	3.418340299999999843e-11	5.466552473020030436e-04
8.175750800000000781e-04	3.411366999999999796e-11	5.360689059004442904e-04
8.144605200000000142e-04	3.404932599999999999e-11	5.406236925958989850e-04
8.113459499999999902e-04	3.382261799999999837e-11	5.411567859704971215e-04
8.082313800000000747e-04	3.373092800000000202e-11	5.404065530583647328e-04
8.051168200000000108e-04	3.360899099999999993e-11	5.388448437696396814e-04
8.020022499999999869e-04	3.352924500000000311e-11	5.365439264529324936e-04
7.988876100000000258e-04	3.342913399999999883e-11	5.392532982538521258e-04
7.957731200000000074e-04	3.328812900000000129e-11	5.397313384101249008e-04
7.926584800000000463e-04	3.316864499999999998e-11	5.388542776884207210e-04
7.895439899999999196e-04	3.312471100000000313e-11	5.322441661044051550e-04
7.864293499999999585e-04	3.288061500000000004e-11	5.402883430069114904e-04
7.833148500000000885e-04	3.267101900000000211e-11	5.353959844159121009e-04
7.802002099999999106e-04	3.265880999999999824e-11	5.348995888154320973e-04
7.770856499999999551e-04	3.262795899999999927e-11	5.409780419356186162e-04
7.739710800000000395e-04	3.247641700000000015e-11	5.398174962441465224e-04
7.708565100000000156e-04	3.227693499999999872e-11	5.365596127636892195e-04
7.677419500000000601e-04	3.207184899999999993e-11	5.394753839683464648e-04
7.646273800000000362e-04	3.191507100000000264e-11	5.372054693601369287e-04
7.615128199999999722e-04	3.187836799999999885e-11	5.374977919266643893e-04
7.583982499999999483e-04	3.181652200000000178e-11	5.363391213594177840e-04
7.552836800000000328e-04	3.167333399999999777e-11	5.430639712649794554e-04
7.521691199999999689e-04	3.146072599999999949e-11	5.297266524734385628e-04
7.490544800000000078e-04	3.132225000000000136e-11	5.432370456958163967e-04
7.459399099999999838e-04	3.119430099999999903e-11	5.343690761654795555e-04
7.428253399999999599e-04	3.114489599999999759e-11	5.326866705411978592e-04
7.397107800000000044e-04	3.102478300000000153e-11	5.288148118737718336e-04
7.365962099999999804e-04	3.084402499999999731e-11	5.385545490948247379e-04
7.334816500000000249e-04	3.075532899999999738e-11	5.357002709500310314e-04
7.303670800000001094e-04	3.058903800000000156e-11	5.298144413878981074e-04
7.272525100000000855e-04	3.048601300000000180e-11	5.338067490757415984e-04
7.241379500000000215e-04	3.041607900000000163e-11	5.395853104187943797e-04
7.210233799999999976e-04	3.020398899999999864e-11	5.337921004575362253e-04
7.179088099999999736e-04	3.000939800000000303e-11	5.328006244317856242e-04
7.147942500000000181e-04	2.993021799999999690e-11	5.326615727944092630e-04
7.116796799999999942e-04	2.975711699999999901e-11	5.312174156948012331e-04
7.085651199999999303e-04	2.964476599999999881e-11	5.334216015122673644e-04
7.054504799999999692e-04	2.952131600000000220e-11	5.350779638020371079e-04
7.023359099999999453e-04	2.938879699999999841e-11	5.406864724703390771e-04
6.992213399999999213e-04	2.929777299999999878e-11	5.400514192898768495e-04
6.961067799999999658e-04	2.921476600000000004e-11	5.372805982306455824e-04
6.929922099999999419e-04	2.904612099999999920e-11	5.392199616843068024e-04
6.898776399999999179e-04	2.895265300000000075e-11	5.368400175091869340e-04
6.867630800000000708e-04	2.879133899999999900e-11	5.337667313534824121e-04
6.836485100000000469e-04	2.873008099999999886e-11	5.390684302922087341e-04
6.805339499999999830e-04	2.857854600000000055e-11	5.439570024592665920e-04
6.774193800000000674e-04	2.840629300000000105e-11	5.348086854967798974e-04
6.743048100000000435e-04	2.828278100000000096e-11	5.366653401572438154e-04
6.711902499999999796e-04	2.821624500000000101e-11	5.408263763731232078e-04
6.680756799999999556e-04	2.808984099999999875e-11	5.326104051197557603e-04
6.649610399999999946e-04	2.791588699999999959e-11	5.399850930605544757e-04
6.618464699999999706e-04	2.769398299999999880e-11	5.406046899233095393e-04
6.587319100000000151e-04	2.755588300000000124e-11	5.362539436789010711e-04
6.556173399999999912e-04	2.756490500000000067e-11	5.371480309054804192e-04
6.525027799999999273e-04	2.744717299999999937e-11	5.361066789311390171e-04
6.493882099999999033e-04	2.725801700000000050e-11	5.290589677431651195e-04
6.462736400000000962e-04	2.710427400000000067e-11	5.393396630729693688e-04
6.431590800000000323e-04	2.708228999999999890e-11	5.407979112335989727e-04
6.400445100000000083e-04	2.697454199999999983e-11	5.388044225727367173e-04
6.369299399999999844e-04	2.676912299999999945e-11	5.380286179789539993e-04
6.338153800000000289e-04	2.657490200000000094e-11	5.329659408380484640e-04
6.307008100000000049e-04	2.652702399999999887e-11	5.384748141481647326e-04
6.275862499999999410e-04	2.649795099999999876e-11	5.365328183350604602e-04
6.244716800000000255e-04	2.636793400000000141e-11	5.388558528480038917e-04
6.213570399999999560e-04	2.609114700000000024e-11	5.351486110206498141e-04
6.182424700000000405e-04	2.584972700000000065e-11	5.365795347227769350e-04
6.151279099999999765e-04	2.580014799999999893e-11	5.331279692900669316e-04
6.120133400000000610e-04	2.584373999999999869e-11	5.356522656255755313e-04
6.088987700000000371e-04	2.566876900000000052e-11	5.426351057820319760e-04
6.057842099999999732e-04	2.548841700000000125e-11	5.350680292992279546e-04
6.026696399999999492e-04	2.529697599999999841e-11	5.375963390391979690e-04
5.995550799999999937e-04	2.520175700000000053e-11	5.368897701231473574e-04
5.964405099999999698e-04	2.511695499999999958e-11	5.394476194144100364e-04
5.933259400000000542e-04	2.496823400000000042e-11	5.362863459808431179e-04
5.902113799999999903e-04	2.484613200000000002e-11	5.363050259717825003e-04
5.870968099999999664e-04	2.475438100000000076e-11	5.389453665852241828e-04
5.839822399999999424e-04	2.466558699999999919e-11	5.330407001803985027e-04
5.808675999999999813e-04	2.449053999999999916e-11	5.355524108940105596e-04
5.777530400000000258e-04	2.430372600000000161e-11	5.407160092300600804e-04
5.746384700000000019e-04	2.423287099999999969e-11	5.347456867052823633e-04
5.715238999999999779e-04	2.412470099999999935e-11	5.357149114090388031e-04
5.684093400000000225e-04	2.398540899999999870e-11	5.357196235954796550e-04
5.652947699999999985e-04	2.382852599999999895e-11	5.407802557566266342e-04
5.621802100000000430e-04	2.368985400000000077e-11	5.388352811037844421e-04
5.590656400000000191e-04	2.355757100000000074e-11	5.395402496664751307e-04
5.559510699999999951e-04	2.344204000000000015e-11	5.383900637667413721e-04
5.528365100000000396e-04	2.334961899999999864e-11	5.418495238592580107e-04
5.497219400000000157e-04	2.317732500000000131e-11	5.335921510003959400e-04
5.466073799999999518e-04	2.306846399999999952e-11	5.326915623119209435e-04
5.434928100000000362e-04	2.298708100000000122e-11	5.373052441742650828e-04
5.403782400000000123e-04	2.285400900000000132e-11	5.331036299541223357e-04
5.372636000000000512e-04	2.270956999999999893e-11	5.375433650413412572e-04
5.341490399999999873e-04	2.256076399999999917e-11	5.374478627191691402e-04
5.310344699999999633e-04	2.246605300000000050e-11	5.381518818536075574e-04
5.279198999999999394e-04	2.235081600000000160e-11	5.369052940429599671e-04
5.248053399999999839e-04	2.222898899999999839e-11	5.338697525874376484e-04
5.216907699999999599e-04	2.202951500000000158e-11	5.371875335595081586e-04
5.185762000000000444e-04	2.192771699999999927e-11	5.347285047515764125e-04
5.154616399999999805e-04	2.184209899999999902e-11	5.390255889657072016e-04
5.123470699999999566e-04	2.166163600000000029e-11	5.380904888476852792e-04
5.092325100000000011e-04	2.150229999999999977e-11	5.413778508741949992e-04
5.061179399999999771e-04	2.142025400000000002e-11	5.457231630866607322e-04
5.030033699999999532e-04	2.134568700000000079e-11	5.351784191528530287e-04
4.998888099999999977e-04	2.120767100000000002e-11	5.395720498674276685e-04
4.967741700000000366e-04	2.102101499999999997e-11	5.434648402679171080e-04
4.936596000000000126e-04	2.084850699999999866e-11	5.359361329152911727e-04
4.905450299999999887e-04	2.079397100000000149e-11	5.344676552369701005e-04
4.874304699999999790e-04	2.068496899999999908e-11	5.400104420459078550e-04
4.843158999999999550e-04	2.054744000000000155e-11	5.441059815525931334e-04
4.812013399999999995e-04	2.041982400000000082e-11	5.352959320492193564e-04
4.780867700000000298e-04	2.030029599999999996e-11	5.408085271835440418e-04
4.749722000000000059e-04	2.015006199999999981e-11	5.381051139426781945e-04
4.718576399999999962e-04	2.004523999999999992e-11	5.376667142649307419e-04
4.687430699999999722e-04	1.988545599999999927e-11	5.421933814634527895e-04
4.656285000000000025e-04	1.978284599999999998e-11	5.394252623949339666e-04
4.625139399999999928e-04	1.971753499999999955e-11	5.316019862648500979e-04
4.593993700000000230e-04	1.953522199999999917e-11	5.376124846847440833e-04
4.562848099999999591e-04	1.935948099999999918e-11	5.416740999379813029e-04
4.531701699999999980e-04	1.922069299999999867e-11	5.362650056722005187e-04
4.500555999999999741e-04	1.916273899999999942e-11	5.406430279021389807e-04
4.469410300000000043e-04	1.905449599999999894e-11	5.398097295288062153e-04
4.438264699999999946e-04	1.894130200000000002e-11	5.344747920682459044e-04
4.407119000000000249e-04	1.875955500000000003e-11	5.437818929620830914e-04
4.375973300000000009e-04	1.859488999999999934e-11	5.411734871054257011e-04
4.344827699999999912e-04	1.847019599999999870e-11	5.351777795530472930e-04
4.313681999999999673e-04	1.839272700000000122e-11	5.380364230802881257e-04
4.282536399999999576e-04	1.826886200000000092e-11	5.429680630173690020e-04
4.251390699999999878e-04	1.811124500000000075e-11	5.403435947692489206e-04
4.220245000000000181e-04	1.797402500000000065e-11	5.422688725887933690e-04
4.189099400000000084e-04	1.786801399999999940e-11	5.405559954992600292e-04
4.157953699999999845e-04	1.768515199999999876e-11	5.360978192975414044e-04
4.126807300000000234e-04	1.755250800000000036e-11	5.414712369647509561e-04
4.095661599999999994e-04	1.744465999999999849e-11	5.400869647861183519e-04
4.064515999999999897e-04	1.733695699999999955e-11	5.349687312731234677e-04
4.033370299999999658e-04	1.720086199999999941e-11	5.415692828061284417e-04
4.002224699999999561e-04	1.705098699999999971e-11	5.378190967919013526e-04
3.971079000000000405e-04	1.692863399999999982e-11	5.366386253161268757e-04
3.939933300000000166e-04	1.680805800000000144e-11	5.407687082794320225e-04
3.908787700000000069e-04	1.668916900000000110e-11	5.401976095578618327e-04
3.877641999999999829e-04	1.657271400000000026e-11	5.378180519677776489e-04
3.846496299999999590e-04	1.643109100000000140e-11	5.417693539841698805e-04
3.815350700000000577e-04	1.627946200000000053e-11	5.440876279151653488e-04
3.784205000000000338e-04	1.613183499999999959e-11	5.403627408996010710e-04
3.753059400000000241e-04	1.606629100000000037e-11	5.454052240206259429e-04
3.721913700000000001e-04	1.595184900000000157e-11	5.451044136697728382e-04
3.690767300000000390e-04	1.582969899999999931e-11	5.446031895356345321e-04
3.659621600000000151e-04	1.561329500000000047e-11	5.424986122351358343e-04
3.628476000000000054e-04	1.545949000000000040e-11	5.424296048500660628e-04
3.597330299999999814e-04	1.535089799999999880e-11	5.450483551166481269e-04
3.566184599999999575e-04	1.529641200000000140e-11	5.416928198160185417e-04
3.535039000000000020e-04	1.517423899999999879e-11	5.408682961457834731e-04
3.503893300000000322e-04	1.501342099999999902e-11	5.431115385813173324e-04
3.472747700000000225e-04	1.481537499999999936e-11	5.373975739281435134e-04
3.441601999999999986e-04	1.470235000000000106e-11	5.426133728765113011e-04
3.410456299999999746e-04	1.458253499999999932e-11	5.462507919884433292e-04
3.379310700000000191e-04	1.448386999999999935e-11	5.485323265643611773e-04
3.348164999999999952e-04	1.434131599999999943e-11	5.502141916504730938e-04
3.317019300000000255e-04	1.424423700000000059e-11	5.461271718622219204e-04
3.285872900000000102e-04	1.409512500000000028e-11	5.518526055610648625e-04
3.254727300000000005e-04	1.398653900000000053e-11	5.437101226545509956e-04
3.223581600000000307e-04	1.382446900000000019e-11	5.499987951662656249e-04
3.192435999999999668e-04	1.368902499999999942e-11	5.443722608907796811e-04
3.161290299999999971e-04	1.357473600000000009e-11	5.511649972223969275e-04
3.130144599999999731e-04	1.350963100000000064e-11	5.475646424111222949e-04
3.098998999999999634e-04	1.333352199999999986e-11	5.518584786453936252e-04
3.067853299999999937e-04	1.313828100000000061e-11	5.413111536231272891e-04
3.036707600000000239e-04	1.300208300000000079e-11	5.482919269741636740e-04
3.005562000000000142e-04	1.292151799999999971e-11	5.477100183897436929e-04
2.974416299999999903e-04	1.281167400000000077e-11	5.470658788965341180e-04
2.943270699999999806e-04	1.267482399999999939e-11	5.429954617781219267e-04
2.912125000000000108e-04	1.250962299999999947e-11	5.474637943929077776e-04
2.880979299999999869e-04	1.238504100000000048e-11	5.513283600300427972e-04
2.849832899999999716e-04	1.226576900000000038e-11	5.446663298259557919e-04
2.818687300000000161e-04	1.213003399999999965e-11	5.500271025316887845e-04
2.787541599999999922e-04	1.203300099999999989e-11	5.499033961921943100e-04
2.756395899999999682e-04	1.185433000000000004e-11	5.453004256176862503e-04
2.725250300000000127e-04	1.170918899999999953e-11	5.474101617293537780e-04
2.694104599999999888e-04	1.158936599999999963e-11	5.541220846089644657e-04
2.662958899999999648e-04	1.143283700000000067e-11	5.438294287410843156e-04
2.631813300000000093e-04	1.128365500000000035e-11	5.534744997400637637e-04
2.600667599999999854e-04	1.118954100000000058e-11	5.514293936463104083e-04
2.569522000000000299e-04	1.108771100000000080e-11	5.475838503076948388e-04
2.538376300000000059e-04	1.093083699999999978e-11	5.502203581114214039e-04
2.507230599999999820e-04	1.076872799999999955e-11	5.509083688762162661e-04
2.476085000000000265e-04	1.063918600000000014e-11	5.475294860116412463e-04
2.444938600000000112e-04	1.056111400000000031e-11	5.464663387472745975e-04
2.413792899999999872e-04	1.041509099999999957e-11	5.520398547337293689e-04
2.382647200000000175e-04	1.024451699999999994e-11	5.499868250834057072e-04
2.351501600000000078e-04	1.012615000000000043e-11	5.526899065305769304e-04
2.320355899999999839e-04	1.003119399999999927e-11	5.480471998072513305e-04
2.289210300000000013e-04	9.892763700000000061e-12	5.514428301268558966e-04
2.258064600000000044e-04	9.732065800000000151e-12	5.493392422223567894e-04
2.226918900000000076e-04	9.579899399999999253e-12	5.542441502201675375e-04
2.195773299999999979e-04	9.447970199999999893e-12	5.530844197714498240e-04
2.164627600000000010e-04	9.317677700000000223e-12	5.552818392610498963e-04
2.133481900000000042e-04	9.194860999999999225e-12	5.549175475902276512e-04
2.102336299999999945e-04	9.047708799999999334e-12	5.564395895737253876e-04
2.071190599999999976e-04	8.893791999999999349e-12	5.566976050668747365e-04
2.040045000000000150e-04	8.775672000000000252e-12	5.551613502933572340e-04
2.008898599999999997e-04	8.649848200000000115e-12	5.547699657451699105e-04
1.977752899999999758e-04	8.486505800000000357e-12	5.564780656649608893e-04
1.946607200000000060e-04	8.334131999999999288e-12	5.557383531168014895e-04
1.915461599999999963e-04	8.207456400000000191e-12	5.530524870775586823e-04
1.884315900000000266e-04	8.089858600000000427e-12	5.523576054055665636e-04
1.853170200000000027e-04	7.963202999999999951e-12	5.591609764566030268e-04
1.822024599999999930e-04	7.835761599999999839e-12	5.571053245324762097e-04
1.790878900000000232e-04	7.679805600000000458e-12	5.517025462563810009e-04
1.759733299999999864e-04	7.564092599999999818e-12	5.559636374597714138e-04
1.728587599999999896e-04	7.439849999999999646e-12	5.642636015012926368e-04
1.697441900000000198e-04	7.295742099999999365e-12	5.584037906108249225e-04
1.666296299999999830e-04	7.160145700000000284e-12	5.622095627197388991e-04
1.635150599999999862e-04	6.991345400000000265e-12	5.641998960898291123e-04
1.604004199999999980e-04	6.897662100000000318e-12	5.535710706031134057e-04
1.572858500000000011e-04	6.775814299999999638e-12	5.603278372307342889e-04
1.541712899999999914e-04	6.625774600000000180e-12	5.599486354357392911e-04
1.510567199999999946e-04	6.498984100000000187e-12	5.577634260894567602e-04
1.479421600000000120e-04	6.379531900000000269e-12	5.594267317370777435e-04
1.448276600000000065e-04	6.274024699999999844e-12	5.571725312712476818e-04
1.417130199999999912e-04	6.104972000000000333e-12	5.552818568496485510e-04
1.385983800000000030e-04	5.981126199999999807e-12	5.564343190046634703e-04
1.354838899999999847e-04	5.862929900000000285e-12	5.605079688527612753e-04
1.323692499999999965e-04	5.746246400000000018e-12	5.570720628308523190e-04
1.292547600000000052e-04	5.597160799999999606e-12	5.565511039287649722e-04
1.261401200000000170e-04	5.464049799999999811e-12	5.639780850011622774e-04
1.230256299999999987e-04	5.311093999999999624e-12	5.617024869307669444e-04
1.199109899999999969e-04	5.194671499999999773e-12	5.603575808891832601e-04
1.167964900000000050e-04	5.049149499999999861e-12	5.580665280182163556e-04
1.136818499999999897e-04	4.947547600000000085e-12	5.601274273393106384e-04
1.105673599999999984e-04	4.785089899999999700e-12	5.604007966955525891e-04
1.074527199999999967e-04	4.632043000000000239e-12	5.616638835781250600e-04
1.043382300000000054e-04	4.487036199999999657e-12	5.650216496937660949e-04
1.012235899999999901e-04	4.348620399999999931e-12	5.634751727552804804e-04
9.810894700000000039e-05	4.220123400000000343e-12	5.658831071360154348e-04
9.499445599999999958e-05	4.094650399999999954e-12	5.690152547225326438e-04
9.187981499999998828e-05	3.982734300000000396e-12	5.674353595427518307e-04
8.876532300000000502e-05	3.830400000000000319e-12	5.646705016440206745e-04
8.565068199999999372e-05	3.673665099999999632e-12	5.614466687501772557e-04
8.253619099999999291e-05	3.532783900000000048e-12	5.637887531023241718e-04
7.942154999999999517e-05	3.394299200000000130e-12	5.621644774940823394e-04
7.630705799999999836e-05	3.285754299999999866e-12	5.663977101284177170e-04
7.319241799999999661e-05	3.163820999999999914e-12	5.634415121604757336e-04
7.007792599999999980e-05	3.004881500000000074e-12	5.684344529530624673e-04
6.696328500000000206e-05	2.869986399999999913e-12	5.682330883850939679e-04
6.384879400000000125e-05	2.735838199999999953e-12	5.654056884847687061e-04
6.073415300000000350e-05	2.610064899999999888e-12	5.680642828894729834e-04
5.761966099999999991e-05	2.462071599999999943e-12	5.650166634836177636e-04
5.450502000000000217e-05	2.314780499999999842e-12	5.687537978569029082e-04
5.139038000000000042e-05	2.179874599999999909e-12	5.655089993049861388e-04
4.827588800000000361e-05	2.044985100000000153e-12	5.594679783304741571e-04
4.516124699999999909e-05	1.906830799999999921e-12	5.625155308090104382e-04
4.204675599999999828e-05	1.797901299999999986e-12	5.600899394276717723e-04
3.893211500000000054e-05	1.650426400000000008e-12	5.620978145205877052e-04
3.581762300000000373e-05	1.513276499999999989e-12	5.670036405611073634e-04
3.270298199999999920e-05	1.374003799999999974e-12	5.700998252249382062e-04
2.958849099999999840e-05	1.241023199999999926e-12	5.676604407691095752e-04
2.647385000000000065e-05	1.116247600000000043e-12	5.680668991007154205e-04
2.335935800000000045e-05	9.660591600000000253e-13	5.639129466477491937e-04
2.024471800000000209e-05	8.323378899999999791e-13	5.649210466800108979e-04
1.713022599999999851e-05	6.788690700000000430e-13	5.672024813629850028e-04
1.401558499999999907e-05	5.462479999999999762e-13	5.628895169895618486e-04
1.090094399999999962e-05	4.207016999999999864e-13	5.669918733906821303e-04
7.786452799999998939e-06	2.814408300000000251e-13	5.718744832585171810e-04
4.671812100000000163e-06	1.710843500000000009e-13	5.651950170933421483e-04
1.557320399999999993e-06	1.967047799999999888e-14	5.623657066252428028e-04
-1.557320399999999993e-06	-1.271180699999999992e-13	5.670549078659810642e-04
-4.671812100000000163e-06	-2.482346700000000235e-13	5.677524151004406010e-04
-7.786452799999998939e-06	-4.106455600000000139e-13	5.699282819911247145e-04
-1.090094399999999962e-05	-5.441480100000000011e-13	5.712864124525691197e-04
-1.401558499999999907e-05	-6.929447300000000181e-13	5.668280092270800525e-04
-1.713007699999999757e-05	-8.259526999999999729e-13	5.613986606414772410e-04
-2.024471800000000209e-05	-9.594058399999999900e-13	5.675946502073882976e-04
-2.335920899999999951e-05	-1.107714899999999933e-12	5.715830023270243891e-04
-2.647385000000000065e-05	-1.254713699999999927e-12	5.657387852493512030e-04
-2.958849099999999840e-05	-1.379534100000000024e-12	5.641324715693516682e-04
-3.270298199999999920e-05	-1.524182299999999989e-12	5.673138385230393687e-04
-3.581762300000000373e-05	-1.635694599999999899e-12	5.654195963739812878e-04
-3.893211500000000054e-05	-1.748922600000000071e-12	5.646160285505661975e-04
-4.204675599999999828e-05	-1.911480099999999906e-12	5.712072778995945120e-04
-4.516124699999999909e-05	-2.068516099999999925e-12	5.703256814797697492e-04
-4.827588800000000361e-05	-2.197388300000000018e-12	5.658022265783396558e-04
-5.139038000000000042e-05	-2.322419400000000172e-12	5.702607636684170825e-04
-5.450502000000000217e-05	-2.468858899999999813e-12	5.685897614085444907e-04
-5.761951199999999898e-05	-2.601087299999999831e-12	5.656289861272281467e-04
-6.073415300000000350e-05	-2.780283200000000175e-12	5.716679161398095094e-04
-6.384864400000000431e-05	-2.865440100000000013e-12	5.645211788160634219e-04
-6.696328500000000206e-05	-3.008624599999999988e-12	5.712079288805445385e-04
-7.007792599999999980e-05	-3.163511799999999946e-12	5.663704362517075694e-04
-7.319241799999999661e-05	-3.279625099999999828e-12	5.681132717827220603e-04
-7.630705799999999836e-05	-3.413200900000000153e-12	5.621119185019843355e-04
-7.942154999999999517e-05	-3.518090100000000065e-12	5.622653010640003878e-04
-8.253619099999999291e-05	-3.681853900000000341e-12	5.687934315288241220e-04
-8.565068199999999372e-05	-3.803653099999999623e-12	5.676413099412638656e-04
-8.876532300000000502e-05	-3.941547599999999727e-12	5.640761492579862311e-04
-9.187981499999998828e-05	-4.074966500000000355e-12	5.663811054199286701e-04
-9.499445599999999958e-05	-4.229529099999999938e-12	5.582741388560041569e-04
-9.810894700000000039e-05	-4.338526100000000266e-12	5.614543299345573987e-04
-1.012235899999999901e-04	-4.484536899999999618e-12	5.648707971005479788e-04
-1.043380799999999949e-04	-4.625545199999999870e-12	5.629116464857083146e-04
-1.074527199999999967e-04	-4.766329299999999947e-12	5.636206658007424748e-04
-1.105672100000000015e-04	-4.900853599999999719e-12	5.638081482764517247e-04
-1.136818499999999897e-04	-5.029466399999999916e-12	5.678909645039136251e-04
-1.167964900000000050e-04	-5.176305600000000069e-12	5.631579422066009368e-04
-1.199109899999999969e-04	-5.285189799999999905e-12	5.603590020099108665e-04
-1.230256299999999987e-04	-5.429904800000000061e-12	5.612909755798712154e-04
-1.261401200000000170e-04	-5.576933399999999688e-12	5.649300509638999299e-04
-1.292547600000000052e-04	-5.707814399999999804e-12	5.628941805175447953e-04
-1.323692499999999965e-04	-5.831254699999999702e-12	5.651467462128894259e-04
-1.354838899999999847e-04	-5.966227900000000115e-12	5.700746220137581583e-04
-1.385983800000000030e-04	-6.108964000000000141e-12	5.652864863076185456e-04
-1.417130199999999912e-04	-6.261915899999999692e-12	5.623968716967160577e-04
-1.448275100000000096e-04	-6.345309700000000382e-12	5.628243800498920193e-04
-1.479421600000000120e-04	-6.496648700000000249e-12	5.613204548023651742e-04
-1.510566500000000032e-04	-6.673382799999999985e-12	5.588225534422918295e-04
-1.541712899999999914e-04	-6.798496200000000392e-12	5.656031758225179206e-04
-1.572859299999999796e-04	-6.966606100000000110e-12	5.583069273744120219e-04
-1.604004199999999980e-04	-7.094262700000000049e-12	5.581929529263250861e-04
-1.635150599999999862e-04	-7.227834199999999910e-12	5.626370452243086191e-04
-1.666295500000000045e-04	-7.357843500000000080e-12	5.599182051006144044e-04
-1.697441900000000198e-04	-7.479490099999999321e-12	5.591338674848288313e-04
-1.728586899999999982e-04	-7.584345500000000724e-12	5.605374510477584456e-04
-1.759733299999999864e-04	-7.740939800000000220e-12	5.602600624764480933e-04
-1.790878200000000048e-04	-7.904318700000000046e-12	5.625753013791236429e-04
-1.822024599999999930e-04	-8.024210599999999332e-12	5.609812763108437813e-04
-1.853169500000000113e-04	-8.156881400000000278e-12	5.585992197108836108e-04
-1.884315900000000266e-04	-8.268097999999999935e-12	5.581009607711033679e-04
-1.915460799999999908e-04	-8.396319199999999450e-12	5.562774787385013023e-04
-1.946607200000000060e-04	-8.542802699999999448e-12	5.578120911255538038e-04
-1.977753599999999942e-04	-8.661312999999999285e-12	5.601244098840226166e-04
-2.008898599999999997e-04	-8.793022699999999568e-12	5.512332713682946287e-04
-2.040045000000000150e-04	-8.940371900000000088e-12	5.561354626996562866e-04
-2.071189899999999792e-04	-9.053333600000000621e-12	5.556478186076241116e-04
-2.102336299999999945e-04	-9.198890800000000658e-12	5.503701329341960987e-04
-2.133481200000000128e-04	-9.344567700000000324e-12	5.569034867827459250e-04
-2.164627600000000010e-04	-9.467145799999999296e-12	5.570513359512632582e-04
-2.195772500000000194e-04	-9.608888299999999285e-12	5.501293487192685265e-04
-2.226918900000000076e-04	-9.774744399999999318e-12	5.472001756324755420e-04
-2.258063899999999860e-04	-9.852130400000000580e-12	5.526814390804056770e-04
-2.289210300000000013e-04	-9.937176900000000505e-12	5.550362159239268130e-04
-2.320355199999999925e-04	-1.009504899999999931e-11	5.581162147483391140e-04
-2.351501600000000078e-04	-1.026213099999999938e-11	5.549684400367643810e-04
-2.382647999999999960e-04	-1.040281899999999972e-11	5.585011299349485273e-04
-2.413792899999999872e-04	-1.052578199999999955e-11	5.521222657459765992e-04
-2.444939300000000025e-04	-1.063636500000000019e-11	5.517767767612990776e-04
-2.476084200000000209e-04	-1.074287500000000031e-11	5.474548694706476678e-04
-2.507230599999999820e-04	-1.090136599999999933e-11	5.533066747291315529e-04
-2.538375600000000146e-04	-1.103307400000000025e-11	5.490475954300609324e-04
-2.569522000000000299e-04	-1.116064100000000016e-11	5.590913964887749216e-04
-2.600666899999999940e-04	-1.130685699999999923e-11	5.506135921073594891e-04
-2.631813300000000093e-04	-1.144751800000000013e-11	5.500057859937624834e-04
-2.662958199999999735e-04	-1.157835299999999955e-11	5.550148775745759920e-04
-2.694104599999999888e-04	-1.168025099999999981e-11	5.476514251632736384e-04
-2.725249500000000071e-04	-1.182487899999999982e-11	5.464056106972843248e-04
-2.756395899999999682e-04	-1.201410699999999987e-11	5.492445827078257323e-04
-2.787542299999999835e-04	-1.212863100000000077e-11	5.511808299226368712e-04
-2.818687300000000161e-04	-1.224537800000000053e-11	5.445757481115339263e-04
-2.849833699999999772e-04	-1.234239899999999982e-11	5.497349679658328865e-04
-2.880978599999999955e-04	-1.248724000000000001e-11	5.473172496114158108e-04
-2.912125000000000108e-04	-1.258865100000000026e-11	5.463443345225379652e-04
-2.943269899999999750e-04	-1.272636499999999956e-11	5.461312127295830194e-04
-2.974416299999999903e-04	-1.284187599999999992e-11	5.429753220256602723e-04
-3.005561200000000086e-04	-1.298694799999999936e-11	5.470194090792768974e-04
-3.036707600000000239e-04	-1.316030600000000021e-11	5.457386265228237861e-04
-3.067852600000000023e-04	-1.330845599999999933e-11	5.424667898777609833e-04
-3.098998999999999634e-04	-1.338771799999999948e-11	5.461487923732274595e-04
-3.130143899999999818e-04	-1.353777200000000073e-11	5.484268730335884259e-04
-3.161290299999999971e-04	-1.364745500000000044e-11	5.470055635835829443e-04
-3.192435200000000154e-04	-1.380672699999999956e-11	5.506301919121418635e-04
-3.223581600000000307e-04	-1.393043999999999936e-11	5.498044683850271440e-04
-3.254727999999999918e-04	-1.409280899999999943e-11	5.433322429577084169e-04
-3.285872900000000102e-04	-1.418974699999999927e-11	5.454409398611460586e-04
-3.317019300000000255e-04	-1.430273299999999929e-11	5.496808263742168675e-04
-3.348164300000000039e-04	-1.445625100000000009e-11	5.498883509692587598e-04
-3.379310700000000191e-04	-1.458786899999999914e-11	5.430906425192115342e-04
-3.410455600000000375e-04	-1.466598699999999968e-11	5.470699395891315047e-04
-3.441601999999999986e-04	-1.483822100000000114e-11	5.432284279065049178e-04
-3.472746899999999627e-04	-1.498394300000000099e-11	5.419863120925034767e-04
-3.503893300000000322e-04	-1.510251100000000021e-11	5.372453051674957623e-04
-3.535038199999999964e-04	-1.521282100000000158e-11	5.463934558632427144e-04
-3.566184599999999575e-04	-1.536688999999999896e-11	5.431602658616176572e-04
-3.597329600000000443e-04	-1.555307099999999945e-11	5.442652306179147871e-04
-3.628476000000000054e-04	-1.568958700000000028e-11	5.476305536832546403e-04
-3.659622399999999665e-04	-1.576595800000000046e-11	5.454507281212223361e-04
-3.690767300000000390e-04	-1.588656600000000115e-11	5.473694253070533798e-04
-3.721913700000000001e-04	-1.606013199999999929e-11	5.388964762911721638e-04
-3.753058599999999643e-04	-1.621457700000000045e-11	5.467057490995271777e-04
-3.784205000000000338e-04	-1.632039799999999865e-11	5.492696120144323129e-04
-3.815349899999999979e-04	-1.643421699999999970e-11	5.449492226892766085e-04
-3.846496299999999590e-04	-1.658091400000000017e-11	5.430927966493693127e-04
-3.877641300000000458e-04	-1.674091600000000064e-11	5.373773209213206746e-04
-3.908787700000000069e-04	-1.684354599999999856e-11	5.502803679775210635e-04
-3.939932599999999710e-04	-1.693702100000000104e-11	5.500715885990933602e-04
-3.971079000000000405e-04	-1.710328400000000009e-11	5.438730241347925279e-04
-4.002223900000000047e-04	-1.721846999999999863e-11	5.441014975409878612e-04
-4.033370299999999658e-04	-1.737668699999999942e-11	5.401948240182187022e-04
-4.064516700000000353e-04	-1.748394299999999882e-11	5.394135158980710963e-04
-4.095661599999999994e-04	-1.761140400000000055e-11	5.385907468605243041e-04
-4.126807999999999605e-04	-1.779133800000000086e-11	5.401759896735911773e-04
-4.157953000000000473e-04	-1.793154899999999888e-11	5.376238737057917284e-04
-4.189099400000000084e-04	-1.808802800000000129e-11	5.467480313434885724e-04
-4.220244299999999726e-04	-1.819057899999999884e-11	5.440623766469347743e-04
-4.251390699999999878e-04	-1.834041400000000130e-11	5.444044691036080234e-04
-4.282535600000000062e-04	-1.847272500000000134e-11	5.382133710098732735e-04
-4.313681999999999673e-04	-1.865198399999999974e-11	5.424417497533531038e-04
-4.344826899999999856e-04	-1.877479399999999849e-11	5.417213911491090871e-04
-4.375973300000000009e-04	-1.888159600000000076e-11	5.374197553728621594e-04
-4.407118299999999793e-04	-1.900320899999999999e-11	5.365139823066006081e-04
-4.438264699999999946e-04	-1.908717999999999945e-11	5.458032814770459682e-04
-4.469411100000000099e-04	-1.925333699999999870e-11	5.385678478578250676e-04
-4.500555999999999741e-04	-1.938922800000000063e-11	5.430649571470788292e-04
-4.531702399999999894e-04	-1.952257799999999945e-11	5.440017871760982962e-04
-4.562847300000000077e-04	-1.966567700000000056e-11	5.440018536301476993e-04
-4.593993700000000230e-04	-1.981076399999999897e-11	5.441292517827593222e-04
-4.625138599999999872e-04	-1.990620999999999864e-11	5.479967456145109182e-04
-4.656285000000000025e-04	-2.005681200000000119e-11	5.378087216903193468e-04
-4.687429999999999809e-04	-2.019557399999999963e-11	5.414761427508916645e-04
-4.718576399999999962e-04	-2.031656099999999938e-11	5.444248766182763991e-04
-4.749721300000000145e-04	-2.043115200000000018e-11	5.436110576193573614e-04
-4.780867700000000298e-04	-2.060322399999999860e-11	5.425285307610632672e-04
-4.812012599999999939e-04	-2.072193800000000132e-11	5.431354360394637960e-04
-4.843158999999999550e-04	-2.083779700000000062e-11	5.425493383788944834e-04
-4.874303900000000276e-04	-2.097444299999999894e-11	5.321215550122450214e-04
-4.905450299999999887e-04	-2.112898099999999886e-11	5.400774509147911011e-04
-4.936596800000000182e-04	-2.123109499999999941e-11	5.391734447242486341e-04
-4.967741700000000366e-04	-2.128545099999999931e-11	5.423279319826212856e-04
-4.998888099999999977e-04	-2.144664800000000137e-11	5.385971479252851194e-04
-5.030033000000000160e-04	-2.156713500000000007e-11	5.441534894559109338e-04
-5.061179399999999771e-04	-2.174409399999999877e-11	5.428552106896976414e-04
-5.092324299999999955e-04	-2.184861800000000112e-11	5.298036508741687124e-04
-5.123470699999999566e-04	-2.194400599999999962e-11	5.360956509419446568e-04
-5.154615599999999749e-04	-2.205343399999999915e-11	5.386535612123075772e-04
-5.185762000000000444e-04	-2.223881000000000023e-11	5.386765923422773099e-04
-5.216907000000000228e-04	-2.241543799999999850e-11	5.368677281182288041e-04
-5.248053399999999839e-04	-2.254500799999999953e-11	5.369269734416153624e-04
-5.279198300000000022e-04	-2.266148000000000049e-11	5.383784365357931374e-04
-5.310344699999999633e-04	-2.279603399999999964e-11	5.430947821178134811e-04
-5.341491100000000328e-04	-2.299860799999999913e-11	5.436007912385768144e-04
-5.372636000000000512e-04	-2.309062500000000007e-11	5.382086086722193781e-04
-5.403782400000000123e-04	-2.318003300000000065e-11	5.365417002443605143e-04
-5.434927299999999222e-04	-2.335158100000000032e-11	5.439895243741828951e-04
-5.466073799999999518e-04	-2.354532199999999962e-11	5.416016457655831043e-04
-5.497218699999999701e-04	-2.368642599999999938e-11	5.411365094605550185e-04
-5.528365100000000396e-04	-2.373001400000000007e-11	5.459484524411635118e-04
-5.559510000000000580e-04	-2.386964200000000081e-11	5.373271777181784850e-04
-5.590656400000000191e-04	-2.400383400000000101e-11	5.384397228724460780e-04
-5.621801299999999290e-04	-2.413487300000000025e-11	5.393622852749918248e-04
-5.652947699999999985e-04	-2.420596500000000004e-11	5.381525304824633701e-04
-5.684092600000000169e-04	-2.435086000000000071e-11	5.370605095704234118e-04
-5.715238999999999779e-04	-2.444095600000000102e-11	5.436852783802526836e-04
-5.746385500000000075e-04	-2.463823100000000151e-11	5.416922071189583538e-04
-5.777530400000000258e-04	-2.475641699999999993e-11	5.412321219291271659e-04
-5.808676799999999869e-04	-2.490914599999999925e-11	5.420331941858435448e-04
-5.839821700000000053e-04	-2.503042399999999896e-11	5.397458947624993392e-04
-5.870968099999999664e-04	-2.515010600000000148e-11	5.410881235655801928e-04
-5.902112999999999847e-04	-2.529800500000000111e-11	5.346028128048659631e-04
-5.933259400000000542e-04	-2.541456300000000002e-11	5.395931053747921122e-04
-5.964404299999999642e-04	-2.555497299999999982e-11	5.378950450508586997e-04
-5.995550799999999937e-04	-2.565772799999999881e-11	5.428768225293913565e-04
-6.026695700000000121e-04	-2.577340899999999875e-11	5.295075530817753900e-04
-6.057842099999999732e-04	-2.594348199999999998e-11	5.376514428838349586e-04
-6.088986999999999915e-04	-2.610653199999999897e-11	5.357619698932827076e-04
-6.120133400000000610e-04	-2.622853100000000130e-11	5.396040634109199128e-04
-6.151279800000000221e-04	-2.630081900000000004e-11	5.371406298787840834e-04
-6.182424700000000405e-04	-2.644025399999999923e-11	5.418976646728892706e-04
-6.213571100000000015e-04	-2.653471200000000048e-11	5.376026785257124845e-04
-6.244716000000000199e-04	-2.672350499999999984e-11	5.387573041352851583e-04
-6.275862499999999410e-04	-2.688055900000000136e-11	5.351676484215174556e-04
-6.307007400000000678e-04	-2.702353999999999897e-11	5.377629843278076364e-04
-6.338153800000000289e-04	-2.711488999999999938e-11	5.382188601145692242e-04
-6.369298700000000472e-04	-2.727676599999999921e-11	5.357249090614345363e-04
-6.400445100000000083e-04	-2.738744799999999884e-11	5.399833241927981054e-04
-6.431589999999999183e-04	-2.746861900000000077e-11	5.358643116513524480e-04
-6.462736400000000962e-04	-2.766256999999999852e-11	5.386385193138126847e-04
-6.493881300000000061e-04	-2.778212599999999939e-11	5.337776675863469163e-04
-6.525027799999999273e-04	-2.794603399999999930e-11	5.374354892447557718e-04
-6.556172700000000540e-04	-2.804592999999999902e-11	5.302798670190262721e-04
-6.587319100000000151e-04	-2.815534099999999842e-11	5.374856368772120817e-04
-6.618465499999999762e-04	-2.830719299999999877e-11	5.341558550023341482e-04
-6.649610399999999946e-04	-2.851609700000000113e-11	5.391598905334345302e-04
-6.680756799999999556e-04	-2.860488900000000155e-11	5.378375062451016056e-04
-6.711901700000000824e-04	-2.874512299999999992e-11	5.388415166553502025e-04
-6.743048100000000435e-04	-2.890323099999999919e-11	5.326807214105662696e-04
-6.774193000000000619e-04	-2.899771200000000079e-11	5.356023260303858884e-04
-6.805339499999999830e-04	-2.903904200000000017e-11	5.332972674911560292e-04
-6.836484399999998929e-04	-2.921096000000000017e-11	5.365292260378825293e-04
-6.867630800000000708e-04	-2.934652200000000281e-11	5.410478227988169391e-04
-6.898775699999999808e-04	-2.950181100000000005e-11	5.334010778924553687e-04
-6.929922099999999419e-04	-2.960316000000000167e-11	5.303318783519338176e-04
-6.961066999999999602e-04	-2.969493400000000127e-11	5.290542853809564357e-04
-6.992213399999999213e-04	-2.988164599999999810e-11	5.290086032791211854e-04
-7.023359799999999908e-04	-3.006436400000000286e-11	5.395156382384607395e-04
-7.054504799999999692e-04	-3.014100100000000149e-11	5.378438890464944978e-04
-7.085651199999999303e-04	-3.029508600000000164e-11	5.333018878769427802e-04
-7.116796100000000571e-04	-3.044502499999999951e-11	5.289791799476712981e-04
-7.147942500000000181e-04	-3.057159400000000008e-11	5.347385810039778815e-04
-7.179087400000000365e-04	-3.065038199999999964e-11	5.375024953640541699e-04
-7.210233799999999976e-04	-3.080534799999999783e-11	5.406372724172674085e-04
-7.241378699999999075e-04	-3.092776000000000271e-11	5.366207749458363650e-04
-7.272525100000000855e-04	-3.107593300000000218e-11	5.394265404201040344e-04
-7.303669999999999954e-04	-3.120891700000000298e-11	5.295393299014272345e-04
-7.334816500000000249e-04	-3.129345700000000132e-11	5.316710602360467811e-04
-7.365961399999999349e-04	-3.144105100000000260e-11	5.372803946342857590e-04
-7.397107800000000044e-04	-3.155992099999999844e-11	5.409810007553855033e-04
-7.428254199999999655e-04	-3.164949899999999699e-11	5.323031205840020146e-04
-7.459399099999999838e-04	-3.174400999999999976e-11	5.412833180563737063e-04
-7.490545499999999449e-04	-3.189718299999999689e-11	5.403379458743848935e-04
-7.521690399999999633e-04	-3.194055399999999832e-11	5.294301246360938766e-04
-7.552836800000000328e-04	-3.212147900000000201e-11	5.370112611240233360e-04
-7.583981800000000112e-04	-3.228994199999999796e-11	5.374423486687745794e-04
-7.615128199999999722e-04	-3.238213199999999860e-11	5.327275342513488731e-04
-7.646273100000000990e-04	-3.251496999999999913e-11	5.315926254923751277e-04
-7.677419500000000601e-04	-3.269034699999999902e-11	5.452831868437442832e-04
-7.708564399999999700e-04	-3.282438600000000137e-11	5.349178073934165436e-04
-7.739710800000000395e-04	-3.293337800000000124e-11	5.316952602729270146e-04
-7.770855699999999495e-04	-3.302458999999999954e-11	5.367472026702291938e-04
-7.802002099999999106e-04	-3.324054599999999826e-11	5.331955194531484438e-04
-7.833148500000000885e-04	-3.343437700000000105e-11	5.318622479417612226e-04
-7.864293499999999585e-04	-3.352778800000000214e-11	5.362761865735640255e-04
-7.895439899999999196e-04	-3.368175499999999879e-11	5.419297450970890842e-04
-7.926584800000000463e-04	-3.377183899999999863e-11	5.329845922843589462e-04
-7.957731200000000074e-04	-3.394697700000000272e-11	5.362543924680124134e-04
-7.988876100000000258e-04	-3.404843400000000206e-11	5.379329077100298336e-04
-8.020022499999999869e-04	-3.422491499999999947e-11	5.265145593345388168e-04
-8.051167400000000052e-04	-3.424612000000000069e-11	5.277455334850690918e-04
-8.082313800000000747e-04	-3.436959399999999824e-11	5.326353014197814399e-04
-8.113458799999999447e-04	-3.449062199999999904e-11	5.333361184362084631e-04
-8.144605200000000142e-04	-3.464605999999999828e-11	5.305923719254849623e-04
-8.175750099999999241e-04	-3.484720200000000155e-11	5.351406719707954432e-04
-8.206896499999998852e-04	-3.497048100000000284e-11	5.375427637717314182e-04
-8.238041400000000120e-04	-3.507014800000000285e-11	5.363923764917022993e-04
-8.269187799999999731e-04	-3.520164000000000186e-11	5.409951369336563152e-04
-8.300334199999999342e-04	-3.536716099999999909e-11	5.307175130562275965e-04
-8.331479099999999525e-04	-3.556340599999999953e-11	5.317185979434831729e-04
-8.362625499999999136e-04	-3.563646900000000297e-11	5.371998258688018713e-04
-8.393770500000000004e-04	-3.572237999999999788e-11	5.401754981678287635e-04
-8.424916899999999615e-04	-3.589529699999999941e-11	5.325826083898370757e-04
-8.456061800000000883e-04	-3.603464699999999801e-11	5.366796398245506300e-04
-8.487208200000000494e-04	-3.610319000000000300e-11	5.363688377114169022e-04
-8.518353100000000677e-04	-3.622849599999999827e-11	5.351967934098320187e-04
-8.549499500000000288e-04	-3.638556500000000199e-11	5.359035748594713402e-04
-8.580644399999999387e-04	-3.656630200000000055e-11	5.317797385576835626e-04
-8.611790800000001167e-04	-3.670315399999999824e-11	5.391007788970152842e-04
-8.642935799999999866e-04	-3.676914000000000058e-11	5.278094051624793734e-04
-8.674082199999999477e-04	-3.687417000000000099e-11	5.360250731340085928e-04
-8.705228600000000172e-04	-3.704460000000000151e-11	5.412213479965949066e-04
-8.736373499999999272e-04	-3.713308799999999769e-11	5.317368212294404546e-04
-8.767519899999999967e-04	-3.721675100000000030e-11	5.355651867133407514e-04
-8.798664800000000150e-04	-3.737573399999999738e-11	5.347473637556246018e-04
-8.829811199999999761e-04	-3.750505499999999684e-11	5.376481247863928612e-04
-8.860956099999999945e-04	-3.758966400000000271e-11	5.335588538054869805e-04
-8.892102499999999556e-04	-3.771760299999999926e-11	5.330933193316573625e-04
-8.923247500000000424e-04	-3.787265999999999829e-11	5.302998370332465605e-04
-8.954393900000000035e-04	-3.799733799999999938e-11	5.358839635656506822e-04
-8.985538799999999134e-04	-3.818548899999999972e-11	5.293588554444140452e-04
-9.016685200000000913e-04	-3.844166000000000041e-11	5.286985165939306905e-04
-9.047830100000000013e-04	-3.852282699999999680e-11	5.281918400231155322e-04
-9.078976499999999623e-04	-3.863641399999999964e-11	5.402524820931012967e-04
-9.110122900000000318e-04	-3.877163499999999931e-11	5.313980894715904929e-04
-9.141267799999999418e-04	-3.886301699999999881e-11	5.336963304652174271e-04
-9.172414199999999029e-04	-3.905707400000000282e-11	5.403682797217910323e-04
-9.203559199999999897e-04	-3.920052100000000124e-11	5.360717931122576697e-04
-9.234705599999999508e-04	-3.932420699999999838e-11	5.320255188138196941e-04
-9.265850499999999691e-04	-3.949406100000000244e-11	5.304086935183720784e-04
-9.296996900000000386e-04	-3.958713200000000112e-11	5.353865417425423190e-04
-9.328141800000000570e-04	-3.959283899999999978e-11	5.339589729886693023e-04
-9.359288200000000181e-04	-3.973534300000000314e-11	5.453448777705134079e-04
-9.390433099999999280e-04	-3.992027499999999996e-11	5.303425154073268966e-04
-9.421579499999999975e-04	-4.010195600000000062e-11	5.275581570840209410e-04
-9.452724499999999759e-04	-4.013939899999999861e-11	5.338194381144247772e-04
-9.483870899999999370e-04	-4.028346800000000067e-11	5.376457128147834425e-04
-9.515017300000000065e-04	-4.049293199999999995e-11	5.345392795360183556e-04
-9.546162199999999164e-04	-4.061390800000000305e-11	5.313864946331701544e-04
-9.577308599999999859e-04	-4.070738499999999699e-11	5.367996470376080846e-04
-9.608453500000000043e-04	-4.086061999999999760e-11	5.362351863203605393e-04
-9.639599899999999654e-04	-4.101420199999999819e-11	5.331253832909195814e-04
-9.670744799999999837e-04	-4.116229599999999730e-11	5.294125205562605786e-04
-9.701891199999999448e-04	-4.134032999999999940e-11	5.339999149087682742e-04
-9.733036200000000316e-04	-4.140108700000000114e-11	5.373504293618978390e-04
-9.764182599999999927e-04	-4.142201200000000228e-11	5.354545774990072601e-04
-9.795327500000000111e-04	-4.162320799999999795e-11	5.381986346627936051e-04
-9.826473900000000806e-04	-4.176792900000000157e-11	5.366705111866637958e-04
-9.857618799999998821e-04	-4.189688899999999943e-11	5.352787545363154069e-04
-9.888765200000001684e-04	-4.209421000000000063e-11	5.312278382455304978e-04
-9.919910099999999700e-04	-4.220412200000000167e-11	5.384480181128073343e-04
-9.951056500000000395e-04	-4.239394300000000314e-11	5.366767213280893099e-04
-9.982202900000001090e-04	-4.254836799999999923e-11	5.298829881494005953e-04
-1.001334800000000047e-03	-4.271732300000000131e-11	5.375743987353444114e-04
-1.004449400000000060e-03	-4.284736799999999866e-11	5.381378298602425368e-04
-1.007563900000000038e-03	-4.304793299999999842e-11	5.380504666749375041e-04
-1.010678599999999868e-03	-4.322454199999999864e-11	5.344413366985344789e-04
-1.013793100000000063e-03	-4.330560600000000021e-11	5.369568670318318557e-04
-1.016907700000000076e-03	-4.333419000000000238e-11	5.305694027262483408e-04
-1.020022200000000054e-03	-4.352344900000000255e-11	5.288631451437019295e-04
-1.023136800000000067e-03	-4.373701699999999924e-11	5.297359657084422862e-04
-1.026251300000000045e-03	-4.389231300000000053e-11	5.356730055784171421e-04
-1.029366000000000092e-03	-4.401174200000000240e-11	5.396844946574347150e-04
-1.032480400000000036e-03	-4.406987999999999801e-11	5.367106788274982575e-04
-1.035595099999999866e-03	-4.407250299999999998e-11	5.407755091964251085e-04
-1.038709700000000095e-03	-4.432755600000000152e-11	5.286306432397059512e-04
-1.041824200000000073e-03	-4.447742900000000007e-11	5.361615775020798537e-04
-1.044938900000000120e-03	-4.462869300000000026e-11	5.389103859189200594e-04
-1.048053399999999882e-03	-4.478676500000000137e-11	5.371946233721299098e-04
-1.051167999999999894e-03	-4.488507800000000170e-11	5.347192025951905299e-04
-1.054282500000000089e-03	-4.490895199999999914e-11	5.236879318293728887e-04
-1.057397100000000102e-03	-4.508400900000000171e-11	5.398666445401812753e-04
-1.060511600000000080e-03	-4.537589399999999749e-11	5.332786143765418140e-04
-1.063626299999999910e-03	-4.558319700000000300e-11	5.302597271813597711e-04
-1.066740800000000105e-03	-4.576119000000000082e-11	5.343579451844393492e-04
-1.069855400000000118e-03	-4.574278800000000209e-11	5.326201864140585936e-04
-1.072969899999999879e-03	-4.581123300000000221e-11	5.385202982582638041e-04
-1.076084499999999892e-03	-4.606722300000000181e-11	5.332491423738003203e-04
-1.079199199999999938e-03	-4.620384300000000128e-11	5.321558267734093680e-04
-1.082313699999999917e-03	-4.641937500000000081e-11	5.360005761860926711e-04
-1.085428300000000146e-03	-4.649424600000000105e-11	5.405262658441226976e-04
-1.088542799999999908e-03	-4.646068300000000041e-11	5.349156727916523158e-04
-1.091657399999999920e-03	-4.672457199999999741e-11	5.338618055967889880e-04
-1.094771900000000115e-03	-4.691330300000000298e-11	5.351065803095203088e-04
-1.097886599999999945e-03	-4.710017400000000113e-11	5.373650918506909418e-04
-1.101001099999999924e-03	-4.722033199999999731e-11	5.274927380526410947e-04
-1.104115699999999936e-03	-4.736220399999999774e-11	5.352199758557057855e-04
-1.107230299999999949e-03	-4.735689999999999908e-11	5.358079795768892371e-04
-1.110344699999999893e-03	-4.757764300000000175e-11	5.374674103040490061e-04
-1.113459299999999905e-03	-4.776418499999999738e-11	5.402696259151398275e-04
-1.116573999999999952e-03	-4.793468099999999722e-11	5.330020627418804611e-04
-1.119688599999999964e-03	-4.808463300000000260e-11	5.282442894917805699e-04
-1.122803199999999977e-03	-4.792793600000000036e-11	5.275867528640152977e-04
-1.125917599999999921e-03	-4.798237800000000143e-11	5.428513690023707705e-04
-1.129032199999999934e-03	-4.806758499999999707e-11	5.359634500621808604e-04
-1.132146899999999980e-03	-4.821356200000000196e-11	5.381611109793434447e-04
-1.135261499999999993e-03	-4.833720900000000243e-11	5.310725992150074201e-04
-1.138375799999999903e-03	-4.853040500000000055e-11	5.289247282662212606e-04
-1.141490499999999950e-03	-4.869442000000000084e-11	5.332691149956602988e-04
-1.144605099999999962e-03	-4.874588200000000064e-11	5.349589835163919005e-04
-1.147719800000000009e-03	-4.877810000000000033e-11	5.398347394346098916e-04
-1.150834099999999919e-03	-4.894510500000000120e-11	5.251094284638358660e-04
-1.153948799999999966e-03	-4.919019400000000235e-11	5.342739548779909531e-04
-1.157063399999999978e-03	-4.936229599999999871e-11	5.359179861574470561e-04
-1.160177999999999991e-03	-4.952073100000000256e-11	5.290957806263580851e-04
-1.163292700000000037e-03	-4.966389499999999919e-11	5.374251378759176178e-04
-1.166406999999999947e-03	-4.971952400000000046e-11	5.411146492759075438e-04
-1.169521699999999994e-03	-4.982741000000000165e-11	5.306156805365898777e-04
-1.172636300000000006e-03	-5.006977099999999837e-11	5.320293850814663324e-04
-1.175750900000000019e-03	-5.036915700000000091e-11	5.364485048741122683e-04
-1.178865299999999963e-03	-5.042393899999999792e-11	5.335369547534344432e-04
-1.181979899999999976e-03	-5.030009399999999947e-11	5.320864170854971899e-04
-1.185094600000000022e-03	-5.003614900000000246e-11	5.267197253961843463e-04
-1.188209200000000035e-03	-5.041620199999999710e-11	5.395950214088388128e-04
-1.191323499999999945e-03	-5.068855400000000042e-11	5.282432875019258756e-04
-1.194438199999999992e-03	-5.073179399999999732e-11	5.343670493531242367e-04
-1.197552800000000004e-03	-5.087635199999999732e-11	5.344699287106576208e-04
-1.200667500000000051e-03	-5.092498299999999786e-11	5.342452721686725059e-04
-1.203782100000000063e-03	-5.102872599999999850e-11	5.304277716493490009e-04
-1.206896500000000007e-03	-5.117815900000000155e-11	5.322583796242055234e-04
-1.210011100000000020e-03	-5.144192699999999978e-11	5.241472815477590461e-04
-1.213125700000000032e-03	-5.162080499999999796e-11	5.342708110991532203e-04
-1.216240400000000079e-03	-5.170231599999999907e-11	5.390407030020255867e-04
-1.219354699999999989e-03	-5.173721200000000018e-11	5.336127834052582395e-04
-1.222469400000000036e-03	-5.183056099999999778e-11	5.374263497402558811e-04
-1.225584000000000048e-03	-5.203687500000000106e-11	5.317202006450096790e-04
-1.228698600000000061e-03	-5.235655699999999707e-11	5.347430019074658975e-04
-1.231813000000000005e-03	-5.251267099999999880e-11	5.315077075937527616e-04
-1.234927600000000018e-03	-5.256011299999999798e-11	5.295966162163791551e-04
-1.238042300000000064e-03	-5.261114099999999929e-11	5.346734437971662748e-04
-1.241156900000000077e-03	-5.265683699999999869e-11	5.289436648735830904e-04
-1.244271500000000089e-03	-5.281467299999999927e-11	5.388777756370566416e-04
-1.247385900000000034e-03	-5.312002600000000192e-11	5.248504025308800384e-04
-1.250500500000000046e-03	-5.317583200000000198e-11	5.316015365217748511e-04
-1.253615200000000093e-03	-5.312447699999999931e-11	5.360552325403026772e-04
-1.256729799999999888e-03	-5.327550900000000129e-11	5.278893987289173155e-04
-1.259844200000000049e-03	-5.346335199999999831e-11	5.346793304815803966e-04
-1.262958800000000062e-03	-5.351199299999999816e-11	5.393375454063583990e-04
-1.266073400000000074e-03	-5.380649399999999834e-11	5.323095525731430739e-04
-1.269188099999999904e-03	-5.386746600000000141e-11	5.332855683306079314e-04
-1.272302400000000031e-03	-5.401577400000000127e-11	5.450787561832603784e-04
-1.275417100000000078e-03	-5.402910800000000186e-11	5.325733547738610574e-04
-1.278531699999999873e-03	-5.413943599999999747e-11	5.394178554088281240e-04
-1.281646300000000103e-03	-5.445011100000000271e-11	5.332091374366191433e-04
-1.284760700000000047e-03	-5.463474799999999725e-11	5.386586187233892735e-04
-1.287875300000000060e-03	-5.485158500000000048e-11	5.308843242542813246e-04
-1.290989999999999889e-03	-5.488856899999999846e-11	5.330775819355525538e-04
-1.294104600000000119e-03	-5.499967100000000143e-11	5.284592893977649785e-04
-1.297219199999999914e-03	-5.514233199999999849e-11	5.353890215566954949e-04
-1.300333599999999859e-03	-5.533056999999999735e-11	5.334977164421837552e-04
-1.303448200000000088e-03	-5.550096499999999705e-11	5.343860572896396962e-04
-1.306562900000000135e-03	-5.550732399999999727e-11	5.301529977576394104e-04
-1.309677499999999930e-03	-5.558712199999999826e-11	5.347494174494602523e-04
-1.312791899999999875e-03	-5.578863400000000185e-11	5.331696262125474239e-04
-1.315906500000000104e-03	-5.590359799999999825e-11	5.257134505639556379e-04
-1.319021099999999900e-03	-5.599734199999999769e-11	5.387994785596337231e-04
-1.322135799999999946e-03	-5.624097399999999788e-11	5.375016947373862340e-04
-1.325250100000000073e-03	-5.641520899999999770e-11	5.342075318230364318e-04
-1.328364800000000120e-03	-5.655023999999999755e-11	5.337484075118716998e-04
-1.331479399999999915e-03	-5.661055300000000147e-11	5.345730786952731638e-04
-1.334594000000000145e-03	-5.672495500000000303e-11	5.306449471534991150e-04
-1.337708699999999758e-03	-5.684491099999999893e-11	5.385455472746380166e-04
-1.340822999999999885e-03	-5.716352399999999823e-11	5.338342971456562372e-04
-1.343937699999999931e-03	-5.729932799999999840e-11	5.400702304082195468e-04
-1.347052300000000161e-03	-5.723340600000000070e-11	5.334753776088361783e-04
-1.350166899999999956e-03	-5.729838100000000103e-11	5.324379731660155166e-04
-1.353281299999999901e-03	-5.762856200000000253e-11	5.351609827919238168e-04
-1.356395900000000130e-03	-5.781241100000000101e-11	5.277820552144932113e-04
-1.359510600000000177e-03	-5.796328699999999695e-11	5.271226310387312373e-04
-1.362625199999999972e-03	-5.799704099999999798e-11	5.327933536789266874e-04
-1.365739599999999917e-03	-5.818265999999999717e-11	5.351036177093723570e-04
-1.368854200000000146e-03	-5.830539500000000109e-11	5.316196254161179762e-04
-1.371968799999999941e-03	-5.838272900000000141e-11	5.353397697831438224e-04
-1.375083499999999988e-03	-5.844041199999999932e-11	5.280283446769639929e-04
-1.378198099999999784e-03	-5.863162000000000013e-11	5.336254783073249817e-04
-1.381312500000000162e-03	-5.880004099999999769e-11	5.353190764281051933e-04
-1.384427099999999957e-03	-5.887054000000000090e-11	5.292272636555986082e-04
-1.387541700000000187e-03	-5.888812400000000564e-11	5.308744093992100350e-04
-1.390656399999999800e-03	-5.907117200000000056e-11	5.351212954888274727e-04
-1.393770699999999927e-03	-5.915980900000000521e-11	5.309360782072380762e-04
-1.396885399999999973e-03	-5.932320599999999771e-11	5.335351743164393418e-04
-1.400000000000000203e-03	-5.949059300000000583e-11	5.358570487741657392e-04
