# [DATA]
1.400000000000000203e-03	5.858776000000000076e-11	5.327436252118645035e-04
1.396885399999999973e-03	5.839585100000000241e-11	5.419776471241226443e-04
1.393770899999999995e-03	5.833727299999999838e-11	5.341284871902543183e-04
1.390656199999999948e-03	5.830599200000000321e-11	5.351011891680871853e-04
1.387541700000000187e-03	5.826585000000000461e-11	5.353387694253667391e-04
1.384427099999999957e-03	5.791359100000000200e-11	5.387618898219185279e-04
1.381312599999999979e-03	5.786950400000000084e-11	5.417689897629637341e-04
1.378197999999999966e-03	5.766407100000000207e-11	5.399249262674229001e-04
1.375083499999999988e-03	5.750760300000000278e-11	5.374755044057704474e-04
1.371968799999999941e-03	5.757460100000000124e-11	5.284140856989324878e-04
1.368854299999999963e-03	5.728162699999999721e-11	5.317910935651810932e-04
1.365739699999999951e-03	5.701393200000000033e-11	5.431041722874919812e-04
1.362625199999999972e-03	5.708078499999999910e-11	5.451712775133465061e-04
1.359510600000000177e-03	5.708434099999999683e-11	5.323746970151937812e-04
1.356395900000000130e-03	5.695377500000000245e-11	5.368313220354758520e-04
1.353281400000000152e-03	5.687396700000000215e-11	5.307214177810218574e-04
1.350166799999999922e-03	5.671731099999999773e-11	5.392142655906808409e-04
1.347052300000000161e-03	5.654167400000000285e-11	5.403959912798451471e-04
1.343937699999999931e-03	5.644805499999999802e-11	5.341920736341707662e-04
1.340823199999999953e-03	5.638427200000000077e-11	5.407801004175554925e-04
1.337708499999999906e-03	5.615994499999999714e-11	5.346668630455747237e-04
1.334594000000000145e-03	5.607822900000000048e-11	5.390336596616193427e-04
1.331479399999999915e-03	5.600904500000000028e-11	5.474636189849808789e-04
1.328364899999999937e-03	5.592341199999999783e-11	5.454813538172429777e-04
1.325250299999999925e-03	5.575738800000000104e-11	5.383573772712283052e-04
1.322135799999999946e-03	5.564714999999999922e-11	5.418458760295579227e-04
1.319021099999999900e-03	5.535693799999999985e-11	5.447550531660942056e-04
1.315906599999999921e-03	5.521792400000000135e-11	5.378886897387017384e-04
1.312792000000000125e-03	5.527537099999999873e-11	5.339783224580866563e-04
1.309677399999999896e-03	5.490845999999999725e-11	5.368577677530036009e-04
1.306562900000000135e-03	5.485962700000000288e-11	5.432145679713344406e-04
1.303448200000000088e-03	5.476166399999999780e-11	5.414356071732091130e-04
1.300333700000000110e-03	5.474284599999999803e-11	5.364580887754501724e-04
1.297219099999999880e-03	5.459202899999999738e-11	5.395314874961799206e-04
1.294104600000000119e-03	5.439496799999999764e-11	5.394526444938720598e-04
1.290989999999999889e-03	5.418299799999999930e-11	5.434312248055520305e-04
1.287875499999999911e-03	5.398389000000000051e-11	5.397451816567856459e-04
1.284760799999999864e-03	5.396814599999999811e-11	5.455960161841311553e-04
1.281646300000000103e-03	5.384735399999999783e-11	5.406866483066916085e-04
1.278531699999999873e-03	5.387259699999999714e-11	5.462589533273662541e-04
1.275417199999999895e-03	5.371285700000000251e-11	5.438883717023565781e-04
1.272302600000000099e-03	5.365769299999999824e-11	5.450030378920016697e-04
1.269187900000000053e-03	5.353733799999999819e-11	5.479226873293875817e-04
1.266073400000000074e-03	5.329497600000000089e-11	5.473941114812429492e-04
1.262958800000000062e-03	5.314166099999999933e-11	5.384471030956667183e-04
1.259844300000000084e-03	5.318600399999999964e-11	5.482332495167245232e-04
1.256729699999999854e-03	5.290288000000000126e-11	5.447395193769691973e-04
1.253615200000000093e-03	5.284312200000000106e-11	5.456006721197206996e-04
1.250500500000000046e-03	5.273054199999999792e-11	5.424054762047079720e-04
1.247386000000000068e-03	5.272583800000000312e-11	5.431063010325221660e-04
1.244271400000000055e-03	5.248430499999999969e-11	5.442527600750696757e-04
1.241156800000000043e-03	5.230267999999999903e-11	5.442855339801840010e-04
1.238042300000000064e-03	5.194979200000000168e-11	5.390833507766694182e-04
1.234927700000000052e-03	5.195259200000000243e-11	5.417446689958148364e-04
1.231813100000000039e-03	5.211226899999999947e-11	5.429061800780019984e-04
1.228698600000000061e-03	5.200990299999999886e-11	5.425442129279640533e-04
1.225584000000000048e-03	5.177709300000000320e-11	5.434861912826172755e-04
1.222469400000000036e-03	5.163523399999999736e-11	5.355766794319708184e-04
1.219354899999999841e-03	5.138433100000000040e-11	5.493480515731321168e-04
1.216240200000000011e-03	5.135007999999999681e-11	5.416920065345003478e-04
1.213125700000000032e-03	5.132418400000000183e-11	5.438938097383237474e-04
1.210011100000000020e-03	5.110576899999999886e-11	5.440998413610081356e-04
1.206896600000000042e-03	5.096741399999999950e-11	5.345047227925690597e-04
1.203782000000000029e-03	5.091754799999999689e-11	5.409786620632478765e-04
1.200667400000000017e-03	5.081502899999999843e-11	5.456896736162954739e-04
1.197552800000000004e-03	5.068676400000000110e-11	5.424128389607081255e-04
1.194438300000000026e-03	5.046271400000000227e-11	5.407643986821957655e-04
1.191323700000000013e-03	5.017692499999999705e-11	5.374847954386262816e-04
1.188209100000000001e-03	5.015030100000000187e-11	5.456039183186882097e-04
1.185094600000000022e-03	4.984301500000000136e-11	5.405054064501324919e-04
1.181980000000000010e-03	4.980948299999999923e-11	5.477560471299984090e-04
1.178865399999999997e-03	4.979940399999999709e-11	5.457805654739393162e-04
1.175750900000000019e-03	4.972244499999999998e-11	5.443229896795843481e-04
1.172636300000000006e-03	4.952268499999999963e-11	5.426991102108311323e-04
1.169521699999999994e-03	4.942531500000000082e-11	5.487994279959785985e-04
1.166407200000000016e-03	4.926028300000000153e-11	5.499300765046794513e-04
1.163292499999999969e-03	4.912804900000000070e-11	5.388055248874815172e-04
1.160177999999999991e-03	4.915704600000000218e-11	5.467144519066533849e-04
1.157063399999999978e-03	4.895942999999999871e-11	5.435141717783568797e-04
1.153948799999999966e-03	4.886939800000000304e-11	5.478110438506934117e-04
1.150834299999999987e-03	4.873564699999999892e-11	5.495020877992170052e-04
1.147719699999999975e-03	4.854051899999999705e-11	5.513776233130880233e-04
1.144605099999999962e-03	4.841475100000000004e-11	5.483514524829438902e-04
1.141490599999999984e-03	4.834246900000000154e-11	5.458325378386525220e-04
1.138375999999999971e-03	4.823737599999999707e-11	5.467620249106100406e-04
1.135261399999999959e-03	4.809926799999999812e-11	5.459577139696668259e-04
1.132146899999999980e-03	4.796454899999999743e-11	5.522558751522126108e-04
1.129032199999999934e-03	4.775141000000000282e-11	5.462140274352780605e-04
1.125917699999999955e-03	4.758276399999999817e-11	5.482168714038163169e-04
1.122803099999999943e-03	4.744208500000000141e-11	5.504285378097483914e-04
1.119688499999999930e-03	4.718681000000000096e-11	5.526757329919342694e-04
1.116573999999999952e-03	4.723926100000000300e-11	5.465176803468397909e-04
1.113459399999999939e-03	4.701207499999999686e-11	5.501147806899894192e-04
1.110344800000000144e-03	4.690109399999999911e-11	5.459581039208076482e-04
1.107230299999999949e-03	4.663559100000000099e-11	5.485447249296370288e-04
1.104115699999999936e-03	4.668307100000000272e-11	5.438039797657711564e-04
1.101001099999999924e-03	4.666974099999999797e-11	5.514277872832196864e-04
1.097886599999999945e-03	4.660333599999999932e-11	5.460214813139031712e-04
1.094771999999999933e-03	4.646718099999999686e-11	5.538447736334947821e-04
1.091657399999999920e-03	4.621603400000000122e-11	5.474153740884679827e-04
1.088542799999999908e-03	4.608892099999999681e-11	5.582978450865505680e-04
1.085428300000000146e-03	4.581972299999999827e-11	5.456329713391179677e-04
1.082313699999999917e-03	4.557425599999999862e-11	5.517259583678495779e-04
1.079199199999999938e-03	4.570900599999999782e-11	5.522478524488127778e-04
1.076084499999999892e-03	4.566652299999999848e-11	5.514987702996804707e-04
1.072970000000000130e-03	4.551280899999999924e-11	5.457244472133678274e-04
1.069855400000000118e-03	4.530612300000000094e-11	5.462017940105086660e-04
1.066740800000000105e-03	4.523394900000000016e-11	5.460785939318601534e-04
1.063626299999999910e-03	4.509955600000000025e-11	5.500813736644126787e-04
1.060511699999999898e-03	4.500093699999999776e-11	5.550120128450818958e-04
1.057397100000000102e-03	4.480963199999999911e-11	5.452429590284655096e-04
1.054282599999999907e-03	4.476985399999999738e-11	5.496189373938443860e-04
1.051167999999999894e-03	4.461032200000000004e-11	5.483931213358033763e-04
1.048053399999999882e-03	4.451256699999999870e-11	5.536341972699336837e-04
1.044938900000000120e-03	4.437967399999999873e-11	5.423102692978326806e-04
1.041824200000000073e-03	4.421575999999999859e-11	5.500667411092929546e-04
1.038709700000000095e-03	4.414414000000000096e-11	5.547996704155312752e-04
1.035595099999999866e-03	4.413850499999999863e-11	5.442784135852807509e-04
1.032480499999999853e-03	4.388885099999999890e-11	5.463687737766205607e-04
1.029366000000000092e-03	4.375704299999999842e-11	5.481518302382585445e-04
1.026251400000000079e-03	4.357499399999999857e-11	5.511473333322956716e-04
1.023136800000000067e-03	4.348747800000000127e-11	5.466392293194589523e-04
1.020022300000000088e-03	4.330229600000000231e-11	5.514886815000651912e-04
1.016907700000000076e-03	4.318750200000000065e-11	5.455878185590907819e-04
1.013793100000000063e-03	4.299342100000000218e-11	5.530125838613463929e-04
1.010678599999999868e-03	4.284292000000000300e-11	5.490061220043517118e-04
1.007563900000000038e-03	4.279566600000000248e-11	5.451753131251965180e-04
1.004449400000000060e-03	4.265702000000000316e-11	5.529358493233643007e-04
1.001334800000000047e-03	4.263096800000000213e-11	5.479417750357136983e-04
9.982202900000001090e-04	4.241525899999999736e-11	5.463674028851602058e-04
9.951056500000000395e-04	4.221204600000000057e-11	5.499808728970359464e-04
9.919911600000000211e-04	4.225858899999999778e-11	5.530284749012559118e-04
9.888765200000001684e-04	4.204538100000000211e-11	5.436036946411843419e-04
9.857619599999999961e-04	4.205877000000000215e-11	5.526879805339099828e-04
9.826473900000000806e-04	4.186081300000000216e-11	5.504720142300892046e-04
9.795328199999999482e-04	4.153436599999999775e-11	5.529980111315281740e-04
9.764182599999999927e-04	4.146975500000000074e-11	5.520261090832636382e-04
9.733036899999999688e-04	4.144888299999999788e-11	5.506111625373710447e-04
9.701891199999999448e-04	4.133819999999999767e-11	5.493309368848442280e-04
9.670744799999999837e-04	4.120291600000000041e-11	5.466379938907302326e-04
9.639599899999999654e-04	4.102731299999999930e-11	5.500598823226553538e-04
9.608453500000000043e-04	4.079488499999999798e-11	5.469501560566983117e-04
9.577308599999999859e-04	4.073895399999999686e-11	5.538932687499722183e-04
9.546162199999999164e-04	4.049976699999999706e-11	5.513039149915916664e-04
9.515017300000000065e-04	4.044322499999999865e-11	5.521115717364614376e-04
9.483870899999999370e-04	4.045908100000000108e-11	5.502141428692215947e-04
9.452725200000000215e-04	4.033869799999999780e-11	5.571608737339574843e-04
9.421579499999999975e-04	4.010787499999999887e-11	5.548716379007285170e-04
9.390433900000000420e-04	3.999645399999999916e-11	5.483195324321089468e-04
9.359288200000000181e-04	3.990878499999999755e-11	5.476697756993713579e-04
9.328142599999999542e-04	3.990216500000000176e-11	5.481027352654577493e-04
9.296996900000000386e-04	3.959081700000000223e-11	5.531038676669380741e-04
9.265850499999999691e-04	3.941984599999999961e-11	5.436298847532105910e-04
9.234705599999999508e-04	3.923475800000000321e-11	5.480799594479398608e-04
9.203559199999999897e-04	3.908600199999999677e-11	5.508246353197395221e-04
9.172414199999999029e-04	3.900353700000000072e-11	5.419549091632194088e-04
9.141267799999999418e-04	3.899762800000000178e-11	5.522209015189150430e-04
9.110122900000000318e-04	3.894633899999999844e-11	5.504851492886393650e-04
9.078976499999999623e-04	3.877063899999999950e-11	5.464795193445668060e-04
9.047830799999999384e-04	3.863516799999999769e-11	5.522224546254719249e-04
9.016685200000000913e-04	3.838182500000000099e-11	5.545949095894597922e-04
8.985539500000000674e-04	3.833293399999999900e-11	5.493122190798084819e-04
8.954393900000000035e-04	3.830509199999999864e-11	5.470249985810751552e-04
8.923248199999999795e-04	3.811026799999999777e-11	5.501435179729679105e-04
8.892102499999999556e-04	3.792474300000000114e-11	5.525882171374000900e-04
8.860956900000000001e-04	3.776223399999999780e-11	5.480089467764434879e-04
8.829811199999999761e-04	3.764046699999999691e-11	5.489885466456139026e-04
8.798664800000000150e-04	3.744948400000000320e-11	5.465599713166887112e-04
8.767519899999999967e-04	3.749572199999999883e-11	5.555832589608610114e-04
8.736373499999999272e-04	3.724734399999999897e-11	5.483903395030346800e-04
8.705228600000000172e-04	3.725469599999999727e-11	5.603688140184701419e-04
8.674082199999999477e-04	3.710721999999999948e-11	5.471548489945583576e-04
8.642936499999999238e-04	3.694532899999999746e-11	5.595021686910284014e-04
8.611790800000001167e-04	3.676468199999999915e-11	5.504138521965412298e-04
8.580645200000000528e-04	3.682815200000000312e-11	5.537998463190288564e-04
8.549499500000000288e-04	3.660399400000000010e-11	5.509349502631576525e-04
8.518353800000000049e-04	3.648810800000000138e-11	5.495598370270710553e-04
8.487208200000000494e-04	3.632135899999999966e-11	5.519663913906105480e-04
8.456062500000000254e-04	3.608214100000000136e-11	5.476910867061735976e-04
8.424916899999999615e-04	3.605558900000000250e-11	5.497041073113983004e-04
8.393770500000000004e-04	3.598672099999999731e-11	5.557727622736334874e-04
8.362625499999999136e-04	3.583048799999999797e-11	5.497570112715311277e-04
8.331479099999999525e-04	3.575646400000000200e-11	5.523259262313124545e-04
8.300334199999999342e-04	3.556732700000000117e-11	5.476988654440810914e-04
8.269187799999999731e-04	3.527992099999999955e-11	5.552223227800573120e-04
8.238042900000000631e-04	3.508509499999999753e-11	5.470009958998763066e-04
8.206896499999998852e-04	3.508255499999999823e-11	5.462595901017499103e-04
8.175750800000000781e-04	3.501790900000000041e-11	5.504920636168683656e-04
8.144605200000000142e-04	3.485977500000000228e-11	5.480258283619419187e-04
8.113459499999999902e-04	3.471407200000000048e-11	5.537811438933894345e-04
8.082313800000000747e-04	3.461604300000000253e-11	5.517737713549623023e-04
8.051168200000000108e-04	3.454593199999999712e-11	5.574970741550330311e-04
8.020022499999999869e-04	3.440534300000000061e-11	5.533710104768122190e-04
7.988876100000000258e-04	3.422534099999999982e-11	5.567336089301165190e-04
7.957731200000000074e-04	3.411218199999999848e-11	5.524914900999213733e-04
7.926584800000000463e-04	3.404548199999999757e-11	5.547149993207824712e-04
7.895439899999999196e-04	3.393768300000000137e-11	5.539570842201917969e-04
7.864293499999999585e-04	3.371539199999999690e-11	5.571493554346224368e-04
7.833148500000000885e-04	3.343221900000000255e-11	5.498849783598865363e-04
7.802002099999999106e-04	3.324953499999999803e-11	5.509609629400827845e-04
7.770856499999999551e-04	3.322912100000000106e-11	5.516738449531267009e-04
7.739710800000000395e-04	3.313704500000000161e-11	5.565337238412256795e-04
7.708565100000000156e-04	3.310979600000000106e-11	5.555812057008493446e-04
7.677419500000000601e-04	3.303755199999999865e-11	5.519623575005378792e-04
7.646273800000000362e-04	3.282430199999999812e-11	5.499233272175704356e-04
7.615128199999999722e-04	3.251564299999999989e-11	5.467562863918296523e-04
7.583982499999999483e-04	3.230046399999999734e-11	5.527067807227557892e-04
7.552836800000000328e-04	3.230634499999999950e-11	5.581341663209150004e-04
7.521691199999999689e-04	3.232086499999999973e-11	5.496472529003677528e-04
7.490544800000000078e-04	3.223665399999999743e-11	5.480416744117701158e-04
7.459399099999999838e-04	3.196839299999999694e-11	5.598204560640858462e-04
7.428253399999999599e-04	3.188588999999999834e-11	5.492415919282874273e-04
7.397107800000000044e-04	3.187002100000000133e-11	5.580929417257476715e-04
7.365962099999999804e-04	3.168001599999999703e-11	5.573262874177092310e-04
7.334816500000000249e-04	3.154342400000000080e-11	5.543114845470996409e-04
7.303670800000001094e-04	3.141056899999999692e-11	5.487789710625192233e-04
7.272525100000000855e-04	3.122425599999999777e-11	5.553366615930578143e-04
7.241379500000000215e-04	3.102798600000000228e-11	5.583765435136512625e-04
7.210233799999999976e-04	3.094002099999999782e-11	5.547612131899518810e-04
7.179088099999999736e-04	3.086255599999999942e-11	5.522516180292968155e-04
7.147942500000000181e-04	3.076370399999999814e-11	5.559951567192468382e-04
7.116796799999999942e-04	3.058399000000000204e-11	5.474609396830188357e-04
7.085651199999999303e-04	3.039396499999999912e-11	5.456554635334523234e-04
7.054504799999999692e-04	3.020326400000000018e-11	5.545530251831613843e-04
7.023359099999999453e-04	3.014587899999999981e-11	5.566880260207752226e-04
6.992213399999999213e-04	3.008971199999999816e-11	5.547033664994921367e-04
6.961067799999999658e-04	2.988909099999999838e-11	5.516947669765138009e-04
6.929922099999999419e-04	2.966904499999999740e-11	5.531534221105140984e-04
6.898776399999999179e-04	2.964070700000000153e-11	5.563270721813492374e-04
6.867630800000000708e-04	2.952002199999999839e-11	5.452986740750529870e-04
6.836485100000000469e-04	2.933277200000000118e-11	5.537367916208289862e-04
6.805339499999999830e-04	2.921770799999999876e-11	5.515107041727895874e-04
6.774193800000000674e-04	2.905059399999999959e-11	5.577155404013024514e-04
6.743048100000000435e-04	2.891769599999999997e-11	5.571636754612481913e-04
6.711902499999999796e-04	2.883139700000000081e-11	5.556801722384913924e-04
6.680756799999999556e-04	2.867428699999999927e-11	5.463829508724836036e-04
6.649610399999999946e-04	2.852890800000000032e-11	5.470660362742761412e-04
6.618464699999999706e-04	2.848056500000000124e-11	5.479655989688700293e-04
6.587319100000000151e-04	2.841186100000000024e-11	5.516708014401246413e-04
6.556173399999999912e-04	2.816584799999999883e-11	5.555198150359533108e-04
6.525027799999999273e-04	2.799467399999999858e-11	5.490727847818671539e-04
6.493882099999999033e-04	2.796780299999999975e-11	5.581738580915472777e-04
6.462736400000000962e-04	2.786690499999999999e-11	5.578739338518809866e-04
6.431590800000000323e-04	2.769834000000000009e-11	5.521684253180420866e-04
6.400445100000000083e-04	2.752754800000000063e-11	5.479670423789216680e-04
6.369299399999999844e-04	2.725016000000000149e-11	5.559145589306936294e-04
6.338153800000000289e-04	2.719088099999999992e-11	5.513466679947487924e-04
6.307008100000000049e-04	2.715469500000000055e-11	5.418208840009124420e-04
6.275862499999999410e-04	2.704590400000000039e-11	5.529583422429018656e-04
6.244716800000000255e-04	2.692020900000000029e-11	5.520446236354436490e-04
6.213570399999999560e-04	2.682946199999999900e-11	5.517955324938072928e-04
6.182424700000000405e-04	2.651874699999999975e-11	5.551879407031154023e-04
6.151279099999999765e-04	2.627611499999999845e-11	5.538429588962007514e-04
6.120133400000000610e-04	2.619864199999999866e-11	5.526715375126950739e-04
6.088987700000000371e-04	2.627284000000000137e-11	5.529579249958545143e-04
6.057842099999999732e-04	2.605539700000000052e-11	5.537150674597110826e-04
6.026696399999999492e-04	2.597884200000000075e-11	5.525844404844049802e-04
5.995550799999999937e-04	2.589469399999999928e-11	5.531580247114535782e-04
5.964405099999999698e-04	2.576525299999999840e-11	5.516624049030945240e-04
5.933259400000000542e-04	2.558992400000000037e-11	5.489056774920186800e-04
5.902113799999999903e-04	2.551126699999999888e-11	5.491253305487622154e-04
5.870968099999999664e-04	2.534093899999999908e-11	5.534962186605425815e-04
5.839822399999999424e-04	2.520142300000000160e-11	5.403904873827715871e-04
5.808675999999999813e-04	2.509198200000000103e-11	5.458497040999592698e-04
5.777530400000000258e-04	2.490537799999999869e-11	5.568776641214507597e-04
5.746384700000000019e-04	2.480666700000000125e-11	5.527930562972765104e-04
5.715238999999999779e-04	2.474167400000000022e-11	5.600216015190732227e-04
5.684093400000000225e-04	2.467301200000000085e-11	5.606022516815694625e-04
5.652947699999999985e-04	2.447760100000000040e-11	5.500330871154013833e-04
5.621802100000000430e-04	2.432005100000000013e-11	5.463322933090366314e-04
5.590656400000000191e-04	2.422175100000000084e-11	5.564153634739459195e-04
5.559510699999999951e-04	2.407445399999999976e-11	5.456246691700444417e-04
5.528365100000000396e-04	2.388020199999999951e-11	5.441924051173932823e-04
5.497219400000000157e-04	2.382612200000000061e-11	5.522423952659354226e-04
5.466073799999999518e-04	2.365528400000000044e-11	5.413379731531438137e-04
5.434928100000000362e-04	2.355222100000000137e-11	5.485507142225993279e-04
5.403782400000000123e-04	2.340134999999999863e-11	5.526927582947785585e-04
5.372636000000000512e-04	2.327993899999999968e-11	5.584719404390217417e-04
5.341490399999999873e-04	2.318648899999999870e-11	5.593308051192844195e-04
5.310344699999999633e-04	2.306933300000000033e-11	5.528947538625015668e-04
5.279198999999999394e-04	2.286763499999999922e-11	5.546126661823798853e-04
5.248053399999999839e-04	2.271831500000000002e-11	5.506743520753066461e-04
5.216907699999999599e-04	2.257210200000000107e-11	5.526290789302924344e-04
5.185762000000000444e-04	2.255781299999999849e-11	5.507925829256134134e-04
5.154616399999999805e-04	2.244155699999999943e-11	5.476209460884411693e-04
5.123470699999999566e-04	2.231978700000000004e-11	5.503495247132095128e-04
5.092325100000000011e-04	2.217290200000000091e-11	5.533923597794398455e-04
5.061179399999999771e-04	2.203037199999999869e-11	5.519154653869832268e-04
5.030033699999999532e-04	2.184716800000000096e-11	5.492664750193199628e-04
4.998888099999999977e-04	2.175695600000000155e-11	5.633305774205792484e-04
4.967741700000000366e-04	2.163200699999999911e-11	5.496893316808825359e-04
4.936596000000000126e-04	2.149969599999999907e-11	5.507425193183422421e-04
4.905450299999999887e-04	2.137158299999999901e-11	5.545262393363129851e-04
4.874304699999999790e-04	2.119138400000000081e-11	5.493795422964561264e-04
4.843158999999999550e-04	2.103091300000000102e-11	5.544999272430210444e-04
4.812013399999999995e-04	2.093536600000000121e-11	5.527359097200453333e-04
4.780867700000000298e-04	2.081358200000000020e-11	5.548806168857012668e-04
4.749722000000000059e-04	2.067567799999999946e-11	5.557558118049371913e-04
4.718576399999999962e-04	2.057256799999999910e-11	5.530291167261945943e-04
4.687430699999999722e-04	2.036196699999999940e-11	5.527621001354364461e-04
4.656285000000000025e-04	2.023555800000000072e-11	5.480693296990603574e-04
4.625139399999999928e-04	2.014203200000000111e-11	5.488599098425695150e-04
4.593993700000000230e-04	2.006303799999999895e-11	5.591593677250444698e-04
4.562848099999999591e-04	1.999726100000000094e-11	5.514465925059718358e-04
4.531701699999999980e-04	1.979476000000000157e-11	5.480407476809904350e-04
4.500555999999999741e-04	1.961076600000000017e-11	5.582005209312189669e-04
4.469410300000000043e-04	1.952706900000000055e-11	5.542870173316995393e-04
4.438264699999999946e-04	1.943606600000000011e-11	5.544747870867033262e-04
4.407119000000000249e-04	1.932219699999999928e-11	5.558355090727931094e-04
4.375973300000000009e-04	1.918082899999999899e-11	5.569365139639602131e-04
4.344827699999999912e-04	1.903308800000000009e-11	5.563085050376522563e-04
4.313681999999999673e-04	1.889829400000000134e-11	5.571404458560093613e-04
4.282536399999999576e-04	1.872743800000000048e-11	5.522502344793599801e-04
4.251390699999999878e-04	1.857771099999999897e-11	5.516488979466443012e-04
4.220245000000000181e-04	1.850327400000000047e-11	5.499848156106942150e-04
4.189099400000000084e-04	1.836940300000000139e-11	5.505684420339442562e-04
4.157953699999999845e-04	1.821215099999999866e-11	5.542479499039793759e-04
4.126807300000000234e-04	1.807470000000000093e-11	5.577176127148401278e-04
4.095661599999999994e-04	1.796420300000000146e-11	5.601227307182896163e-04
4.064515999999999897e-04	1.784782600000000041e-11	5.556018300924837590e-04
4.033370299999999658e-04	1.773966900000000112e-11	5.582961192518068978e-04
4.002224699999999561e-04	1.763837999999999860e-11	5.522368153685556624e-04
3.971079000000000405e-04	1.742348599999999901e-11	5.617392139696676234e-04
3.939933300000000166e-04	1.725747100000000095e-11	5.606599580847429704e-04
3.908787700000000069e-04	1.715648999999999852e-11	5.583813116082157312e-04
3.877641999999999829e-04	1.698115799999999876e-11	5.573597609820983003e-04
3.846496299999999590e-04	1.692612399999999845e-11	5.536390873925858738e-04
3.815350700000000577e-04	1.679317099999999939e-11	5.609260709392153337e-04
3.784205000000000338e-04	1.665537800000000133e-11	5.580017287409322086e-04
3.753059400000000241e-04	1.650008599999999913e-11	5.611818027513108516e-04
3.721913700000000001e-04	1.635654300000000021e-11	5.564876185928109131e-04
3.690767300000000390e-04	1.619330700000000048e-11	5.665182105383116239e-04
3.659621600000000151e-04	1.604722100000000053e-11	5.541773019115954317e-04
3.628476000000000054e-04	1.600563300000000085e-11	5.558774518516374635e-04
3.597330299999999814e-04	1.585628699999999956e-11	5.601686567409782172e-04
3.566184599999999575e-04	1.569567700000000031e-11	5.559848272642650474e-04
3.535039000000000020e-04	1.558554300000000037e-11	5.540221929148673920e-04
3.503893300000000322e-04	1.550592100000000081e-11	5.570276536960882315e-04
3.472747700000000225e-04	1.533539100000000073e-11	5.598358706813309164e-04
3.441601999999999986e-04	1.519131000000000143e-11	5.611749528546970591e-04
3.410456299999999746e-04	1.507364200000000154e-11	5.610084194126212708e-04
3.379310700000000191e-04	1.492911399999999947e-11	5.578433581209538226e-04
3.348164999999999952e-04	1.477747599999999987e-11	5.595567983490897521e-04
3.317019300000000255e-04	1.469413999999999862e-11	5.622925820267246026e-04
3.285872900000000102e-04	1.451515199999999995e-11	5.602829353372424997e-04
3.254727300000000005e-04	1.436804300000000076e-11	5.605355761155015768e-04
3.223581600000000307e-04	1.427851500000000037e-11	5.637432609232762709e-04
3.192435999999999668e-04	1.413990400000000025e-11	5.632334373246872120e-04
3.161290299999999971e-04	1.388987299999999937e-11	5.582478201535072794e-04
3.130144599999999731e-04	1.380358199999999998e-11	5.620773410042669439e-04
3.098998999999999634e-04	1.365242000000000051e-11	5.623410904125040371e-04
3.067853299999999937e-04	1.358645299999999944e-11	5.644540993726667117e-04
3.036707600000000239e-04	1.345730499999999968e-11	5.692986332413387971e-04
3.005562000000000142e-04	1.333745399999999977e-11	5.594711186378415997e-04
2.974416299999999903e-04	1.320661499999999966e-11	5.573260410054874407e-04
2.943270699999999806e-04	1.305980500000000021e-11	5.646852576455713190e-04
2.912125000000000108e-04	1.291934500000000062e-11	5.719939546732554034e-04
2.880979299999999869e-04	1.277493899999999951e-11	5.679177262701303299e-04
2.849832899999999716e-04	1.262983400000000040e-11	5.640915444827539855e-04
2.818687300000000161e-04	1.252596900000000042e-11	5.634689190303317826e-04
2.787541599999999922e-04	1.240499199999999998e-11	5.666795163049608616e-04
2.756395899999999682e-04	1.221200600000000030e-11	5.716912427430795827e-04
2.725250300000000127e-04	1.208638499999999929e-11	5.677301743368822927e-04
2.694104599999999888e-04	1.196065800000000011e-11	5.667203746443038020e-04
2.662958899999999648e-04	1.175260400000000052e-11	5.645943685125926967e-04
2.631813300000000093e-04	1.167072899999999931e-11	5.636697687380270516e-04
2.600667599999999854e-04	1.152559900000000031e-11	5.632712645586032772e-04
2.569522000000000299e-04	1.138224800000000076e-11	5.649793992811723200e-04
2.538376300000000059e-04	1.127599200000000024e-11	5.752149034640352456e-04
2.507230599999999820e-04	1.112987200000000006e-11	5.644605355122749588e-04
2.476085000000000265e-04	1.099541699999999990e-11	5.695142276043754738e-04
2.444938600000000112e-04	1.087223799999999978e-11	5.738399314456648801e-04
2.413792899999999872e-04	1.073978899999999924e-11	5.668249913666162463e-04
2.382647200000000175e-04	1.058681599999999963e-11	5.710523297583299700e-04
2.351501600000000078e-04	1.043134299999999957e-11	5.708509171466468477e-04
2.320355899999999839e-04	1.034576000000000014e-11	5.705996336455824861e-04
2.289210300000000013e-04	1.019465100000000056e-11	5.700539210492152481e-04
2.258064600000000044e-04	1.004739200000000041e-11	5.766851123917778087e-04
2.226918900000000076e-04	9.892504400000000626e-12	5.696039669329191644e-04
2.195773299999999979e-04	9.711877999999999666e-12	5.750064038554192434e-04
2.164627600000000010e-04	9.626043000000000164e-12	5.693625596089097905e-04
2.133481900000000042e-04	9.507240499999999671e-12	5.646315399325136384e-04
2.102336299999999945e-04	9.368050599999999794e-12	5.640976361069795393e-04
2.071190599999999976e-04	9.187632399999999467e-12	5.694565136982371366e-04
2.040045000000000150e-04	9.050685500000000310e-12	5.732897711308831534e-04
2.008898599999999997e-04	8.923894599999999278e-12	5.658273932135504539e-04
1.977752899999999758e-04	8.797444499999999491e-12	5.806115906227541290e-04
1.946607200000000060e-04	8.685562700000000347e-12	5.756985166250371596e-04
1.915461599999999963e-04	8.545143800000000253e-12	5.706642309771924743e-04
1.884315900000000266e-04	8.433885500000000757e-12	5.740220978273568794e-04
1.853170200000000027e-04	8.306519500000000551e-12	5.728345762293163626e-04
1.822024599999999930e-04	8.177906299999999315e-12	5.716366091733248887e-04
1.790878900000000232e-04	7.996030100000000672e-12	5.740741291224511680e-04
1.759733299999999864e-04	7.858679899999999733e-12	5.749914587494715269e-04
1.728587599999999896e-04	7.717960000000000366e-12	5.727866977753171690e-04
1.697441900000000198e-04	7.589312000000000045e-12	5.719702184419179700e-04
1.666296299999999830e-04	7.480404300000000375e-12	5.751103256847941167e-04
1.635150599999999862e-04	7.353484100000000635e-12	5.778146303289532658e-04
1.604004199999999980e-04	7.200086900000000098e-12	5.746168866782111213e-04
1.572858500000000011e-04	7.050510299999999784e-12	5.775008559936679799e-04
1.541712899999999914e-04	6.903986900000000178e-12	5.752723234301331976e-04
1.510567199999999946e-04	6.781792599999999809e-12	5.741423161809514628e-04
1.479421600000000120e-04	6.652890499999999822e-12	5.819457230218653054e-04
1.448276600000000065e-04	6.512803299999999761e-12	5.804132043788767792e-04
1.417130199999999912e-04	6.374503800000000124e-12	5.777908876458344488e-04
1.385983800000000030e-04	6.214531099999999601e-12	5.748185636229860085e-04
1.354838899999999847e-04	6.057225000000000375e-12	5.788378912218129432e-04
1.323692499999999965e-04	5.961737999999999653e-12	5.819323307989973095e-04
1.292547600000000052e-04	5.835962399999999876e-12	5.759343674113182260e-04
1.261401200000000170e-04	5.693722000000000041e-12	5.799023421397149752e-04
1.230256299999999987e-04	5.532428200000000258e-12	5.780918235691100224e-04
1.199109899999999969e-04	5.381368500000000063e-12	5.706843910566951773e-04
1.167964900000000050e-04	5.267208500000000073e-12	5.810121420905836566e-04
1.136818499999999897e-04	5.120214600000000283e-12	5.756154006347987979e-04
1.105673599999999984e-04	4.993879900000000066e-12	5.782675375464752529e-04
1.074527199999999967e-04	4.858720200000000237e-12	5.776450497524704842e-04
1.043382300000000054e-04	4.731937099999999668e-12	5.807937078617125175e-04
1.012235899999999901e-04	4.590722800000000053e-12	5.798311947578314429e-04
9.810894700000000039e-05	4.456891899999999890e-12	5.766239832675801617e-04
9.499445599999999958e-05	4.327260799999999938e-12	5.864724340073116347e-04
9.187981499999998828e-05	4.177604399999999602e-12	5.793793485950349828e-04
8.876532300000000502e-05	4.023260500000000252e-12	5.889096859893629523e-04
8.565068199999999372e-05	3.900931699999999789e-12	5.842044071789015500e-04
8.253619099999999291e-05	3.761324200000000376e-12	5.824514882193810444e-04
7.942154999999999517e-05	3.610340500000000029e-12	5.789031273670215217e-04
7.630705799999999836e-05	3.462100400000000191e-12	5.799496455470035073e-04
7.319241799999999661e-05	3.326925999999999954e-12	5.837583641260810433e-04
7.007792599999999980e-05	3.187125900000000028e-12	5.804991332829914684e-04
6.696328500000000206e-05	3.033226199999999817e-12	5.803747885665245078e-04
6.384879400000000125e-05	2.895487700000000100e-12	5.864760925712006511e-04
6.073415300000000350e-05	2.767547899999999854e-12	5.838137493629553436e-04
5.761966099999999991e-05	2.639821700000000127e-12	5.845604949558238584e-04
5.450502000000000217e-05	2.484456899999999925e-12	5.858102462890310298e-04
5.139038000000000042e-05	2.333641099999999969e-12	5.799160475441661770e-04
4.827588800000000361e-05	2.190058500000000003e-12	5.815625001085400697e-04
4.516124699999999909e-05	2.059035200000000136e-12	5.854347215456439995e-04
4.204675599999999828e-05	1.931179800000000144e-12	5.864006750518412992e-04
3.893211500000000054e-05	1.768056399999999983e-12	5.816103962020685320e-04
3.581762300000000373e-05	1.631025200000000024e-12	5.838887132397143232e-04
3.270298199999999920e-05	1.490111500000000057e-12	5.792578302470382341e-04
2.958849099999999840e-05	1.355381999999999970e-12	5.818401835178984953e-04
2.647385000000000065e-05	1.218604800000000022e-12	5.859046465763726765e-04
2.335935800000000045e-05	1.090696399999999929e-12	5.821947382672803878e-04
2.024471800000000209e-05	9.335825300000000331e-13	5.848074758813631919e-04
1.713022599999999851e-05	7.862168499999999549e-13	5.861302223351558477e-04
1.401558499999999907e-05	6.534996100000000498e-13	5.873670116414924465e-04
1.090094399999999962e-05	5.047561200000000038e-13	5.885041648274748046e-04
7.786452799999998939e-06	3.751223500000000147e-13	5.839422913352343121e-04
4.671812100000000163e-06	2.421531099999999910e-13	5.804171063894580712e-04
1.557320399999999993e-06	1.076979899999999938e-13	5.875705985266694567e-04
-1.557320399999999993e-06	-3.582563800000000006e-14	5.873717190162615126e-04
-4.671812100000000163e-06	-2.017359699999999876e-13	5.830692478076319150e-04
-7.786452799999998939e-06	-3.294803099999999827e-13	5.904349429817271327e-04
-1.090094399999999962e-05	-4.416428999999999821e-13	5.904861385871496612e-04
-1.401558499999999907e-05	-5.908918599999999625e-13	5.928624419935247776e-04
-1.713007699999999757e-05	-7.267423999999999629e-13	5.835894418917415404e-04
-2.024471800000000209e-05	-8.509605199999999983e-13	5.804354075575192222e-04
-2.335920899999999951e-05	-9.814799800000000028e-13	5.777686656360412829e-04
-2.647385000000000065e-05	-1.123383099999999977e-12	5.841370454428876065e-04
-2.958849099999999840e-05	-1.262946000000000100e-12	5.875710315320896047e-04
-3.270298199999999920e-05	-1.403732499999999946e-12	5.893380881571753677e-04
-3.581762300000000373e-05	-1.519728399999999912e-12	5.920175767808211502e-04
-3.893211500000000054e-05	-1.692697600000000076e-12	5.816935715813654519e-04
-4.204675599999999828e-05	-1.806402299999999972e-12	5.840444545371691141e-04
-4.516124699999999909e-05	-1.948853600000000181e-12	5.773717581808285836e-04
-4.827588800000000361e-05	-2.090044100000000194e-12	5.859054865027079739e-04
-5.139038000000000042e-05	-2.245337199999999800e-12	5.841073518000278533e-04
-5.450502000000000217e-05	-2.380189399999999834e-12	5.863480340791332778e-04
-5.761951199999999898e-05	-2.547248199999999845e-12	5.829489804580466903e-04
-6.073415300000000350e-05	-2.688791000000000069e-12	5.845049403095463857e-04
-6.384864400000000431e-05	-2.817173400000000146e-12	5.913932635961516955e-04
-6.696328500000000206e-05	-2.973609899999999830e-12	5.824758619477530229e-04
-7.007792599999999980e-05	-3.101391999999999918e-12	5.834624241681326704e-04
-7.319241799999999661e-05	-3.264658700000000002e-12	5.794887294548220318e-04
-7.630705799999999836e-05	-3.399167199999999943e-12	5.863650722032773613e-04
-7.942154999999999517e-05	-3.530779199999999969e-12	5.856841360690180848e-04
-8.253619099999999291e-05	-3.684266899999999838e-12	5.791337080783394648e-04
-8.565068199999999372e-05	-3.812367500000000012e-12	5.794624460676200050e-04
-8.876532300000000502e-05	-3.973642600000000309e-12	5.822491558811677438e-04
-9.187981499999998828e-05	-4.103516599999999923e-12	5.836867525834983769e-04
-9.499445599999999958e-05	-4.241771899999999894e-12	5.839239306260161086e-04
-9.810894700000000039e-05	-4.398425200000000329e-12	5.781321617495485156e-04
-1.012235899999999901e-04	-4.544928200000000275e-12	5.894418142949564522e-04
-1.043380799999999949e-04	-4.688680899999999884e-12	5.826269622522465674e-04
-1.074527199999999967e-04	-4.822240300000000030e-12	5.823406504378225105e-04
-1.105672100000000015e-04	-4.983588599999999770e-12	5.810970791081128926e-04
-1.136818499999999897e-04	-5.107286100000000314e-12	5.822108447129926935e-04
-1.167964900000000050e-04	-5.231965499999999796e-12	5.840093371555543688e-04
-1.199109899999999969e-04	-5.362834700000000371e-12	5.803843434625641402e-04
-1.230256299999999987e-04	-5.494246099999999707e-12	5.825371049707949106e-04
-1.261401200000000170e-04	-5.607813700000000230e-12	5.783773231835893014e-04
-1.292547600000000052e-04	-5.770499499999999811e-12	5.869985911640081874e-04
-1.323692499999999965e-04	-5.909931000000000215e-12	5.839432952818613158e-04
-1.354838899999999847e-04	-6.021442499999999664e-12	5.796032459916400760e-04
-1.385983800000000030e-04	-6.186241199999999988e-12	5.829362398948105496e-04
-1.417130199999999912e-04	-6.325762399999999667e-12	5.807059298835035759e-04
-1.448275100000000096e-04	-6.460207399999999706e-12	5.799496959919316899e-04
-1.479421600000000120e-04	-6.600199599999999858e-12	5.814005318924284679e-04
-1.510566500000000032e-04	-6.716435600000000293e-12	5.789277112299991796e-04
-1.541712899999999914e-04	-6.845419199999999666e-12	5.774835708444017507e-04
-1.572859299999999796e-04	-6.992666000000000044e-12	5.792826999943140060e-04
-1.604004199999999980e-04	-7.154549500000000159e-12	5.852733006152985827e-04
-1.635150599999999862e-04	-7.286554199999999482e-12	5.802975300375109698e-04
-1.666295500000000045e-04	-7.464130899999999331e-12	5.746374571496415135e-04
-1.697441900000000198e-04	-7.588481900000000686e-12	5.823268591358378649e-04
-1.728586899999999982e-04	-7.715201699999999449e-12	5.739020517376170610e-04
-1.759733299999999864e-04	-7.860059799999999817e-12	5.757757166128039776e-04
-1.790878200000000048e-04	-7.987532500000000226e-12	5.769280521652864029e-04
-1.822024599999999930e-04	-8.144416600000000607e-12	5.779760350315236994e-04
-1.853169500000000113e-04	-8.253647799999999614e-12	5.782014856398710661e-04
-1.884315900000000266e-04	-8.391782099999999206e-12	5.806326552569372312e-04
-1.915460799999999908e-04	-8.521401499999999675e-12	5.800611885523768250e-04
-1.946607200000000060e-04	-8.681956199999999316e-12	5.753231800485357397e-04
-1.977753599999999942e-04	-8.784931999999999750e-12	5.786894587919610890e-04
-2.008898599999999997e-04	-8.933485000000000481e-12	5.752467203245743626e-04
-2.040045000000000150e-04	-9.080588699999999839e-12	5.743004301437071388e-04
-2.071189899999999792e-04	-9.200338399999999433e-12	5.745315380048290335e-04
-2.102336299999999945e-04	-9.326435500000000625e-12	5.761674222485313208e-04
-2.133481200000000128e-04	-9.457210200000000770e-12	5.720510045483741170e-04
-2.164627600000000010e-04	-9.618952299999999231e-12	5.762295878932548448e-04
-2.195772500000000194e-04	-9.754587800000000688e-12	5.730923045385644858e-04
-2.226918900000000076e-04	-9.861674799999999463e-12	5.683015821466841627e-04
-2.258063899999999860e-04	-1.001454799999999963e-11	5.707902085137827935e-04
-2.289210300000000013e-04	-1.015101499999999964e-11	5.724188975210142086e-04
-2.320355199999999925e-04	-1.024139200000000059e-11	5.727521166519054146e-04
-2.351501600000000078e-04	-1.040437100000000060e-11	5.806214357229642431e-04
-2.382647999999999960e-04	-1.055316900000000059e-11	5.762359493997266154e-04
-2.413792899999999872e-04	-1.071904400000000022e-11	5.753583172133380514e-04
-2.444939300000000025e-04	-1.083083000000000061e-11	5.718488967704480654e-04
-2.476084200000000209e-04	-1.093141099999999994e-11	5.687494553640519250e-04
-2.507230599999999820e-04	-1.112978300000000038e-11	5.742524311093527827e-04
-2.538375600000000146e-04	-1.124438600000000003e-11	5.645154637060875507e-04
-2.569522000000000299e-04	-1.142617500000000003e-11	5.718676086563294304e-04
-2.600666899999999940e-04	-1.153673399999999974e-11	5.682381099862553360e-04
-2.631813300000000093e-04	-1.162421900000000015e-11	5.669373902117321720e-04
-2.662958199999999735e-04	-1.177512800000000059e-11	5.720026154178856547e-04
-2.694104599999999888e-04	-1.190530499999999983e-11	5.785815857625922895e-04
-2.725249500000000071e-04	-1.203803900000000010e-11	5.642378063631399822e-04
-2.756395899999999682e-04	-1.216976999999999975e-11	5.665841860529645608e-04
-2.787542299999999835e-04	-1.226639499999999986e-11	5.683129437811989875e-04
-2.818687300000000161e-04	-1.242762600000000055e-11	5.712484369973854382e-04
-2.849833699999999772e-04	-1.258780000000000014e-11	5.597665606099927341e-04
-2.880978599999999955e-04	-1.267160599999999967e-11	5.691637603201502894e-04
-2.912125000000000108e-04	-1.281894899999999985e-11	5.728557264501803279e-04
-2.943269899999999750e-04	-1.293862899999999960e-11	5.710904703799877906e-04
-2.974416299999999903e-04	-1.309240599999999966e-11	5.722833451997118423e-04
-3.005561200000000086e-04	-1.319502100000000023e-11	5.713942730781742477e-04
-3.036707600000000239e-04	-1.333596699999999925e-11	5.669590463153696344e-04
-3.067852600000000023e-04	-1.351457199999999978e-11	5.696049308070230688e-04
-3.098998999999999634e-04	-1.364388600000000005e-11	5.615014384810325734e-04
-3.130143899999999818e-04	-1.377036299999999921e-11	5.640422156141204754e-04
-3.161290299999999971e-04	-1.388374900000000072e-11	5.667557041533586182e-04
-3.192435200000000154e-04	-1.406229499999999950e-11	5.700387605869121702e-04
-3.223581600000000307e-04	-1.416743699999999995e-11	5.698888122992295645e-04
-3.254727999999999918e-04	-1.431533899999999969e-11	5.596450705575414710e-04
-3.285872900000000102e-04	-1.445863699999999935e-11	5.671369514959293413e-04
-3.317019300000000255e-04	-1.456118400000000106e-11	5.614035565691628598e-04
-3.348164300000000039e-04	-1.470255000000000019e-11	5.626362088429628190e-04
-3.379310700000000191e-04	-1.485580399999999885e-11	5.657845056890860400e-04
-3.410455600000000375e-04	-1.505028200000000031e-11	5.705841398845900875e-04
-3.441601999999999986e-04	-1.514974400000000153e-11	5.651515183348133952e-04
-3.472746899999999627e-04	-1.527433899999999995e-11	5.701855908480836380e-04
-3.503893300000000322e-04	-1.540247799999999886e-11	5.602338459509012764e-04
-3.535038199999999964e-04	-1.551837000000000105e-11	5.605633264058533342e-04
-3.566184599999999575e-04	-1.568287299999999870e-11	5.665578531564585425e-04
-3.597329600000000443e-04	-1.586750700000000120e-11	5.635637997100508912e-04
-3.628476000000000054e-04	-1.596385900000000043e-11	5.671511766793319769e-04
-3.659622399999999665e-04	-1.610295600000000161e-11	5.606389618151923996e-04
-3.690767300000000390e-04	-1.623114299999999915e-11	5.646773161849932008e-04
-3.721913700000000001e-04	-1.634518000000000003e-11	5.658208212445103033e-04
-3.753058599999999643e-04	-1.649097700000000117e-11	5.615644334633336596e-04
-3.784205000000000338e-04	-1.662055199999999863e-11	5.579470998217183177e-04
-3.815349899999999979e-04	-1.669303899999999914e-11	5.638002460422195192e-04
-3.846496299999999590e-04	-1.684987000000000119e-11	5.697313833038254987e-04
-3.877641300000000458e-04	-1.699346599999999839e-11	5.650323364122765424e-04
-3.908787700000000069e-04	-1.708433200000000051e-11	5.590230919707927073e-04
-3.939932599999999710e-04	-1.725116099999999994e-11	5.596923287913323566e-04
-3.971079000000000405e-04	-1.740784799999999964e-11	5.612135018526462132e-04
-4.002223900000000047e-04	-1.753574400000000045e-11	5.642115967886113768e-04
-4.033370299999999658e-04	-1.764823199999999895e-11	5.600669632595786694e-04
-4.064516700000000353e-04	-1.777202499999999969e-11	5.511017000133503667e-04
-4.095661599999999994e-04	-1.793738400000000034e-11	5.654462509496714639e-04
-4.126807999999999605e-04	-1.809004200000000068e-11	5.531553655427873901e-04
-4.157953000000000473e-04	-1.819157499999999865e-11	5.613701908106649577e-04
-4.189099400000000084e-04	-1.834517999999999959e-11	5.636042428404853437e-04
-4.220244299999999726e-04	-1.851553499999999881e-11	5.675572387157024794e-04
-4.251390699999999878e-04	-1.868749899999999951e-11	5.623900064665089292e-04
-4.282535600000000062e-04	-1.882359700000000138e-11	5.610737242735178284e-04
-4.313681999999999673e-04	-1.887425100000000005e-11	5.630224086402546005e-04
-4.344826899999999856e-04	-1.904158299999999904e-11	5.578164248746074342e-04
-4.375973300000000009e-04	-1.920336999999999918e-11	5.644334089232464283e-04
-4.407118299999999793e-04	-1.929194500000000035e-11	5.584950865132217151e-04
-4.438264699999999946e-04	-1.944414400000000068e-11	5.527897384165192645e-04
-4.469411100000000099e-04	-1.960846899999999897e-11	5.621818754259657984e-04
-4.500555999999999741e-04	-1.978626499999999940e-11	5.608835611487810640e-04
-4.531702399999999894e-04	-1.993634900000000020e-11	5.609722183669257466e-04
-4.562847300000000077e-04	-2.004137800000000003e-11	5.604447582130968027e-04
-4.593993700000000230e-04	-2.012934399999999861e-11	5.613400655055159581e-04
-4.625138599999999872e-04	-2.028251500000000105e-11	5.589908563486921389e-04
-4.656285000000000025e-04	-2.043642199999999860e-11	5.607216223225678546e-04
-4.687429999999999809e-04	-2.054487099999999844e-11	5.588300696900945844e-04
-4.718576399999999962e-04	-2.072744600000000142e-11	5.600147732935037296e-04
-4.749721300000000145e-04	-2.085734200000000001e-11	5.585805956243205172e-04
-4.780867700000000298e-04	-2.099585999999999976e-11	5.576123135636055009e-04
-4.812012599999999939e-04	-2.108000399999999892e-11	5.626841524804138562e-04
-4.843158999999999550e-04	-2.120176299999999842e-11	5.595020347623868955e-04
-4.874303900000000276e-04	-2.134322900000000036e-11	5.637097559419347202e-04
-4.905450299999999887e-04	-2.138419299999999848e-11	5.546314133776889411e-04
-4.936596800000000182e-04	-2.158802299999999924e-11	5.537365795264020040e-04
-4.967741700000000366e-04	-2.172618000000000063e-11	5.586561489435851527e-04
-4.998888099999999977e-04	-2.178219599999999913e-11	5.638384652961027452e-04
-5.030033000000000160e-04	-2.191594300000000094e-11	5.597349076486404828e-04
-5.061179399999999771e-04	-2.211943600000000103e-11	5.599032891390414270e-04
-5.092324299999999955e-04	-2.230251600000000150e-11	5.599678875545602025e-04
-5.123470699999999566e-04	-2.243996300000000015e-11	5.562741793232290569e-04
-5.154615599999999749e-04	-2.258359599999999933e-11	5.562081527525691502e-04
-5.185762000000000444e-04	-2.274399200000000106e-11	5.565406332984133928e-04
-5.216907000000000228e-04	-2.290483599999999968e-11	5.555400202608101572e-04
-5.248053399999999839e-04	-2.301026400000000043e-11	5.632623758205181812e-04
-5.279198300000000022e-04	-2.302536799999999851e-11	5.630774249252014059e-04
-5.310344699999999633e-04	-2.325138900000000098e-11	5.595874421025903841e-04
-5.341491100000000328e-04	-2.337323700000000016e-11	5.544356641756526677e-04
-5.372636000000000512e-04	-2.351603499999999876e-11	5.553917699958467284e-04
-5.403782400000000123e-04	-2.358246400000000157e-11	5.522596927551033218e-04
-5.434927299999999222e-04	-2.371658100000000048e-11	5.563537380689077393e-04
-5.466073799999999518e-04	-2.386394900000000054e-11	5.534326938917919761e-04
-5.497218699999999701e-04	-2.399825699999999985e-11	5.587279207147952771e-04
-5.528365100000000396e-04	-2.411109500000000007e-11	5.519696652127005975e-04
-5.559510000000000580e-04	-2.427320499999999926e-11	5.554723334229650158e-04
-5.590656400000000191e-04	-2.440560300000000106e-11	5.605994381722779248e-04
-5.621801299999999290e-04	-2.458165600000000020e-11	5.565601982420266330e-04
-5.652947699999999985e-04	-2.469457499999999871e-11	5.581785143434477101e-04
-5.684092600000000169e-04	-2.480608900000000041e-11	5.512697663941499215e-04
-5.715238999999999779e-04	-2.490166199999999907e-11	5.513517413700278142e-04
-5.746385500000000075e-04	-2.504041599999999935e-11	5.556866991450874239e-04
-5.777530400000000258e-04	-2.513639999999999940e-11	5.565794859059613802e-04
-5.808676799999999869e-04	-2.535208299999999886e-11	5.586821181061361061e-04
-5.839821700000000053e-04	-2.541552200000000109e-11	5.511048009997433815e-04
-5.870968099999999664e-04	-2.556944199999999969e-11	5.615215386808381556e-04
-5.902112999999999847e-04	-2.567940299999999993e-11	5.575064166217604585e-04
-5.933259400000000542e-04	-2.579301199999999931e-11	5.549176178062935772e-04
-5.964404299999999642e-04	-2.595993900000000038e-11	5.566690530468216885e-04
-5.995550799999999937e-04	-2.622098199999999915e-11	5.520251352699278961e-04
-6.026695700000000121e-04	-2.636011699999999965e-11	5.509654332498916318e-04
-6.057842099999999732e-04	-2.640672400000000149e-11	5.583484722800125845e-04
-6.088986999999999915e-04	-2.650904499999999875e-11	5.614555927229994631e-04
-6.120133400000000610e-04	-2.650501699999999997e-11	5.577435790619496249e-04
-6.151279800000000221e-04	-2.686045700000000032e-11	5.537889960506260298e-04
-6.182424700000000405e-04	-2.703217199999999945e-11	5.527017753938716750e-04
-6.213571100000000015e-04	-2.715682399999999847e-11	5.517318841352760253e-04
-6.244716000000000199e-04	-2.723374100000000041e-11	5.499225305328181955e-04
-6.275862499999999410e-04	-2.734959500000000005e-11	5.616807401163060806e-04
-6.307007400000000678e-04	-2.750232499999999994e-11	5.558370084916743753e-04
-6.338153800000000289e-04	-2.757132500000000056e-11	5.563381248744252248e-04
-6.369298700000000472e-04	-2.769749199999999848e-11	5.546043256199709734e-04
-6.400445100000000083e-04	-2.783378399999999925e-11	5.509785562755533262e-04
-6.431589999999999183e-04	-2.790830900000000009e-11	5.557469463486720352e-04
-6.462736400000000962e-04	-2.810133000000000058e-11	5.501326891966300476e-04
-6.493881300000000061e-04	-2.816900200000000038e-11	5.594095310438816897e-04
-6.525027799999999273e-04	-2.838228299999999941e-11	5.600352740010173646e-04
-6.556172700000000540e-04	-2.856464200000000050e-11	5.602337780821982144e-04
-6.587319100000000151e-04	-2.866124900000000152e-11	5.557639417564011865e-04
-6.618465499999999762e-04	-2.878846799999999926e-11	5.537647394319831920e-04
-6.649610399999999946e-04	-2.894922700000000052e-11	5.533873906976357216e-04
-6.680756799999999556e-04	-2.909867800000000103e-11	5.480313602909690817e-04
-6.711901700000000824e-04	-2.928807200000000158e-11	5.515744440635009108e-04
-6.743048100000000435e-04	-2.938752400000000026e-11	5.514754867947940916e-04
-6.774193000000000619e-04	-2.951922000000000071e-11	5.520682372263894253e-04
-6.805339499999999830e-04	-2.969323400000000220e-11	5.514828425823431468e-04
-6.836484399999998929e-04	-2.977330199999999749e-11	5.550211240281659360e-04
-6.867630800000000708e-04	-2.986220600000000117e-11	5.554980959216910272e-04
-6.898775699999999808e-04	-3.001296800000000238e-11	5.570151996697911235e-04
-6.929922099999999419e-04	-3.009954099999999815e-11	5.499220698726981198e-04
-6.961066999999999602e-04	-3.025792800000000015e-11	5.523991184351071749e-04
-6.992213399999999213e-04	-3.036112699999999696e-11	5.469546583624030007e-04
-7.023359799999999908e-04	-3.054261400000000196e-11	5.477354978760138942e-04
-7.054504799999999692e-04	-3.068456899999999860e-11	5.448248470293243521e-04
-7.085651199999999303e-04	-3.074165199999999911e-11	5.512165910359234254e-04
-7.116796100000000571e-04	-3.099314600000000119e-11	5.536853266861268760e-04
-7.147942500000000181e-04	-3.108951599999999788e-11	5.569133730583727395e-04
-7.179087400000000365e-04	-3.123452499999999973e-11	5.535868112632723890e-04
-7.210233799999999976e-04	-3.126754799999999883e-11	5.492885978512138372e-04
-7.241378699999999075e-04	-3.145588300000000199e-11	5.537325322378067009e-04
-7.272525100000000855e-04	-3.167753600000000006e-11	5.520317430106343832e-04
-7.303669999999999954e-04	-3.186227700000000293e-11	5.614366229880780185e-04
-7.334816500000000249e-04	-3.191771499999999735e-11	5.502727276840505824e-04
-7.365961399999999349e-04	-3.204255999999999791e-11	5.503475949848252646e-04
-7.397107800000000044e-04	-3.218293700000000129e-11	5.459284790604040797e-04
-7.428254199999999655e-04	-3.223561699999999981e-11	5.514100878506844172e-04
-7.459399099999999838e-04	-3.239412600000000114e-11	5.483087364216171098e-04
-7.490545499999999449e-04	-3.265742500000000006e-11	5.545840745033278792e-04
-7.521690399999999633e-04	-3.278245000000000114e-11	5.521282144029896486e-04
-7.552836800000000328e-04	-3.292659899999999768e-11	5.497878266149714994e-04
-7.583981800000000112e-04	-3.301877500000000316e-11	5.497126822495036888e-04
-7.615128199999999722e-04	-3.310068200000000022e-11	5.572153158669313627e-04
-7.646273100000000990e-04	-3.331738400000000307e-11	5.545686083419389643e-04
-7.677419500000000601e-04	-3.359555299999999746e-11	5.591436641327618157e-04
-7.708564399999999700e-04	-3.365170999999999980e-11	5.598688118714641952e-04
-7.739710800000000395e-04	-3.371100300000000299e-11	5.549387499228530286e-04
-7.770855699999999495e-04	-3.385111999999999844e-11	5.533731063255411609e-04
-7.802002099999999106e-04	-3.402231299999999997e-11	5.555914558034862364e-04
-7.833148500000000885e-04	-3.417415000000000136e-11	5.526890831982742046e-04
-7.864293499999999585e-04	-3.421407300000000278e-11	5.463897910560750176e-04
-7.895439899999999196e-04	-3.440804200000000122e-11	5.545402343981664173e-04
-7.926584800000000463e-04	-3.449717600000000196e-11	5.542735629621502961e-04
-7.957731200000000074e-04	-3.461454400000000316e-11	5.492335876676580171e-04
-7.988876100000000258e-04	-3.478968200000000080e-11	5.531977012575211910e-04
-8.020022499999999869e-04	-3.485907000000000244e-11	5.581325272570027357e-04
-8.051167400000000052e-04	-3.496220299999999992e-11	5.527195589118689533e-04
-8.082313800000000747e-04	-3.501106299999999694e-11	5.468968563301975644e-04
-8.113458799999999447e-04	-3.508957699999999989e-11	5.501371075966875494e-04
-8.144605200000000142e-04	-3.542609999999999826e-11	5.502258622570359520e-04
-8.175750099999999241e-04	-3.567655500000000156e-11	5.504257066103390370e-04
-8.206896499999998852e-04	-3.577731199999999747e-11	5.570488688938124607e-04
-8.238041400000000120e-04	-3.592987699999999905e-11	5.538252915045513772e-04
-8.269187799999999731e-04	-3.601843799999999860e-11	5.503372164128414500e-04
-8.300334199999999342e-04	-3.609460599999999791e-11	5.500596511108764644e-04
-8.331479099999999525e-04	-3.628494700000000230e-11	5.530901865913002502e-04
-8.362625499999999136e-04	-3.645427399999999941e-11	5.501326669437896352e-04
-8.393770500000000004e-04	-3.654593299999999725e-11	5.596870875120389666e-04
-8.424916899999999615e-04	-3.662366600000000172e-11	5.482744058454465125e-04
-8.456061800000000883e-04	-3.677415700000000159e-11	5.448617917636917191e-04
-8.487208200000000494e-04	-3.692406500000000095e-11	5.536550460080451493e-04
-8.518353100000000677e-04	-3.711605299999999967e-11	5.467631799575054094e-04
-8.549499500000000288e-04	-3.716596100000000067e-11	5.470383458161088381e-04
-8.580644399999999387e-04	-3.734275699999999898e-11	5.536469420686839990e-04
-8.611790800000001167e-04	-3.748024799999999719e-11	5.483664958092077102e-04
-8.642935799999999866e-04	-3.759579099999999825e-11	5.568355501135949671e-04
-8.674082199999999477e-04	-3.782840699999999823e-11	5.546431120165322892e-04
-8.705228600000000172e-04	-3.797672899999999971e-11	5.523063938408977408e-04
-8.736373499999999272e-04	-3.803613000000000062e-11	5.519775680998682994e-04
-8.767519899999999967e-04	-3.819715700000000148e-11	5.552229047279540848e-04
-8.798664800000000150e-04	-3.833283299999999885e-11	5.505025012922565341e-04
-8.829811199999999761e-04	-3.846089099999999948e-11	5.486595052743713403e-04
-8.860956099999999945e-04	-3.856367699999999698e-11	5.548009211223105209e-04
-8.892102499999999556e-04	-3.862002700000000087e-11	5.564796309934908793e-04
-8.923247500000000424e-04	-3.875869399999999940e-11	5.518176677561070472e-04
-8.954393900000000035e-04	-3.896892500000000200e-11	5.551454983457096946e-04
-8.985538799999999134e-04	-3.906327999999999872e-11	5.539523101916810684e-04
-9.016685200000000913e-04	-3.920709599999999690e-11	5.479905267562563877e-04
-9.047830100000000013e-04	-3.936931999999999728e-11	5.519008993970283411e-04
-9.078976499999999623e-04	-3.944356000000000162e-11	5.537112042310565708e-04
-9.110122900000000318e-04	-3.953435800000000004e-11	5.578531641391912526e-04
-9.141267799999999418e-04	-3.963275499999999716e-11	5.508544811844438881e-04
-9.172414199999999029e-04	-3.969125700000000256e-11	5.544255457113262710e-04
-9.203559199999999897e-04	-3.995570900000000144e-11	5.561162083022759810e-04
-9.234705599999999508e-04	-4.000855900000000116e-11	5.525580457518168087e-04
-9.265850499999999691e-04	-4.012614900000000127e-11	5.486501764240404432e-04
-9.296996900000000386e-04	-4.034080700000000033e-11	5.500543330174972748e-04
-9.328141800000000570e-04	-4.047906799999999713e-11	5.518249728942645205e-04
-9.359288200000000181e-04	-4.059310500000000124e-11	5.570245706998567690e-04
-9.390433099999999280e-04	-4.064173700000000236e-11	5.468656002956588874e-04
-9.421579499999999975e-04	-4.084304100000000221e-11	5.487434886137624885e-04
-9.452724499999999759e-04	-4.106808299999999853e-11	5.543661283534764318e-04
-9.483870899999999370e-04	-4.111071199999999815e-11	5.583815658577182591e-04
-9.515017300000000065e-04	-4.133943499999999974e-11	5.470983980423412604e-04
-9.546162199999999164e-04	-4.151282799999999817e-11	5.484471253606933725e-04
-9.577308599999999859e-04	-4.165398199999999771e-11	5.500063764193619540e-04
-9.608453500000000043e-04	-4.178795900000000305e-11	5.491400693872013246e-04
-9.639599899999999654e-04	-4.191100599999999967e-11	5.478530887632436638e-04
-9.670744799999999837e-04	-4.205648300000000026e-11	5.492137221578958757e-04
-9.701891199999999448e-04	-4.202190300000000062e-11	5.487113978982363985e-04
-9.733036200000000316e-04	-4.217279000000000291e-11	5.513486708074306604e-04
-9.764182599999999927e-04	-4.246094100000000160e-11	5.476580554830760535e-04
-9.795327500000000111e-04	-4.260317799999999948e-11	5.486270251188565296e-04
-9.826473900000000806e-04	-4.267890200000000098e-11	5.517525173117663120e-04
-9.857618799999998821e-04	-4.279056599999999880e-11	5.523094360841906362e-04
-9.888765200000001684e-04	-4.283503800000000249e-11	5.505363461304256609e-04
-9.919910099999999700e-04	-4.288303399999999836e-11	5.404596151715099477e-04
-9.951056500000000395e-04	-4.312412599999999925e-11	5.469526613097448840e-04
-9.982202900000001090e-04	-4.329551599999999818e-11	5.479361863977466910e-04
-1.001334800000000047e-03	-4.351495599999999830e-11	5.491587644371218957e-04
-1.004449400000000060e-03	-4.367497000000000247e-11	5.544975952016783496e-04
-1.007563900000000038e-03	-4.375480900000000128e-11	5.570485227374980192e-04
-1.010678599999999868e-03	-4.385194299999999956e-11	5.523673086163488448e-04
-1.013793100000000063e-03	-4.407614899999999797e-11	5.567005366927645907e-04
-1.016907700000000076e-03	-4.409523100000000150e-11	5.581824426708483855e-04
-1.020022200000000054e-03	-4.417214900000000079e-11	5.496109109543474008e-04
-1.023136800000000067e-03	-4.445588999999999991e-11	5.498274810320823505e-04
-1.026251300000000045e-03	-4.460368500000000090e-11	5.498170493048662585e-04
-1.029366000000000092e-03	-4.474341000000000271e-11	5.559651773835150562e-04
-1.032480400000000036e-03	-4.480980899999999789e-11	5.519994001210032364e-04
-1.035595099999999866e-03	-4.483667300000000237e-11	5.557397304344869563e-04
-1.038709700000000095e-03	-4.498470299999999684e-11	5.573645894105774996e-04
-1.041824200000000073e-03	-4.526192299999999917e-11	5.491671483833784288e-04
-1.044938900000000120e-03	-4.532119500000000316e-11	5.513197002429477038e-04
-1.048053399999999882e-03	-4.551709000000000189e-11	5.522095918061948813e-04
-1.051167999999999894e-03	-4.554243799999999719e-11	5.544384242677728031e-04
-1.054282500000000089e-03	-4.558640299999999901e-11	5.570134257398622838e-04
-1.057397100000000102e-03	-4.546600900000000230e-11	5.514469875896744599e-04
-1.060511600000000080e-03	-4.576270999999999939e-11	5.495890030764059506e-04
-1.063626299999999910e-03	-4.610616700000000031e-11	5.513068202881327715e-04
-1.066740800000000105e-03	-4.631039600000000199e-11	5.482808144740101020e-04
-1.069855400000000118e-03	-4.641465999999999965e-11	5.524087764214538230e-04
-1.072969899999999879e-03	-4.652591199999999874e-11	5.512057084694556601e-04
-1.076084499999999892e-03	-4.672036000000000228e-11	5.537207578017976084e-04
-1.079199199999999938e-03	-4.668136700000000134e-11	5.512123824769379595e-04
-1.082313699999999917e-03	-4.679851000000000190e-11	5.466982100610060001e-04
-1.085428300000000146e-03	-4.697743899999999721e-11	5.487359289697582793e-04
-1.088542799999999908e-03	-4.711716099999999729e-11	5.527852770512708958e-04
-1.091657399999999920e-03	-4.732709000000000004e-11	5.505724303138512157e-04
-1.094771900000000115e-03	-4.738592899999999964e-11	5.644187453621059281e-04
-1.097886599999999945e-03	-4.757926700000000218e-11	5.520131959982347474e-04
-1.101001099999999924e-03	-4.766686400000000101e-11	5.558261232209423886e-04
-1.104115699999999936e-03	-4.779281099999999795e-11	5.502592684793120156e-04
-1.107230299999999949e-03	-4.790699100000000060e-11	5.478516765018418737e-04
-1.110344699999999893e-03	-4.818609699999999951e-11	5.552615250584024996e-04
-1.113459299999999905e-03	-4.841773899999999946e-11	5.562036649282221974e-04
-1.116573999999999952e-03	-4.854131300000000303e-11	5.568180693538565817e-04
-1.119688599999999964e-03	-4.836986000000000005e-11	5.582629165583302255e-04
-1.122803199999999977e-03	-4.841758600000000161e-11	5.480251861085517996e-04
-1.125917599999999921e-03	-4.877564699999999956e-11	5.474716475187681002e-04
-1.129032199999999934e-03	-4.911233899999999854e-11	5.578847842204936926e-04
-1.132146899999999980e-03	-4.922236199999999903e-11	5.502436116349617096e-04
-1.135261499999999993e-03	-4.916702100000000245e-11	5.484620140542356345e-04
-1.138375799999999903e-03	-4.918391699999999778e-11	5.459481496896217935e-04
-1.141490499999999950e-03	-4.947802599999999785e-11	5.544599560718995856e-04
-1.144605099999999962e-03	-4.949394699999999903e-11	5.477055462350340943e-04
-1.147719800000000009e-03	-4.962833600000000309e-11	5.559140149771342422e-04
-1.150834099999999919e-03	-4.984385799999999685e-11	5.484020231292718525e-04
-1.153948799999999966e-03	-4.989150399999999747e-11	5.476128515808527646e-04
-1.157063399999999978e-03	-5.012730500000000074e-11	5.586962933943704496e-04
-1.160177999999999991e-03	-5.011097400000000199e-11	5.558028829946827856e-04
-1.163292700000000037e-03	-5.032133699999999678e-11	5.506306843421534527e-04
-1.166406999999999947e-03	-5.058884600000000260e-11	5.513830250534516256e-04
-1.169521699999999994e-03	-5.074038099999999767e-11	5.494438844420815749e-04
-1.172636300000000006e-03	-5.077353500000000131e-11	5.469904234258366220e-04
-1.175750900000000019e-03	-5.092375099999999753e-11	5.508988085457751155e-04
-1.178865299999999963e-03	-5.110131800000000147e-11	5.410870465507829682e-04
-1.181979899999999976e-03	-5.128442799999999987e-11	5.540585343443925857e-04
-1.185094600000000022e-03	-5.138251599999999956e-11	5.609395073714595068e-04
-1.188209200000000035e-03	-5.136961000000000047e-11	5.510294551264570016e-04
-1.191323499999999945e-03	-5.147823500000000173e-11	5.464344575466901447e-04
-1.194438199999999992e-03	-5.161259600000000256e-11	5.494629922417936310e-04
-1.197552800000000004e-03	-5.195205699999999733e-11	5.499614831884310677e-04
-1.200667500000000051e-03	-5.197904600000000288e-11	5.466831492741267614e-04
-1.203782100000000063e-03	-5.202504699999999740e-11	5.549602948056221469e-04
-1.206896500000000007e-03	-5.204197100000000243e-11	5.570317940708039437e-04
-1.210011100000000020e-03	-5.227413299999999883e-11	5.504413674293571600e-04
-1.213125700000000032e-03	-5.257799099999999796e-11	5.518253966396108410e-04
-1.216240400000000079e-03	-5.254426399999999959e-11	5.447627038743036365e-04
-1.219354699999999989e-03	-5.285992099999999856e-11	5.525028943192653074e-04
-1.222469400000000036e-03	-5.296768900000000271e-11	5.567397863845596805e-04
-1.225584000000000048e-03	-5.311320499999999996e-11	5.556245021534801523e-04
-1.228698600000000061e-03	-5.317912799999999825e-11	5.541363162803169271e-04
-1.231813000000000005e-03	-5.336397300000000300e-11	5.497617374587838827e-04
-1.234927600000000018e-03	-5.349553400000000307e-11	5.537982211191234310e-04
-1.238042300000000064e-03	-5.354318700000000127e-11	5.525624475099671657e-04
-1.241156900000000077e-03	-5.364363499999999976e-11	5.502697515507700083e-04
-1.244271500000000089e-03	-5.381393200000000104e-11	5.549254064301356983e-04
-1.247385900000000034e-03	-5.390644500000000073e-11	5.549148070965888822e-04
-1.250500500000000046e-03	-5.413055099999999958e-11	5.495025738843505210e-04
-1.253615200000000093e-03	-5.423937700000000055e-11	5.505051489582044565e-04
-1.256729799999999888e-03	-5.426001699999999873e-11	5.453620222520701687e-04
-1.259844200000000049e-03	-5.440082100000000303e-11	5.518525294320336151e-04
-1.262958800000000062e-03	-5.458228999999999764e-11	5.497153060534807267e-04
-1.266073400000000074e-03	-5.478180800000000046e-11	5.492574290986759061e-04
-1.269188099999999904e-03	-5.490739100000000054e-11	5.526357530184890319e-04
-1.272302400000000031e-03	-5.470995899999999989e-11	5.509594507548552702e-04
-1.275417100000000078e-03	-5.496113299999999819e-11	5.513718317860567429e-04
-1.278531699999999873e-03	-5.520009400000000323e-11	5.539400370880037281e-04
-1.281646300000000103e-03	-5.559683300000000122e-11	5.471213718735092220e-04
-1.284760700000000047e-03	-5.571973799999999988e-11	5.457927578304334112e-04
-1.287875300000000060e-03	-5.556989900000000157e-11	5.486814475292773902e-04
-1.290989999999999889e-03	-5.551064500000000151e-11	5.507897328564929267e-04
-1.294104600000000119e-03	-5.588296100000000180e-11	5.519041139665730291e-04
-1.297219199999999914e-03	-5.609206800000000179e-11	5.473526945499255754e-04
-1.300333599999999859e-03	-5.618261100000000164e-11	5.493458495765171212e-04
-1.303448200000000088e-03	-5.637538999999999815e-11	5.513510309696955042e-04
-1.306562900000000135e-03	-5.645919499999999872e-11	5.444536367315049507e-04
-1.309677499999999930e-03	-5.660940499999999793e-11	5.495866944290255874e-04
-1.312791899999999875e-03	-5.683289899999999892e-11	5.531338182677757263e-04
-1.315906500000000104e-03	-5.698894800000000190e-11	5.481152604908571353e-04
-1.319021099999999900e-03	-5.709063100000000245e-11	5.473825641952751462e-04
-1.322135799999999946e-03	-5.728521500000000048e-11	5.533289635946226715e-04
-1.325250100000000073e-03	-5.738285500000000005e-11	5.558283919385931986e-04
-1.328364800000000120e-03	-5.738987399999999999e-11	5.505825084462033069e-04
-1.331479399999999915e-03	-5.752116499999999929e-11	5.452375341035291560e-04
-1.334594000000000145e-03	-5.780049699999999942e-11	5.492484642382587396e-04
-1.337708699999999758e-03	-5.783121599999999974e-11	5.556481787212032590e-04
-1.340822999999999885e-03	-5.785032199999999774e-11	5.531522747785731645e-04
-1.343937699999999931e-03	-5.811670199999999807e-11	5.538531784172067741e-04
-1.347052300000000161e-03	-5.818325299999999698e-11	5.487305502602736387e-04
-1.350166899999999956e-03	-5.843810199999999708e-11	5.540227231673540594e-04
-1.353281299999999901e-03	-5.839116000000000219e-11	5.496689411750909976e-04
-1.356395900000000130e-03	-5.828282299999999915e-11	5.470683212461846566e-04
-1.359510600000000177e-03	-5.864613699999999863e-11	5.497887247024061059e-04
-1.362625199999999972e-03	-5.894030399999999987e-11	5.468564916732761728e-04
-1.365739599999999917e-03	-5.908403599999999480e-11	5.597153396758097407e-04
-1.368854200000000146e-03	-5.923012099999999740e-11	5.494826596346050846e-04
-1.371968799999999941e-03	-5.924049399999999478e-11	5.533443520996064085e-04
-1.375083499999999988e-03	-5.949321600000000134e-11	5.473086430471718654e-04
-1.378198099999999784e-03	-5.956374299999999487e-11	5.516026186393868918e-04
-1.381312500000000162e-03	-5.976292400000000349e-11	5.445674333605099449e-04
-1.384427099999999957e-03	-5.944958400000000434e-11	5.503546802331507008e-04
-1.387541700000000187e-03	-5.984263799999999476e-11	5.509242269055093007e-04
-1.390656399999999800e-03	-5.986675700000000439e-11	5.533435490396943282e-04
-1.393770699999999927e-03	-6.010804399999999506e-11	5.579913366199746021e-04
-1.396885399999999973e-03	-6.049875200000000123e-11	5.505591285976103692e-04
-1.400000000000000203e-03	-6.052956699999999881e-11	5.518544735261494494e-04
