# [DATA]
1.400000000000000203e-03	5.802542800000000275e-11	5.206993937515685782e-04
1.396885399999999973e-03	5.755918700000000193e-11	5.289200898439443480e-04
1.393770899999999995e-03	5.760453600000000136e-11	5.237060833975432962e-04
1.390656199999999948e-03	5.759914100000000186e-11	5.329761624147667494e-04
1.387541700000000187e-03	5.742999499999999939e-11	5.283276765480588799e-04
1.384427099999999957e-03	5.725352500000000186e-11	5.294259615308603926e-04
1.381312599999999979e-03	5.720372100000000273e-11	5.285784394284511259e-04
1.378197999999999966e-03	5.715715699999999986e-11	5.269733036255898643e-04
1.375083499999999988e-03	5.696578999999999773e-11	5.306714431519886583e-04
1.371968799999999941e-03	5.673416899999999697e-11	5.346209066016936479e-04
1.368854299999999963e-03	5.673763900000000322e-11	5.257196360499029721e-04
1.365739699999999951e-03	5.661920600000000115e-11	5.293238091966218735e-04
1.362625199999999972e-03	5.638577100000000014e-11	5.305788346921120604e-04
1.359510600000000177e-03	5.618731500000000291e-11	5.306607851578224030e-04
1.356395900000000130e-03	5.609012599999999873e-11	5.283602628457616116e-04
1.353281400000000152e-03	5.624994600000000077e-11	5.302994283593720883e-04
1.350166799999999922e-03	5.589400499999999878e-11	5.229920928587992188e-04
1.347052300000000161e-03	5.586395599999999748e-11	5.263301398950509307e-04
1.343937699999999931e-03	5.568678899999999826e-11	5.351802588185345386e-04
1.340823199999999953e-03	5.561754500000000220e-11	5.294976624766569492e-04
1.337708499999999906e-03	5.533252300000000030e-11	5.229349084132163582e-04
1.334594000000000145e-03	5.516043900000000142e-11	5.285028095555552178e-04
1.331479399999999915e-03	5.496947000000000286e-11	5.319074031042565461e-04
1.328364899999999937e-03	5.503607299999999948e-11	5.284281340430498292e-04
1.325250299999999925e-03	5.502546300000000100e-11	5.267623451998093391e-04
1.322135799999999946e-03	5.486460199999999903e-11	5.282382389245201355e-04
1.319021099999999900e-03	5.472790299999999919e-11	5.320769195137003494e-04
1.315906599999999921e-03	5.457444599999999968e-11	5.308975202340930101e-04
1.312792000000000125e-03	5.437866500000000213e-11	5.302681123447479513e-04
1.309677399999999896e-03	5.421124299999999965e-11	5.307638120293136502e-04
1.306562900000000135e-03	5.413371799999999893e-11	5.292617703041254448e-04
1.303448200000000088e-03	5.353557199999999979e-11	5.268223295082153420e-04
1.300333700000000110e-03	5.392871899999999866e-11	5.320997585652822732e-04
1.297219099999999880e-03	5.391556299999999742e-11	5.326952465227969896e-04
1.294104600000000119e-03	5.380562999999999719e-11	5.373643017372349432e-04
1.290989999999999889e-03	5.362465000000000052e-11	5.314852609936124078e-04
1.287875499999999911e-03	5.356535400000000206e-11	5.363748983339853768e-04
1.284760799999999864e-03	5.348544199999999989e-11	5.369109441683524771e-04
1.281646300000000103e-03	5.333634200000000166e-11	5.358334254730838389e-04
1.278531699999999873e-03	5.324502600000000149e-11	5.321787256654007207e-04
1.275417199999999895e-03	5.299093800000000125e-11	5.285597117364335216e-04
1.272302600000000099e-03	5.279344699999999885e-11	5.302342232991113851e-04
1.269187900000000053e-03	5.229097700000000292e-11	5.291779718012249193e-04
1.266073400000000074e-03	5.232430100000000129e-11	5.277577626103403374e-04
1.262958800000000062e-03	5.246288799999999887e-11	5.380555819040627611e-04
1.259844300000000084e-03	5.243305800000000121e-11	5.330591061809396985e-04
1.256729699999999854e-03	5.220256199999999718e-11	5.336508974336885485e-04
1.253615200000000093e-03	5.213894900000000113e-11	5.394267051032775994e-04
1.250500500000000046e-03	5.194894200000000214e-11	5.402300392100283953e-04
1.247386000000000068e-03	5.178615900000000219e-11	5.352477801253775801e-04
1.244271400000000055e-03	5.159946100000000051e-11	5.249704275340913917e-04
1.241156800000000043e-03	5.157231600000000184e-11	5.351764344775713795e-04
1.238042300000000064e-03	5.127734700000000292e-11	5.299530456470126450e-04
1.234927700000000052e-03	5.120730900000000087e-11	5.277291207327186378e-04
1.231813100000000039e-03	5.117613999999999927e-11	5.362731404957202892e-04
1.228698600000000061e-03	5.113611300000000244e-11	5.376064787189998142e-04
1.225584000000000048e-03	5.101180600000000225e-11	5.280514621028957467e-04
1.222469400000000036e-03	5.093371200000000264e-11	5.313704143552245868e-04
1.219354899999999841e-03	5.049533700000000311e-11	5.345716795200235443e-04
1.216240200000000011e-03	5.052174999999999927e-11	5.349801832329350139e-04
1.213125700000000032e-03	5.039705099999999898e-11	5.320509170356402988e-04
1.210011100000000020e-03	5.026572599999999943e-11	5.351653334923955809e-04
1.206896600000000042e-03	5.024404899999999716e-11	5.263361566978310042e-04
1.203782000000000029e-03	5.004310900000000064e-11	5.261590218434414453e-04
1.200667400000000017e-03	4.984787600000000278e-11	5.276940745229626636e-04
1.197552800000000004e-03	4.988884299999999941e-11	5.331038390981899600e-04
1.194438300000000026e-03	4.989231299999999919e-11	5.345730960616488624e-04
1.191323700000000013e-03	4.973081300000000316e-11	5.363871681456909872e-04
1.188209100000000001e-03	4.945499899999999821e-11	5.390772599187930881e-04
1.185094600000000022e-03	4.926224699999999791e-11	5.323153098971049411e-04
1.181980000000000010e-03	4.919804100000000205e-11	5.383224642906861250e-04
1.178865399999999997e-03	4.920091800000000202e-11	5.357929171131820510e-04
1.175750900000000019e-03	4.901090299999999841e-11	5.389615128113605606e-04
1.172636300000000006e-03	4.873961700000000299e-11	5.298757368720104222e-04
1.169521699999999994e-03	4.862809500000000314e-11	5.355807235416020851e-04
1.166407200000000016e-03	4.860453700000000070e-11	5.363327583883713496e-04
1.163292499999999969e-03	4.856028400000000065e-11	5.386371430129505622e-04
1.160177999999999991e-03	4.831193799999999988e-11	5.436146887781918065e-04
1.157063399999999978e-03	4.824370099999999705e-11	5.307517708865612787e-04
1.153948799999999966e-03	4.813257399999999903e-11	5.398066235034641247e-04
1.150834299999999987e-03	4.805287100000000118e-11	5.432485510795572858e-04
1.147719699999999975e-03	4.781135899999999695e-11	5.357624608686118936e-04
1.144605099999999962e-03	4.765432500000000051e-11	5.355121051811355349e-04
1.141490599999999984e-03	4.745317700000000024e-11	5.403550891046574219e-04
1.138375999999999971e-03	4.738700099999999808e-11	5.367903158393514057e-04
1.135261399999999959e-03	4.714387900000000150e-11	5.332531335508685234e-04
1.132146899999999980e-03	4.706680200000000089e-11	5.449665505823481863e-04
1.129032199999999934e-03	4.700605200000000320e-11	5.342912896759747197e-04
1.125917699999999955e-03	4.685698000000000175e-11	5.332642135889102122e-04
1.122803099999999943e-03	4.681383799999999680e-11	5.425343081741754213e-04
1.119688499999999930e-03	4.666314200000000138e-11	5.438483456490432293e-04
1.116573999999999952e-03	4.646422100000000068e-11	5.373929573030261642e-04
1.113459399999999939e-03	4.627572300000000036e-11	5.351841321106661203e-04
1.110344800000000144e-03	4.638841699999999823e-11	5.403861052752108709e-04
1.107230299999999949e-03	4.625083599999999976e-11	5.360508580645250787e-04
1.104115699999999936e-03	4.609056200000000060e-11	5.407482143007087639e-04
1.101001099999999924e-03	4.601051799999999978e-11	5.370082025481925795e-04
1.097886599999999945e-03	4.576662699999999871e-11	5.345468716667098417e-04
1.094771999999999933e-03	4.578966699999999939e-11	5.342475523014378292e-04
1.091657399999999920e-03	4.568325899999999837e-11	5.394194390050813855e-04
1.088542799999999908e-03	4.536824699999999693e-11	5.343252855278943962e-04
1.085428300000000146e-03	4.532612499999999918e-11	5.406796067159520738e-04
1.082313699999999917e-03	4.518537600000000079e-11	5.452369323072960841e-04
1.079199199999999938e-03	4.499557000000000151e-11	5.409343397689568610e-04
1.076084499999999892e-03	4.470674899999999732e-11	5.380829362802887076e-04
1.072970000000000130e-03	4.452916899999999880e-11	5.338019515636132587e-04
1.069855400000000118e-03	4.446573699999999738e-11	5.382350256414490056e-04
1.066740800000000105e-03	4.426344400000000176e-11	5.337425279320582314e-04
1.063626299999999910e-03	4.428700499999999947e-11	5.384251645241941095e-04
1.060511699999999898e-03	4.410340799999999782e-11	5.388449911322977818e-04
1.057397100000000102e-03	4.400361699999999732e-11	5.369893006036190143e-04
1.054282599999999907e-03	4.393583800000000038e-11	5.397658596601415679e-04
1.051167999999999894e-03	4.387832799999999894e-11	5.342308977439889700e-04
1.048053399999999882e-03	4.363202899999999723e-11	5.416822101918459522e-04
1.044938900000000120e-03	4.331513999999999793e-11	5.371485324668154185e-04
1.041824200000000073e-03	4.320935299999999997e-11	5.365714071536266871e-04
1.038709700000000095e-03	4.325086800000000275e-11	5.395496591283785665e-04
1.035595099999999866e-03	4.329923199999999779e-11	5.421372649889961764e-04
1.032480499999999853e-03	4.313374299999999965e-11	5.421971065294824057e-04
1.029366000000000092e-03	4.302368900000000065e-11	5.357474320705940844e-04
1.026251400000000079e-03	4.294209799999999860e-11	5.354374009481023457e-04
1.023136800000000067e-03	4.265303000000000046e-11	5.447125411175907702e-04
1.020022300000000088e-03	4.254204999999999683e-11	5.343337503790451500e-04
1.016907700000000076e-03	4.246766800000000100e-11	5.304172744839827846e-04
1.013793100000000063e-03	4.237685199999999865e-11	5.417799270350281060e-04
1.010678599999999868e-03	4.213592300000000138e-11	5.367428518794548813e-04
1.007563900000000038e-03	4.198652199999999742e-11	5.379152305082138914e-04
1.004449400000000060e-03	4.194392100000000105e-11	5.450324200955003603e-04
1.001334800000000047e-03	4.183967099999999854e-11	5.438912543443191663e-04
9.982202900000001090e-04	4.166889399999999804e-11	5.366447973138053313e-04
9.951056500000000395e-04	4.143579200000000185e-11	5.365497688498156162e-04
9.919911600000000211e-04	4.140776299999999694e-11	5.383177837820484488e-04
9.888765200000001684e-04	4.137653399999999948e-11	5.458309653537363713e-04
9.857619599999999961e-04	4.105048900000000094e-11	5.324460402456370140e-04
9.826473900000000806e-04	4.071405400000000168e-11	5.342507148724433622e-04
9.795328199999999482e-04	4.077138999999999961e-11	5.396533065065403818e-04
9.764182599999999927e-04	4.053617499999999857e-11	5.377955576453741964e-04
9.733036899999999688e-04	4.053235899999999939e-11	5.343225313726402770e-04
9.701891199999999448e-04	4.059369499999999932e-11	5.370621947266952063e-04
9.670744799999999837e-04	4.055712700000000238e-11	5.393977199500275994e-04
9.639599899999999654e-04	4.032122599999999955e-11	5.447754608086292655e-04
9.608453500000000043e-04	4.015654100000000023e-11	5.376544114826425956e-04
9.577308599999999859e-04	4.008274299999999902e-11	5.403033404873043739e-04
9.546162199999999164e-04	3.981796099999999705e-11	5.359489259668133833e-04
9.515017300000000065e-04	3.967454100000000128e-11	5.375302773421240235e-04
9.483870899999999370e-04	3.970304300000000135e-11	5.394463526335799546e-04
9.452725200000000215e-04	3.941529400000000207e-11	5.345339659307251755e-04
9.421579499999999975e-04	3.943202399999999851e-11	5.414366454531535557e-04
9.390433900000000420e-04	3.928370499999999876e-11	5.394049711622266475e-04
9.359288200000000181e-04	3.914138100000000237e-11	5.435606076509809717e-04
9.328142599999999542e-04	3.894102700000000162e-11	5.446831557584299330e-04
9.296996900000000386e-04	3.895245900000000286e-11	5.419575562198771521e-04
9.265850499999999691e-04	3.862948499999999996e-11	5.395975827214378930e-04
9.234705599999999508e-04	3.847290199999999891e-11	5.385652213829708384e-04
9.203559199999999897e-04	3.838771300000000074e-11	5.374064625033864303e-04
9.172414199999999029e-04	3.820908900000000055e-11	5.349244860591439868e-04
9.141267799999999418e-04	3.814748899999999685e-11	5.468413220864203105e-04
9.110122900000000318e-04	3.798110800000000077e-11	5.424778127704075938e-04
9.078976499999999623e-04	3.782496199999999996e-11	5.418098270048544388e-04
9.047830799999999384e-04	3.775184300000000296e-11	5.414956139115169103e-04
9.016685200000000913e-04	3.757638999999999797e-11	5.431176045281336856e-04
8.985539500000000674e-04	3.752261700000000181e-11	5.405034411701359169e-04
8.954393900000000035e-04	3.739841100000000177e-11	5.446816847819294961e-04
8.923248199999999795e-04	3.731734399999999847e-11	5.381095280661476066e-04
8.892102499999999556e-04	3.715255200000000202e-11	5.436264142493591692e-04
8.860956900000000001e-04	3.714258800000000164e-11	5.409464965185523415e-04
8.829811199999999761e-04	3.699123300000000061e-11	5.437984702914810649e-04
8.798664800000000150e-04	3.675564000000000109e-11	5.449496282848320140e-04
8.767519899999999967e-04	3.659942499999999922e-11	5.338671941773313759e-04
8.736373499999999272e-04	3.648001300000000070e-11	5.407663804763908778e-04
8.705228600000000172e-04	3.648166799999999964e-11	5.361641480501902696e-04
8.674082199999999477e-04	3.634276600000000117e-11	5.394284349825326317e-04
8.642936499999999238e-04	3.630364799999999915e-11	5.396798242121754463e-04
8.611790800000001167e-04	3.596785400000000157e-11	5.406601125266752511e-04
8.580645200000000528e-04	3.595652600000000220e-11	5.440686276796862040e-04
8.549499500000000288e-04	3.588633200000000057e-11	5.487988278291746486e-04
8.518353800000000049e-04	3.569060300000000073e-11	5.402314819671883393e-04
8.487208200000000494e-04	3.553257000000000275e-11	5.422103866091124548e-04
8.456062500000000254e-04	3.526920100000000220e-11	5.188631899052334072e-04
8.424916899999999615e-04	3.515740499999999927e-11	5.403075877384154067e-04
8.393770500000000004e-04	3.530261800000000256e-11	5.343812260511723606e-04
8.362625499999999136e-04	3.522139900000000200e-11	5.408608763096986287e-04
8.331479099999999525e-04	3.507614299999999973e-11	5.401753122914062198e-04
8.300334199999999342e-04	3.486962500000000148e-11	5.393243071983150599e-04
8.269187799999999731e-04	3.470460699999999735e-11	5.266564737081323114e-04
8.238042900000000631e-04	3.451574399999999959e-11	5.457707887420473703e-04
8.206896499999998852e-04	3.438700700000000120e-11	5.493162164394385259e-04
8.175750800000000781e-04	3.437254600000000273e-11	5.473194455229783142e-04
8.144605200000000142e-04	3.418568899999999974e-11	5.340232283148133507e-04
8.113459499999999902e-04	3.388455500000000273e-11	5.374828852477607716e-04
8.082313800000000747e-04	3.384601599999999891e-11	5.417616645679358169e-04
8.051168200000000108e-04	3.377905600000000300e-11	5.392832383026326115e-04
8.020022499999999869e-04	3.367273500000000051e-11	5.342647521750024109e-04
7.988876100000000258e-04	3.353198999999999796e-11	5.419321111836093718e-04
7.957731200000000074e-04	3.343795000000000213e-11	5.401041055888791296e-04
7.926584800000000463e-04	3.332511399999999984e-11	5.411830012519103445e-04
7.895439899999999196e-04	3.325308399999999818e-11	5.384787107804470899e-04
7.864293499999999585e-04	3.310372499999999908e-11	5.402968625178084829e-04
7.833148500000000885e-04	3.285110399999999912e-11	5.442556909008932449e-04
7.802002099999999106e-04	3.264766199999999939e-11	5.339641829890959344e-04
7.770856499999999551e-04	3.261305799999999882e-11	5.416398365139209669e-04
7.739710800000000395e-04	3.251800900000000214e-11	5.394215236701282003e-04
7.708565100000000156e-04	3.240416299999999843e-11	5.422801720021136343e-04
7.677419500000000601e-04	3.227500899999999843e-11	5.418463142232659126e-04
7.646273800000000362e-04	3.208670800000000198e-11	5.406781645212693863e-04
7.615128199999999722e-04	3.200013499999999974e-11	5.356378985908237609e-04
7.583982499999999483e-04	3.193399700000000013e-11	5.405862712464937084e-04
7.552836800000000328e-04	3.174476999999999904e-11	5.362796709636713077e-04
7.521691199999999689e-04	3.160676899999999723e-11	5.459001494393451092e-04
7.490544800000000078e-04	3.148522799999999756e-11	5.411927707436353825e-04
7.459399099999999838e-04	3.137258200000000155e-11	5.444757966920218094e-04
7.428253399999999599e-04	3.129473400000000178e-11	5.359228507156616351e-04
7.397107800000000044e-04	3.112860300000000139e-11	5.367541805642271624e-04
7.365962099999999804e-04	3.101584599999999947e-11	5.402765750055232461e-04
7.334816500000000249e-04	3.094993400000000107e-11	5.497099513768232467e-04
7.303670800000001094e-04	3.080927500000000293e-11	5.385200260828384858e-04
7.272525100000000855e-04	3.066082800000000039e-11	5.438426532203830596e-04
7.241379500000000215e-04	3.054747400000000280e-11	5.423961887855951233e-04
7.210233799999999976e-04	3.039612000000000236e-11	5.400652665321308389e-04
7.179088099999999736e-04	3.028682899999999791e-11	5.349555786440243418e-04
7.147942500000000181e-04	3.015968400000000088e-11	5.419195513301720271e-04
7.116796799999999942e-04	3.008164900000000302e-11	5.380395920874008397e-04
7.085651199999999303e-04	2.994359300000000178e-11	5.394148394340799683e-04
7.054504799999999692e-04	2.972805299999999763e-11	5.406263242714984306e-04
7.023359099999999453e-04	2.956559599999999845e-11	5.419887165478951040e-04
6.992213399999999213e-04	2.947157400000000009e-11	5.459299723829302625e-04
6.961067799999999658e-04	2.929606899999999740e-11	5.388454010179318963e-04
6.929922099999999419e-04	2.924304199999999890e-11	5.441570332461000744e-04
6.898776399999999179e-04	2.901579999999999921e-11	5.347378746473851986e-04
6.867630800000000708e-04	2.894706999999999936e-11	5.357533279034553970e-04
6.836485100000000469e-04	2.882233299999999975e-11	5.411992144499032766e-04
6.805339499999999830e-04	2.869622799999999884e-11	5.440018531369111713e-04
6.774193800000000674e-04	2.858551600000000128e-11	5.353870887788384630e-04
6.743048100000000435e-04	2.849553899999999858e-11	5.447374301686936336e-04
6.711902499999999796e-04	2.835879300000000069e-11	5.416853566310136491e-04
6.680756799999999556e-04	2.802032600000000134e-11	5.336361861997975355e-04
6.649610399999999946e-04	2.790267300000000041e-11	5.374948982885281029e-04
6.618464699999999706e-04	2.790787900000000066e-11	5.354260709299475500e-04
6.587319100000000151e-04	2.785596199999999992e-11	5.357469835792634224e-04
6.556173399999999912e-04	2.779727299999999967e-11	5.428334652365548454e-04
6.525027799999999273e-04	2.758126000000000035e-11	5.414163153808602838e-04
6.493882099999999033e-04	2.740876999999999974e-11	5.355463706738200057e-04
6.462736400000000962e-04	2.726624299999999925e-11	5.398501222260562379e-04
6.431590800000000323e-04	2.721493299999999995e-11	5.462040718364961737e-04
6.400445100000000083e-04	2.709402699999999849e-11	5.433733135529292702e-04
6.369299399999999844e-04	2.685515499999999958e-11	5.358167049334844638e-04
6.338153800000000289e-04	2.667297099999999936e-11	5.429272868529169769e-04
6.307008100000000049e-04	2.658935900000000034e-11	5.411569430803914432e-04
6.275862499999999410e-04	2.638103799999999848e-11	5.401804827602670056e-04
6.244716800000000255e-04	2.628171499999999996e-11	5.474268942237338516e-04
6.213570399999999560e-04	2.621362699999999913e-11	5.413337716207513054e-04
6.182424700000000405e-04	2.606611499999999995e-11	5.361581256561747137e-04
6.151279099999999765e-04	2.599885400000000153e-11	5.322376199095179986e-04
6.120133400000000610e-04	2.576491299999999923e-11	5.328373866681629639e-04
6.088987700000000371e-04	2.566483500000000108e-11	5.387250681282532453e-04
6.057842099999999732e-04	2.557268299999999975e-11	5.310438763409110023e-04
6.026696399999999492e-04	2.552602400000000021e-11	5.400235201573938722e-04
5.995550799999999937e-04	2.542546900000000135e-11	5.366714129946649004e-04
5.964405099999999698e-04	2.525833899999999941e-11	5.405628753442148294e-04
5.933259400000000542e-04	2.512262800000000122e-11	5.414560650767960039e-04
5.902113799999999903e-04	2.491510799999999970e-11	5.369397271567707269e-04
5.870968099999999664e-04	2.488413599999999873e-11	5.372510308626037966e-04
5.839822399999999424e-04	2.474365499999999995e-11	5.417049412074180503e-04
5.808675999999999813e-04	2.460480100000000010e-11	5.361162220564964559e-04
5.777530400000000258e-04	2.451347100000000154e-11	5.396408253122445204e-04
5.746384700000000019e-04	2.432952599999999934e-11	5.358221040504181640e-04
5.715238999999999779e-04	2.411673099999999974e-11	5.372870668676454345e-04
5.684093400000000225e-04	2.391722899999999969e-11	5.372009068647288664e-04
5.652947699999999985e-04	2.386986799999999880e-11	5.408377047260849550e-04
5.621802100000000430e-04	2.373774100000000157e-11	5.373300301299144396e-04
5.590656400000000191e-04	2.355580800000000084e-11	5.278427062616578187e-04
5.559510699999999951e-04	2.345674699999999846e-11	5.399758983423806743e-04
5.528365100000000396e-04	2.339113800000000049e-11	5.434727199246868444e-04
5.497219400000000157e-04	2.325337799999999886e-11	5.367389088022175457e-04
5.466073799999999518e-04	2.312983000000000061e-11	5.391959837514256068e-04
5.434928100000000362e-04	2.303575600000000131e-11	5.434971547458554431e-04
5.403782400000000123e-04	2.283628100000000069e-11	5.424019123971538956e-04
5.372636000000000512e-04	2.264166500000000034e-11	5.381319562069611200e-04
5.341490399999999873e-04	2.260379599999999878e-11	5.369661291153604880e-04
5.310344699999999633e-04	2.248849199999999998e-11	5.421184523521101585e-04
5.279198999999999394e-04	2.230363500000000122e-11	5.381000247026766596e-04
5.248053399999999839e-04	2.220056300000000018e-11	5.425805774515091075e-04
5.216907699999999599e-04	2.216985800000000148e-11	5.389448745148629457e-04
5.185762000000000444e-04	2.201026900000000031e-11	5.447818007595896456e-04
5.154616399999999805e-04	2.185228400000000096e-11	5.393484772020624117e-04
5.123470699999999566e-04	2.166961400000000129e-11	5.392595350819693418e-04
5.092325100000000011e-04	2.157780899999999995e-11	5.420997607065203326e-04
5.061179399999999771e-04	2.148150200000000085e-11	5.384621867469444826e-04
5.030033699999999532e-04	2.141943900000000130e-11	5.442050101570840206e-04
4.998888099999999977e-04	2.125627500000000113e-11	5.390917258333474248e-04
4.967741700000000366e-04	2.108970800000000108e-11	5.385004242296288811e-04
4.936596000000000126e-04	2.102446500000000113e-11	5.379398094245523140e-04
4.905450299999999887e-04	2.084333900000000096e-11	5.385419467919528008e-04
4.874304699999999790e-04	2.074249500000000006e-11	5.395336577353454901e-04
4.843158999999999550e-04	2.061472299999999974e-11	5.417751115967613280e-04
4.812013399999999995e-04	2.045073099999999981e-11	5.454467575621536283e-04
4.780867700000000298e-04	2.033666800000000008e-11	5.406514685052472499e-04
4.749722000000000059e-04	2.024103499999999909e-11	5.392848868520214081e-04
4.718576399999999962e-04	2.004568900000000062e-11	5.475112220989819837e-04
4.687430699999999722e-04	1.992347399999999961e-11	5.392519428893798863e-04
4.656285000000000025e-04	1.981854399999999876e-11	5.380601295984961414e-04
4.625139399999999928e-04	1.973453999999999964e-11	5.352891722088517698e-04
4.593993700000000230e-04	1.958412599999999898e-11	5.463198638908584514e-04
4.562848099999999591e-04	1.941115300000000066e-11	5.429745182922445131e-04
4.531701699999999980e-04	1.937477100000000123e-11	5.381696953486679851e-04
4.500555999999999741e-04	1.922946700000000034e-11	5.423930880295917091e-04
4.469410300000000043e-04	1.905917300000000078e-11	5.428403753243007729e-04
4.438264699999999946e-04	1.892324999999999977e-11	5.417196557955982405e-04
4.407119000000000249e-04	1.877324899999999842e-11	5.401373521199611142e-04
4.375973300000000009e-04	1.864928200000000063e-11	5.459011107938127128e-04
4.344827699999999912e-04	1.848768199999999857e-11	5.415875761257086130e-04
4.313681999999999673e-04	1.838499799999999856e-11	5.471237304867796261e-04
4.282536399999999576e-04	1.829530799999999998e-11	5.425522274878032992e-04
4.251390699999999878e-04	1.818683900000000152e-11	5.400119391122255559e-04
4.220245000000000181e-04	1.806778899999999871e-11	5.455730050537820888e-04
4.189099400000000084e-04	1.791120399999999974e-11	5.415064260423394036e-04
4.157953699999999845e-04	1.771438899999999984e-11	5.417774533226901636e-04
4.126807300000000234e-04	1.758838900000000138e-11	5.456466531909405721e-04
4.095661599999999994e-04	1.757899600000000104e-11	5.439018989741006274e-04
4.064515999999999897e-04	1.743049999999999929e-11	5.404764972571046537e-04
4.033370299999999658e-04	1.728426600000000115e-11	5.478891576068130971e-04
4.002224699999999561e-04	1.716929500000000071e-11	5.447889735574982248e-04
3.971079000000000405e-04	1.705767100000000013e-11	5.404997689651367407e-04
3.939933300000000166e-04	1.687223799999999845e-11	5.407182769849859820e-04
3.908787700000000069e-04	1.676611100000000132e-11	5.469505962577880841e-04
3.877641999999999829e-04	1.657153199999999971e-11	5.420336883025835819e-04
3.846496299999999590e-04	1.639827499999999901e-11	5.404173763890556242e-04
3.815350700000000577e-04	1.634241899999999917e-11	5.489402091681148347e-04
3.784205000000000338e-04	1.618133400000000037e-11	5.491690035234321563e-04
3.753059400000000241e-04	1.603537100000000034e-11	5.369114340272362939e-04
3.721913700000000001e-04	1.595639900000000119e-11	5.475659544311683958e-04
3.690767300000000390e-04	1.576822500000000050e-11	5.427313836060839282e-04
3.659621600000000151e-04	1.568137999999999957e-11	5.470552338301353347e-04
3.628476000000000054e-04	1.555850400000000150e-11	5.477183043111967823e-04
3.597330299999999814e-04	1.544219600000000150e-11	5.457144443164320489e-04
3.566184599999999575e-04	1.533439900000000000e-11	5.426892422080162922e-04
3.535039000000000020e-04	1.515459600000000099e-11	5.470390316459393734e-04
3.503893300000000322e-04	1.504051399999999998e-11	5.479686969622713389e-04
3.472747700000000225e-04	1.493059300000000021e-11	5.503030391771872440e-04
3.441601999999999986e-04	1.482764299999999852e-11	5.474133429510060931e-04
3.410456299999999746e-04	1.466937500000000059e-11	5.515313057812381821e-04
3.379310700000000191e-04	1.451856799999999925e-11	5.509086686809342099e-04
3.348164999999999952e-04	1.444432199999999953e-11	5.452694017999714683e-04
3.317019300000000255e-04	1.429903599999999933e-11	5.507265452223354587e-04
3.285872900000000102e-04	1.414827099999999962e-11	5.466585961005656063e-04
3.254727300000000005e-04	1.401688299999999925e-11	5.529810469054970883e-04
3.223581600000000307e-04	1.382698200000000006e-11	5.467153056311923644e-04
3.192435999999999668e-04	1.371589499999999928e-11	5.541944845422815558e-04
3.161290299999999971e-04	1.363643600000000012e-11	5.498215851973395135e-04
3.130144599999999731e-04	1.344502099999999936e-11	5.488878766178918473e-04
3.098998999999999634e-04	1.335172199999999992e-11	5.458039571684259860e-04
3.067853299999999937e-04	1.321789399999999982e-11	5.512654075927590248e-04
3.036707600000000239e-04	1.310017600000000014e-11	5.490396983406139325e-04
3.005562000000000142e-04	1.294462999999999995e-11	5.476600520869047200e-04
2.974416299999999903e-04	1.275952300000000066e-11	5.481045518602319869e-04
2.943270699999999806e-04	1.267011500000000008e-11	5.489785565353390686e-04
2.912125000000000108e-04	1.256691299999999993e-11	5.492220461426903979e-04
2.880979299999999869e-04	1.244945999999999974e-11	5.529093091490479154e-04
2.849832899999999716e-04	1.230999799999999950e-11	5.528919355501435559e-04
2.818687300000000161e-04	1.216316400000000074e-11	5.515432648997743584e-04
2.787541599999999922e-04	1.206215900000000060e-11	5.572826190093565580e-04
2.756395899999999682e-04	1.187695699999999980e-11	5.522183246813142142e-04
2.725250300000000127e-04	1.179667700000000006e-11	5.519525729194539338e-04
2.694104599999999888e-04	1.164051400000000074e-11	5.569750495189594889e-04
2.662958899999999648e-04	1.152670099999999992e-11	5.531004613998254105e-04
2.631813300000000093e-04	1.135962199999999996e-11	5.571374368562990488e-04
2.600667599999999854e-04	1.117307600000000040e-11	5.528000836620357338e-04
2.569522000000000299e-04	1.108565600000000036e-11	5.482056840601237180e-04
2.538376300000000059e-04	1.097768099999999950e-11	5.554281206957661617e-04
2.507230599999999820e-04	1.082126799999999965e-11	5.535057552618245780e-04
2.476085000000000265e-04	1.069583200000000042e-11	5.524935017417630838e-04
2.444938600000000112e-04	1.055106900000000002e-11	5.605296828220539306e-04
2.413792899999999872e-04	1.039839500000000014e-11	5.525021708930228943e-04
2.382647200000000175e-04	1.029208299999999962e-11	5.527564086580167733e-04
2.351501600000000078e-04	1.012755399999999988e-11	5.496922819340851899e-04
2.320355899999999839e-04	1.002065000000000012e-11	5.549342933005893107e-04
2.289210300000000013e-04	9.929173799999999557e-12	5.534249613401157541e-04
2.258064600000000044e-04	9.761767799999999856e-12	5.541685684452392954e-04
2.226918900000000076e-04	9.687140799999999916e-12	5.586353794078082651e-04
2.195773299999999979e-04	9.569097299999999743e-12	5.568404765209041853e-04
2.164627600000000010e-04	9.395016900000000319e-12	5.566186910640280941e-04
2.133481900000000042e-04	9.230684799999999543e-12	5.609707376107367490e-04
2.102336299999999945e-04	9.101512900000000522e-12	5.571051769757702065e-04
2.071190599999999976e-04	9.021792000000000419e-12	5.526284075411596686e-04
2.040045000000000150e-04	8.909368900000000609e-12	5.561109995378444876e-04
2.008898599999999997e-04	8.800052699999999387e-12	5.591640315825231787e-04
1.977752899999999758e-04	8.639713899999999978e-12	5.580719481680292702e-04
1.946607200000000060e-04	8.470636499999999941e-12	5.526506136083378764e-04
1.915461599999999963e-04	8.368071000000000483e-12	5.594490703984620738e-04
1.884315900000000266e-04	8.191366900000000293e-12	5.592906314475563998e-04
1.853170200000000027e-04	8.074641600000000130e-12	5.508780272249875435e-04
1.822024599999999930e-04	7.919927700000000449e-12	5.630353360541559982e-04
1.790878900000000232e-04	7.808992199999999886e-12	5.637332621763345344e-04
1.759733299999999864e-04	7.671215199999999756e-12	5.536996480296630784e-04
1.728587599999999896e-04	7.538036199999999481e-12	5.561692046697633632e-04
1.697441900000000198e-04	7.415377300000000717e-12	5.595482761174545199e-04
1.666296299999999830e-04	7.273809199999999621e-12	5.648740556287321296e-04
1.635150599999999862e-04	7.197098000000000157e-12	5.607357876570047547e-04
1.604004199999999980e-04	7.057362899999999786e-12	5.626957264619501580e-04
1.572858500000000011e-04	6.935587100000000280e-12	5.638201193486711699e-04
1.541712899999999914e-04	6.759572900000000103e-12	5.572100198595779982e-04
1.510567199999999946e-04	6.622804299999999667e-12	5.595716616782421722e-04
1.479421600000000120e-04	6.468283800000000154e-12	5.629427536991398612e-04
1.448276600000000065e-04	6.362104899999999721e-12	5.552536814314907882e-04
1.417130199999999912e-04	6.212611199999999602e-12	5.621100100244642199e-04
1.385983800000000030e-04	6.066464199999999983e-12	5.597291499404735780e-04
1.354838899999999847e-04	5.935884600000000179e-12	5.600830176204389188e-04
1.323692499999999965e-04	5.810089400000000396e-12	5.602296145572389528e-04
1.292547600000000052e-04	5.679667699999999653e-12	5.587069481711039827e-04
1.261401200000000170e-04	5.530475800000000077e-12	5.679378577709398015e-04
1.230256299999999987e-04	5.412747900000000336e-12	5.572109613302794187e-04
1.199109899999999969e-04	5.294599800000000366e-12	5.606192300745993940e-04
1.167964900000000050e-04	5.136228700000000276e-12	5.618403159083479575e-04
1.136818499999999897e-04	5.016727100000000114e-12	5.642571242409514859e-04
1.105673599999999984e-04	4.845524200000000139e-12	5.605629449041653464e-04
1.074527199999999967e-04	4.738643099999999862e-12	5.687409444411138356e-04
1.043382300000000054e-04	4.590008499999999687e-12	5.639934479363632866e-04
1.012235899999999901e-04	4.461350600000000113e-12	5.601494039875983856e-04
9.810894700000000039e-05	4.322207100000000363e-12	5.643633158544324700e-04
9.499445599999999958e-05	4.166517799999999842e-12	5.623739003093055321e-04
9.187981499999998828e-05	4.067753900000000140e-12	5.689872908696473434e-04
8.876532300000000502e-05	3.922407499999999814e-12	5.672531704936978119e-04
8.565068199999999372e-05	3.812807300000000246e-12	5.666194988385586532e-04
8.253619099999999291e-05	3.648860699999999863e-12	5.692052598191228501e-04
7.942154999999999517e-05	3.507898999999999854e-12	5.598868513354990578e-04
7.630705799999999836e-05	3.389902099999999925e-12	5.673880597115979127e-04
7.319241799999999661e-05	3.236918300000000134e-12	5.657849098992363086e-04
7.007792599999999980e-05	3.117426899999999802e-12	5.672235458454551529e-04
6.696328500000000206e-05	2.949997499999999921e-12	5.648136386977496920e-04
6.384879400000000125e-05	2.809937400000000155e-12	5.653085752036950476e-04
6.073415300000000350e-05	2.659742000000000078e-12	5.699725352838947616e-04
5.761966099999999991e-05	2.527749500000000123e-12	5.632473911652974286e-04
5.450502000000000217e-05	2.412260100000000121e-12	5.643932263095008178e-04
5.139038000000000042e-05	2.261497400000000121e-12	5.677476805158174818e-04
4.827588800000000361e-05	2.149033599999999839e-12	5.732208915962403502e-04
4.516124699999999909e-05	2.015324299999999998e-12	5.630119466346132336e-04
4.204675599999999828e-05	1.915775499999999969e-12	5.694796141227630734e-04
3.893211500000000054e-05	1.751316399999999995e-12	5.683760825349346100e-04
3.581762300000000373e-05	1.596837400000000003e-12	5.657233911104073707e-04
3.270298199999999920e-05	1.476331299999999974e-12	5.652661975737086194e-04
2.958849099999999840e-05	1.361289599999999919e-12	5.691845135669077816e-04
2.647385000000000065e-05	1.188525600000000071e-12	5.718508699169921146e-04
2.335935800000000045e-05	1.052886000000000084e-12	5.637983785411148068e-04
2.024471800000000209e-05	9.277404099999999570e-13	5.660501397495051705e-04
1.713022599999999851e-05	7.841113800000000071e-13	5.684282988976114680e-04
1.401558499999999907e-05	6.312806200000000268e-13	5.649775437109366607e-04
1.090094399999999962e-05	5.185439800000000456e-13	5.694228806578156441e-04
7.786452799999998939e-06	3.657387999999999784e-13	5.648587762363786735e-04
4.671812100000000163e-06	2.280414399999999989e-13	5.649952824750216658e-04
1.557320399999999993e-06	9.765060700000000348e-14	5.628812038260168219e-04
-1.557320399999999993e-06	-3.263494300000000197e-14	5.718272897487373854e-04
-4.671812100000000163e-06	-1.466409700000000088e-13	5.704508660040123313e-04
-7.786452799999998939e-06	-3.009474700000000087e-13	5.676829577189672999e-04
-1.090094399999999962e-05	-4.299589100000000247e-13	5.646819933811902774e-04
-1.401558499999999907e-05	-5.837077800000000148e-13	5.703771286243359585e-04
-1.713007699999999757e-05	-7.307596400000000227e-13	5.737212502582432917e-04
-2.024471800000000209e-05	-8.837588900000000485e-13	5.704201454398085021e-04
-2.335920899999999951e-05	-1.006875599999999931e-12	5.673710369780289283e-04
-2.647385000000000065e-05	-1.128809999999999913e-12	5.659200093552350409e-04
-2.958849099999999840e-05	-1.263135200000000064e-12	5.647123988184742137e-04
-3.270298199999999920e-05	-1.416812300000000013e-12	5.694524360251244487e-04
-3.581762300000000373e-05	-1.561174400000000017e-12	5.670768335689863136e-04
-3.893211500000000054e-05	-1.682477400000000030e-12	5.693081330295397813e-04
-4.204675599999999828e-05	-1.842769000000000062e-12	5.712247477724775695e-04
-4.516124699999999909e-05	-1.966967599999999875e-12	5.674294201452777719e-04
-4.827588800000000361e-05	-2.090744900000000037e-12	5.687493870302874968e-04
-5.139038000000000042e-05	-2.236021500000000056e-12	5.640076480477451823e-04
-5.450502000000000217e-05	-2.377062099999999971e-12	5.672287481104514332e-04
-5.761951199999999898e-05	-2.496782700000000135e-12	5.704319631003498380e-04
-6.073415300000000350e-05	-2.631515200000000136e-12	5.701344068204996238e-04
-6.384864400000000431e-05	-2.759616800000000080e-12	5.727672741865143810e-04
-6.696328500000000206e-05	-2.865115500000000041e-12	5.673733477455920101e-04
-7.007792599999999980e-05	-3.003992200000000065e-12	5.681950133146373332e-04
-7.319241799999999661e-05	-3.180369400000000167e-12	5.655211895408024684e-04
-7.630705799999999836e-05	-3.311598799999999858e-12	5.650822391874654694e-04
-7.942154999999999517e-05	-3.450844199999999866e-12	5.713972125677935178e-04
-8.253619099999999291e-05	-3.617891799999999874e-12	5.680523987571384084e-04
-8.565068199999999372e-05	-3.717194999999999894e-12	5.660427013554816117e-04
-8.876532300000000502e-05	-3.856336299999999989e-12	5.697838679707275481e-04
-9.187981499999998828e-05	-4.010361100000000119e-12	5.695459526585459854e-04
-9.499445599999999958e-05	-4.109316599999999757e-12	5.694679431353607581e-04
-9.810894700000000039e-05	-4.248684299999999682e-12	5.664820071980253670e-04
-1.012235899999999901e-04	-4.387298299999999923e-12	5.643332067997652250e-04
-1.043380799999999949e-04	-4.533792599999999694e-12	5.752781751555837526e-04
-1.074527199999999967e-04	-4.671851899999999613e-12	5.680281934109140647e-04
-1.105672100000000015e-04	-4.810424600000000247e-12	5.672208941133062956e-04
-1.136818499999999897e-04	-4.937895100000000193e-12	5.583599452102811639e-04
-1.167964900000000050e-04	-5.083028200000000174e-12	5.702210633009823903e-04
-1.199109899999999969e-04	-5.191394599999999985e-12	5.623821605632351762e-04
-1.230256299999999987e-04	-5.338409399999999724e-12	5.622049785421666347e-04
-1.261401200000000170e-04	-5.474517099999999923e-12	5.670859429467758330e-04
-1.292547600000000052e-04	-5.613222999999999901e-12	5.660971723309772856e-04
-1.323692499999999965e-04	-5.765003099999999944e-12	5.692416143821477570e-04
-1.354838899999999847e-04	-5.896940900000000230e-12	5.656848473948192452e-04
-1.385983800000000030e-04	-6.055890599999999900e-12	5.685031387258275256e-04
-1.417130199999999912e-04	-6.170282200000000299e-12	5.677855105176820693e-04
-1.448275100000000096e-04	-6.270517500000000398e-12	5.626098768109161295e-04
-1.479421600000000120e-04	-6.440722100000000046e-12	5.582373865715792739e-04
-1.510566500000000032e-04	-6.587586400000000147e-12	5.604787112706376530e-04
-1.541712899999999914e-04	-6.708501400000000344e-12	5.647519981862921413e-04
-1.572859299999999796e-04	-6.813595699999999908e-12	5.639321711382568394e-04
-1.604004199999999980e-04	-6.985306900000000078e-12	5.615912574777075141e-04
-1.635150599999999862e-04	-7.129738199999999639e-12	5.594100727637442341e-04
-1.666295500000000045e-04	-7.250783299999999813e-12	5.619516310361378272e-04
-1.697441900000000198e-04	-7.345880799999999449e-12	5.549387216998275495e-04
-1.728586899999999982e-04	-7.521966599999999761e-12	5.665158195696686069e-04
-1.759733299999999864e-04	-7.669764999999999480e-12	5.554221379433400959e-04
-1.790878200000000048e-04	-7.776032400000000110e-12	5.523594791457414090e-04
-1.822024599999999930e-04	-7.921260899999999424e-12	5.646360120309638778e-04
-1.853169500000000113e-04	-8.075782199999999399e-12	5.574698937482690762e-04
-1.884315900000000266e-04	-8.192725999999999678e-12	5.605291241519151342e-04
-1.915460799999999908e-04	-8.310300400000000474e-12	5.669622509599921102e-04
-1.946607200000000060e-04	-8.445698100000000367e-12	5.565411831337345461e-04
-1.977753599999999942e-04	-8.585639999999999755e-12	5.544379213372884353e-04
-2.008898599999999997e-04	-8.663831799999999272e-12	5.609349013830391929e-04
-2.040045000000000150e-04	-8.819245700000000757e-12	5.583830111262892042e-04
-2.071189899999999792e-04	-8.972789500000000296e-12	5.625720237131269551e-04
-2.102336299999999945e-04	-9.103945899999999448e-12	5.594702549688696479e-04
-2.133481200000000128e-04	-9.224270699999999832e-12	5.662972369454244382e-04
-2.164627600000000010e-04	-9.334275499999999509e-12	5.574124878403542357e-04
-2.195772500000000194e-04	-9.485533000000000796e-12	5.547117081556138425e-04
-2.226918900000000076e-04	-9.649175599999999366e-12	5.593705275232202078e-04
-2.258063899999999860e-04	-9.781183700000000652e-12	5.580069523089512028e-04
-2.289210300000000013e-04	-9.874528300000000565e-12	5.566744293556119940e-04
-2.320355199999999925e-04	-1.005838099999999957e-11	5.551820818576316601e-04
-2.351501600000000078e-04	-1.019181399999999945e-11	5.567158093925733079e-04
-2.382647999999999960e-04	-1.030895299999999932e-11	5.584455090001381235e-04
-2.413792899999999872e-04	-1.040616599999999959e-11	5.548132952073803800e-04
-2.444939300000000025e-04	-1.052661899999999966e-11	5.576281648023284762e-04
-2.476084200000000209e-04	-1.065151099999999989e-11	5.560358046163045445e-04
-2.507230599999999820e-04	-1.080617900000000054e-11	5.593001771562376928e-04
-2.538375600000000146e-04	-1.095091300000000035e-11	5.532193490214185137e-04
-2.569522000000000299e-04	-1.108458100000000018e-11	5.494781794024186476e-04
-2.600666899999999940e-04	-1.123178599999999986e-11	5.512668752237064604e-04
-2.631813300000000093e-04	-1.135284200000000067e-11	5.543560248260040891e-04
-2.662958199999999735e-04	-1.148416099999999998e-11	5.541130183690443078e-04
-2.694104599999999888e-04	-1.158104199999999923e-11	5.472620099332600177e-04
-2.725249500000000071e-04	-1.178710999999999944e-11	5.511527456752358164e-04
-2.756395899999999682e-04	-1.189753100000000027e-11	5.463348322596786990e-04
-2.787542299999999835e-04	-1.199938599999999994e-11	5.504455581797757218e-04
-2.818687300000000161e-04	-1.211562599999999945e-11	5.495849170777435946e-04
-2.849833699999999772e-04	-1.228977400000000074e-11	5.500396911765496931e-04
-2.880978599999999955e-04	-1.239920200000000026e-11	5.456400628430892533e-04
-2.912125000000000108e-04	-1.251672599999999943e-11	5.504567763053152272e-04
-2.943269899999999750e-04	-1.267184099999999962e-11	5.521991817731439168e-04
-2.974416299999999903e-04	-1.275957900000000068e-11	5.499070227069694210e-04
-3.005561200000000086e-04	-1.288126000000000039e-11	5.482336424422888958e-04
-3.036707600000000239e-04	-1.302827000000000059e-11	5.505033159269734225e-04
-3.067852600000000023e-04	-1.311756899999999964e-11	5.549421050553778089e-04
-3.098998999999999634e-04	-1.326900700000000011e-11	5.505767774266136401e-04
-3.130143899999999818e-04	-1.343768500000000061e-11	5.469450196838427335e-04
-3.161290299999999971e-04	-1.356285699999999931e-11	5.555627875947941833e-04
-3.192435200000000154e-04	-1.371664299999999972e-11	5.446692736100621369e-04
-3.223581600000000307e-04	-1.385558699999999982e-11	5.463650026013696856e-04
-3.254727999999999918e-04	-1.392380799999999988e-11	5.549859443769474378e-04
-3.285872900000000102e-04	-1.407633399999999995e-11	5.528432712291473424e-04
-3.317019300000000255e-04	-1.412567699999999953e-11	5.505396831581042599e-04
-3.348164300000000039e-04	-1.425388799999999962e-11	5.485681136210939076e-04
-3.379310700000000191e-04	-1.445145800000000076e-11	5.457921573641181774e-04
-3.410455600000000375e-04	-1.452599699999999999e-11	5.434769839527941191e-04
-3.441601999999999986e-04	-1.475454799999999922e-11	5.479452738056336423e-04
-3.472746899999999627e-04	-1.482553499999999979e-11	5.477230742424295468e-04
-3.503893300000000322e-04	-1.492045899999999863e-11	5.424866114655054090e-04
-3.535038199999999964e-04	-1.511044599999999900e-11	5.470309074326111477e-04
-3.566184599999999575e-04	-1.530676600000000074e-11	5.493838542794750356e-04
-3.597329600000000443e-04	-1.536260199999999872e-11	5.487838546714163832e-04
-3.628476000000000054e-04	-1.547644000000000105e-11	5.509452420902039536e-04
-3.659622399999999665e-04	-1.561674400000000105e-11	5.534895180542685365e-04
-3.690767300000000390e-04	-1.574220800000000029e-11	5.491010143222743506e-04
-3.721913700000000001e-04	-1.588466999999999880e-11	5.523447505655089103e-04
-3.753058599999999643e-04	-1.599520899999999989e-11	5.408206676977345747e-04
-3.784205000000000338e-04	-1.606914600000000056e-11	5.474446113074419619e-04
-3.815349899999999979e-04	-1.628297700000000044e-11	5.478357591409034480e-04
-3.846496299999999590e-04	-1.643436799999999963e-11	5.440119818332911621e-04
-3.877641300000000458e-04	-1.655154799999999894e-11	5.411121062527218502e-04
-3.908787700000000069e-04	-1.665947400000000059e-11	5.454018106952568477e-04
-3.939932599999999710e-04	-1.675469499999999962e-11	5.444247235551088982e-04
-3.971079000000000405e-04	-1.689447699999999880e-11	5.509556726438199830e-04
-4.002223900000000047e-04	-1.707635799999999859e-11	5.421635103537820414e-04
-4.033370299999999658e-04	-1.720083499999999998e-11	5.487198129544596393e-04
-4.064516700000000353e-04	-1.733588599999999846e-11	5.422862086038038321e-04
-4.095661599999999994e-04	-1.746611400000000128e-11	5.442068659873441037e-04
-4.126807999999999605e-04	-1.760602600000000118e-11	5.497170378361592499e-04
-4.157953000000000473e-04	-1.771076699999999955e-11	5.439448052217434309e-04
-4.189099400000000084e-04	-1.784688200000000154e-11	5.496604371650967583e-04
-4.220244299999999726e-04	-1.797564999999999843e-11	5.423373732024418725e-04
-4.251390699999999878e-04	-1.807554500000000081e-11	5.455493043286036492e-04
-4.282535600000000062e-04	-1.820757600000000077e-11	5.463732938160952143e-04
-4.313681999999999673e-04	-1.842350100000000099e-11	5.488039212646263773e-04
-4.344826899999999856e-04	-1.856380699999999891e-11	5.435953986709472904e-04
-4.375973300000000009e-04	-1.862385599999999908e-11	5.540481936049723504e-04
-4.407118299999999793e-04	-1.873039099999999909e-11	5.443956140403085437e-04
-4.438264699999999946e-04	-1.890112699999999853e-11	5.410334347923389684e-04
-4.469411100000000099e-04	-1.902129500000000049e-11	5.423976725855099825e-04
-4.500555999999999741e-04	-1.909092700000000081e-11	5.428403670458204410e-04
-4.531702399999999894e-04	-1.918371400000000034e-11	5.392859209937741084e-04
-4.562847300000000077e-04	-1.938417699999999939e-11	5.388298309906928161e-04
-4.593993700000000230e-04	-1.949430700000000025e-11	5.380378174478686170e-04
-4.625138599999999872e-04	-1.959393199999999863e-11	5.410241195031076887e-04
-4.656285000000000025e-04	-1.979109800000000082e-11	5.420876860677181688e-04
-4.687429999999999809e-04	-1.991637800000000046e-11	5.459783947582951946e-04
-4.718576399999999962e-04	-2.009939100000000103e-11	5.433440136061244404e-04
-4.749721300000000145e-04	-2.021206999999999992e-11	5.476801249499458311e-04
-4.780867700000000298e-04	-2.032395800000000103e-11	5.357403801704381432e-04
-4.812012599999999939e-04	-2.041749100000000146e-11	5.437415202850985705e-04
-4.843158999999999550e-04	-2.059348400000000151e-11	5.442004263449235586e-04
-4.874303900000000276e-04	-2.077145100000000049e-11	5.418043116436414538e-04
-4.905450299999999887e-04	-2.084066300000000070e-11	5.446826637197360729e-04
-4.936596800000000182e-04	-2.084465400000000074e-11	5.402893100704284296e-04
-4.967741700000000366e-04	-2.086051800000000132e-11	5.411800419876096162e-04
-4.998888099999999977e-04	-2.093291199999999985e-11	5.395850534919655007e-04
-5.030033000000000160e-04	-2.110064899999999999e-11	5.405329065816687120e-04
-5.061179399999999771e-04	-2.130300600000000024e-11	5.436763646567309080e-04
-5.092324299999999955e-04	-2.145593900000000099e-11	5.453781803362407407e-04
-5.123470699999999566e-04	-2.167879200000000031e-11	5.442475542066779271e-04
-5.154615599999999749e-04	-2.184653500000000068e-11	5.420486831711856905e-04
-5.185762000000000444e-04	-2.196425500000000151e-11	5.459075275327919616e-04
-5.216907000000000228e-04	-2.207974599999999840e-11	5.409219096483768941e-04
-5.248053399999999839e-04	-2.224657799999999956e-11	5.433036273835340933e-04
-5.279198300000000022e-04	-2.239226499999999859e-11	5.407922087352559767e-04
-5.310344699999999633e-04	-2.247977800000000063e-11	5.400908644731982266e-04
-5.341491100000000328e-04	-2.263610300000000138e-11	5.454601673964539019e-04
-5.372636000000000512e-04	-2.267117600000000126e-11	5.442182247142259184e-04
-5.403782400000000123e-04	-2.284210700000000018e-11	5.485377060946131002e-04
-5.434927299999999222e-04	-2.308408699999999992e-11	5.330149911027561287e-04
-5.466073799999999518e-04	-2.319964499999999995e-11	5.263445815553534487e-04
-5.497218699999999701e-04	-2.325925599999999930e-11	5.301626293932246419e-04
-5.528365100000000396e-04	-2.343140799999999866e-11	5.389993908791054170e-04
-5.559510000000000580e-04	-2.354579900000000033e-11	5.383703958883527367e-04
-5.590656400000000191e-04	-2.367995900000000145e-11	5.403575987730829724e-04
-5.621801299999999290e-04	-2.365385800000000121e-11	5.436135245276983762e-04
-5.652947699999999985e-04	-2.388919800000000009e-11	5.426002787624194679e-04
-5.684092600000000169e-04	-2.399877199999999988e-11	5.422914810962410539e-04
-5.715238999999999779e-04	-2.416964899999999994e-11	5.440139900089363588e-04
-5.746385500000000075e-04	-2.432870899999999946e-11	5.399782006306252718e-04
-5.777530400000000258e-04	-2.443252700000000140e-11	5.382531862452144935e-04
-5.808676799999999869e-04	-2.452322399999999967e-11	5.377250643925420449e-04
-5.839821700000000053e-04	-2.459665499999999906e-11	5.386121480440947233e-04
-5.870968099999999664e-04	-2.468710999999999981e-11	5.381405928829688422e-04
-5.902112999999999847e-04	-2.499155599999999909e-11	5.388300507681107604e-04
-5.933259400000000542e-04	-2.512918899999999849e-11	5.403343514285569981e-04
-5.964404299999999642e-04	-2.530003299999999889e-11	5.399295759480250310e-04
-5.995550799999999937e-04	-2.536709599999999933e-11	5.443509059220557732e-04
-6.026695700000000121e-04	-2.540334300000000161e-11	5.392484546758508817e-04
-6.057842099999999732e-04	-2.553091600000000014e-11	5.417145032206159994e-04
-6.088986999999999915e-04	-2.576251699999999904e-11	5.373671584859836346e-04
-6.120133400000000610e-04	-2.589457599999999902e-11	5.402512909973724133e-04
-6.151279800000000221e-04	-2.600600600000000069e-11	5.403219862191154530e-04
-6.182424700000000405e-04	-2.607999800000000081e-11	5.407378105413467246e-04
-6.213571100000000015e-04	-2.622400599999999997e-11	5.421872995820703782e-04
-6.244716000000000199e-04	-2.634015599999999922e-11	5.350430505051112897e-04
-6.275862499999999410e-04	-2.642663999999999856e-11	5.428143597029556509e-04
-6.307007400000000678e-04	-2.658024499999999950e-11	5.409325229668518345e-04
-6.338153800000000289e-04	-2.675972100000000038e-11	5.411214724362939550e-04
-6.369298700000000472e-04	-2.686975500000000075e-11	5.433028886356685867e-04
-6.400445100000000083e-04	-2.707199599999999866e-11	5.426304095142465153e-04
-6.431589999999999183e-04	-2.704946900000000008e-11	5.392877889887706406e-04
-6.462736400000000962e-04	-2.730532600000000045e-11	5.447944124510338592e-04
-6.493881300000000061e-04	-2.752176999999999977e-11	5.393868611250729299e-04
-6.525027799999999273e-04	-2.758822900000000050e-11	5.330559841769564548e-04
-6.556172700000000540e-04	-2.761835600000000159e-11	5.410916479124633187e-04
-6.587319100000000151e-04	-2.773714100000000006e-11	5.442020523687558483e-04
-6.618465499999999762e-04	-2.782949699999999959e-11	5.355299528424284144e-04
-6.649610399999999946e-04	-2.802588200000000007e-11	5.371290308421911193e-04
-6.680756799999999556e-04	-2.824568499999999972e-11	5.401795924989241703e-04
-6.711901700000000824e-04	-2.832244500000000150e-11	5.328237181915725963e-04
-6.743048100000000435e-04	-2.846829199999999919e-11	5.406178494109931121e-04
-6.774193000000000619e-04	-2.864189399999999872e-11	5.423792442791946968e-04
-6.805339499999999830e-04	-2.880910800000000068e-11	5.362089585973810928e-04
-6.836484399999998929e-04	-2.885166400000000016e-11	5.381597575306681534e-04
-6.867630800000000708e-04	-2.899473400000000068e-11	5.386549033210095289e-04
-6.898775699999999808e-04	-2.909932899999999878e-11	5.287100859756356259e-04
-6.929922099999999419e-04	-2.910874300000000155e-11	5.406870860280873050e-04
-6.961066999999999602e-04	-2.917419099999999705e-11	5.418660207747593056e-04
-6.992213399999999213e-04	-2.938360299999999863e-11	5.337543892379429831e-04
-7.023359799999999908e-04	-2.960913099999999762e-11	5.349520161106456921e-04
-7.054504799999999692e-04	-2.974834300000000056e-11	5.344916628173132988e-04
-7.085651199999999303e-04	-2.996250100000000180e-11	5.427371695284271625e-04
-7.116796100000000571e-04	-2.993015599999999988e-11	5.308292543304641556e-04
-7.147942500000000181e-04	-3.003254600000000143e-11	5.369290328025275215e-04
-7.179087400000000365e-04	-3.018681499999999793e-11	5.445177554297261566e-04
-7.210233799999999976e-04	-3.022377099999999913e-11	5.366017033999931395e-04
-7.241378699999999075e-04	-3.054604800000000034e-11	5.331661244234635680e-04
-7.272525100000000855e-04	-3.074326600000000024e-11	5.424944857000289430e-04
-7.303669999999999954e-04	-3.081350500000000200e-11	5.378787393219799278e-04
-7.334816500000000249e-04	-3.106526799999999780e-11	5.377541018418227235e-04
-7.365961399999999349e-04	-3.110068100000000009e-11	5.425365268889729194e-04
-7.397107800000000044e-04	-3.121348000000000040e-11	5.402142111648637135e-04
-7.428254199999999655e-04	-3.128887399999999882e-11	5.368521155891581341e-04
-7.459399099999999838e-04	-3.152007100000000038e-11	5.325013904111332210e-04
-7.490545499999999449e-04	-3.167815700000000311e-11	5.435512270131552092e-04
-7.521690399999999633e-04	-3.171214000000000062e-11	5.384139642876441560e-04
-7.552836800000000328e-04	-3.188986900000000115e-11	5.328845926438205904e-04
-7.583981800000000112e-04	-3.199340800000000035e-11	5.387467361807807189e-04
-7.615128199999999722e-04	-3.215012999999999763e-11	5.444144632539996229e-04
-7.646273100000000990e-04	-3.215815799999999841e-11	5.365626106020958798e-04
-7.677419500000000601e-04	-3.236042699999999955e-11	5.375885811992097210e-04
-7.708564399999999700e-04	-3.254107100000000260e-11	5.366850310684501829e-04
-7.739710800000000395e-04	-3.257504700000000253e-11	5.446471322577403412e-04
-7.770855699999999495e-04	-3.272457999999999868e-11	5.336405480807292863e-04
-7.802002099999999106e-04	-3.287060199999999723e-11	5.406481460341283846e-04
-7.833148500000000885e-04	-3.292394499999999719e-11	5.373784851793514785e-04
-7.864293499999999585e-04	-3.318544100000000220e-11	5.389601221005459316e-04
-7.895439899999999196e-04	-3.330781499999999806e-11	5.370509181221564971e-04
-7.926584800000000463e-04	-3.335702899999999911e-11	5.339666512895189284e-04
-7.957731200000000074e-04	-3.356505700000000307e-11	5.398658727511715123e-04
-7.988876100000000258e-04	-3.383189599999999695e-11	5.431004441526486072e-04
-8.020022499999999869e-04	-3.387705400000000244e-11	5.367806416539915981e-04
-8.051167400000000052e-04	-3.397894800000000200e-11	5.351187991521613382e-04
-8.082313800000000747e-04	-3.415495000000000079e-11	5.360723332740556643e-04
-8.113458799999999447e-04	-3.413803600000000154e-11	5.472428782442585434e-04
-8.144605200000000142e-04	-3.430692900000000014e-11	5.417987504401863569e-04
-8.175750099999999241e-04	-3.446154500000000308e-11	5.401757703897263480e-04
-8.206896499999998852e-04	-3.451330199999999870e-11	5.378822374473912283e-04
-8.238041400000000120e-04	-3.470171700000000280e-11	5.258572762046260281e-04
-8.269187799999999731e-04	-3.489004600000000249e-11	5.289175415648581218e-04
-8.300334199999999342e-04	-3.504994200000000316e-11	5.400236772697381655e-04
-8.331479099999999525e-04	-3.515772000000000016e-11	5.295104246971253040e-04
-8.362625499999999136e-04	-3.523342400000000305e-11	5.354766135221948609e-04
-8.393770500000000004e-04	-3.536562699999999891e-11	5.415936240332651017e-04
-8.424916899999999615e-04	-3.553196600000000305e-11	5.409724980021901825e-04
-8.456061800000000883e-04	-3.569225799999999968e-11	5.354300451235455673e-04
-8.487208200000000494e-04	-3.582836099999999797e-11	5.371009195115436117e-04
-8.518353100000000677e-04	-3.599195600000000138e-11	5.413517339646383352e-04
-8.549499500000000288e-04	-3.607528199999999685e-11	5.357537427094176538e-04
-8.580644399999999387e-04	-3.614382099999999954e-11	5.339552739718490251e-04
-8.611790800000001167e-04	-3.630239199999999789e-11	5.329157948950202653e-04
-8.642935799999999866e-04	-3.636782200000000239e-11	5.398926209413607621e-04
-8.674082199999999477e-04	-3.654911399999999822e-11	5.396923991555661665e-04
-8.705228600000000172e-04	-3.665661499999999688e-11	5.320383589190945091e-04
-8.736373499999999272e-04	-3.667646699999999900e-11	5.359268065631053041e-04
-8.767519899999999967e-04	-3.680954200000000063e-11	5.277709615672678640e-04
-8.798664800000000150e-04	-3.704465899999999679e-11	5.446960846011624511e-04
-8.829811199999999761e-04	-3.716193000000000016e-11	5.377372105318821210e-04
-8.860956099999999945e-04	-3.726840400000000050e-11	5.347948968888988725e-04
-8.892102499999999556e-04	-3.739056999999999907e-11	5.370331986641833227e-04
-8.923247500000000424e-04	-3.746041000000000315e-11	5.407703987670824932e-04
-8.954393900000000035e-04	-3.758889699999999939e-11	5.386487634995737548e-04
-8.985538799999999134e-04	-3.762638100000000165e-11	5.384022703489154543e-04
-9.016685200000000913e-04	-3.793039099999999805e-11	5.298439010828012588e-04
-9.047830100000000013e-04	-3.809934299999999840e-11	5.332675886343655634e-04
-9.078976499999999623e-04	-3.812441300000000124e-11	5.378616117148358414e-04
-9.110122900000000318e-04	-3.834195799999999958e-11	5.304363717238536448e-04
-9.141267799999999418e-04	-3.846260800000000190e-11	5.381641278905646133e-04
-9.172414199999999029e-04	-3.861349399999999715e-11	5.370331012690790799e-04
-9.203559199999999897e-04	-3.872966199999999710e-11	5.351916971529554470e-04
-9.234705599999999508e-04	-3.880873099999999732e-11	5.407057806304675423e-04
-9.265850499999999691e-04	-3.897298499999999986e-11	5.366397720796314526e-04
-9.296996900000000386e-04	-3.915245599999999785e-11	5.419774427850490963e-04
-9.328141800000000570e-04	-3.925124799999999681e-11	5.380710868682293986e-04
-9.359288200000000181e-04	-3.942051900000000036e-11	5.304632429160344078e-04
-9.390433099999999280e-04	-3.945555000000000185e-11	5.385112812768106348e-04
-9.421579499999999975e-04	-3.953657500000000029e-11	5.368690599967165106e-04
-9.452724499999999759e-04	-3.974885999999999952e-11	5.353655639270216106e-04
-9.483870899999999370e-04	-3.984207100000000147e-11	5.303896167863925018e-04
-9.515017300000000065e-04	-4.001565399999999973e-11	5.433633718532036600e-04
-9.546162199999999164e-04	-4.001799900000000278e-11	5.324090955346488406e-04
-9.577308599999999859e-04	-4.012651700000000044e-11	5.351052918101117939e-04
-9.608453500000000043e-04	-4.031138599999999966e-11	5.359580704784608568e-04
-9.639599899999999654e-04	-4.041725299999999857e-11	5.338865692970128692e-04
-9.670744799999999837e-04	-4.067138299999999720e-11	5.312982629768326194e-04
-9.701891199999999448e-04	-4.083109500000000152e-11	5.408832897300110652e-04
-9.733036200000000316e-04	-4.059178999999999823e-11	5.332865484125987564e-04
-9.764182599999999927e-04	-4.088285599999999945e-11	5.294870014830286870e-04
-9.795327500000000111e-04	-4.101644399999999995e-11	5.425435923553082905e-04
-9.826473900000000806e-04	-4.114197500000000231e-11	5.386669075562954510e-04
-9.857618799999998821e-04	-4.138439600000000137e-11	5.378229424919017719e-04
-9.888765200000001684e-04	-4.147880300000000226e-11	5.322183096660074554e-04
-9.919910099999999700e-04	-4.165234100000000038e-11	5.363938221894001390e-04
-9.951056500000000395e-04	-4.184254000000000035e-11	5.404813989808331717e-04
-9.982202900000001090e-04	-4.202959899999999716e-11	5.394123188057125878e-04
-1.001334800000000047e-03	-4.210683900000000138e-11	5.432155538167573149e-04
-1.004449400000000060e-03	-4.223709599999999833e-11	5.331670100392990087e-04
-1.007563900000000038e-03	-4.232111199999999792e-11	5.400114589749879703e-04
-1.010678599999999868e-03	-4.245776300000000236e-11	5.374734391386000584e-04
-1.013793100000000063e-03	-4.258130299999999923e-11	5.357606498700881155e-04
-1.016907700000000076e-03	-4.270607799999999816e-11	5.405577185760796020e-04
-1.020022200000000054e-03	-4.292806400000000105e-11	5.362119816835521358e-04
-1.023136800000000067e-03	-4.297027299999999732e-11	5.341631605466607520e-04
-1.026251300000000045e-03	-4.314509900000000225e-11	5.410208517141525683e-04
-1.029366000000000092e-03	-4.327816900000000100e-11	5.396678423039745834e-04
-1.032480400000000036e-03	-4.331022300000000295e-11	5.340895578764870465e-04
-1.035595099999999866e-03	-4.351598599999999835e-11	5.347650090488187489e-04
-1.038709700000000095e-03	-4.369932900000000200e-11	5.365951185407523633e-04
-1.041824200000000073e-03	-4.387804400000000302e-11	5.338232920881909836e-04
-1.044938900000000120e-03	-4.403448399999999907e-11	5.374654055327143885e-04
-1.048053399999999882e-03	-4.404331799999999984e-11	5.312820801954447943e-04
-1.051167999999999894e-03	-4.404656500000000014e-11	5.345183555115246184e-04
-1.054282500000000089e-03	-4.391386899999999757e-11	5.377071938024873031e-04
-1.057397100000000102e-03	-4.429062300000000067e-11	5.325289693740557382e-04
-1.060511600000000080e-03	-4.463463599999999944e-11	5.334342959659676107e-04
-1.063626299999999910e-03	-4.472994200000000231e-11	5.323330904783647776e-04
-1.066740800000000105e-03	-4.477568699999999769e-11	5.434581689991416394e-04
-1.069855400000000118e-03	-4.489053200000000294e-11	5.343434715694650667e-04
-1.072969899999999879e-03	-4.495926899999999714e-11	5.311082875756964082e-04
-1.076084499999999892e-03	-4.511240299999999760e-11	5.341003473350513717e-04
-1.079199199999999938e-03	-4.522969800000000190e-11	5.275400346331546959e-04
-1.082313699999999917e-03	-4.533366699999999729e-11	5.369823288236850534e-04
-1.085428300000000146e-03	-4.553574200000000277e-11	5.390992053588890970e-04
-1.088542799999999908e-03	-4.569216200000000020e-11	5.381682920396324956e-04
-1.091657399999999920e-03	-4.586907899999999727e-11	5.318650968303700747e-04
-1.094771900000000115e-03	-4.603682700000000053e-11	5.396339010401801596e-04
-1.097886599999999945e-03	-4.613874899999999687e-11	5.366650730800157521e-04
-1.101001099999999924e-03	-4.621096899999999835e-11	5.335654206831657708e-04
-1.104115699999999936e-03	-4.639067899999999861e-11	5.328947380538197852e-04
-1.107230299999999949e-03	-4.643264200000000150e-11	5.333602911327420216e-04
-1.110344699999999893e-03	-4.666722199999999786e-11	5.373557153572778569e-04
-1.113459299999999905e-03	-4.674157599999999692e-11	5.370359147589546167e-04
-1.116573999999999952e-03	-4.676330499999999690e-11	5.399806163183536829e-04
-1.119688599999999964e-03	-4.685712899999999729e-11	5.390125844759445940e-04
-1.122803199999999977e-03	-4.714204400000000204e-11	5.368201331814537397e-04
-1.125917599999999921e-03	-4.728667100000000309e-11	5.320552541054060156e-04
-1.129032199999999934e-03	-4.729908799999999779e-11	5.354290732909833348e-04
-1.132146899999999980e-03	-4.752917499999999836e-11	5.368680915123662852e-04
-1.135261499999999993e-03	-4.762993799999999774e-11	5.378536312279869015e-04
-1.138375799999999903e-03	-4.772272500000000050e-11	5.380937789024897201e-04
-1.141490499999999950e-03	-4.786454599999999734e-11	5.362203660343935630e-04
-1.144605099999999962e-03	-4.794512400000000269e-11	5.401946907646972039e-04
-1.147719800000000009e-03	-4.827383999999999860e-11	5.367570728353873635e-04
-1.150834099999999919e-03	-4.842921900000000256e-11	5.345439603805443585e-04
-1.153948799999999966e-03	-4.855379999999999936e-11	5.401456503333965228e-04
-1.157063399999999978e-03	-4.865058699999999766e-11	5.375883174044811469e-04
-1.160177999999999991e-03	-4.875328600000000310e-11	5.351198094701843742e-04
-1.163292700000000037e-03	-4.893861699999999760e-11	5.312760055510231966e-04
-1.166406999999999947e-03	-4.904598899999999933e-11	5.299091054804941966e-04
-1.169521699999999994e-03	-4.920551499999999968e-11	5.396100148279073944e-04
-1.172636300000000006e-03	-4.926790600000000116e-11	5.406808484260744929e-04
-1.175750900000000019e-03	-4.924452899999999982e-11	5.387953492741485648e-04
-1.178865299999999963e-03	-4.937851499999999743e-11	5.317923917916598858e-04
-1.181979899999999976e-03	-4.971326499999999981e-11	5.407968703288630868e-04
-1.185094600000000022e-03	-4.974607199999999701e-11	5.388489572262316306e-04
-1.188209200000000035e-03	-4.980899400000000129e-11	5.377565464126231754e-04
-1.191323499999999945e-03	-4.991850699999999818e-11	5.352374412983565118e-04
-1.194438199999999992e-03	-4.997306700000000275e-11	5.311144922857988877e-04
-1.197552800000000004e-03	-5.011671299999999973e-11	5.378190110941658778e-04
-1.200667500000000051e-03	-5.036835899999999908e-11	5.333013231602701590e-04
-1.203782100000000063e-03	-5.055490699999999818e-11	5.389896982009094407e-04
-1.206896500000000007e-03	-5.060410100000000060e-11	5.365923764510805013e-04
-1.210011100000000020e-03	-5.065720399999999774e-11	5.384142625063991850e-04
-1.213125700000000032e-03	-5.079718599999999927e-11	5.357279295870545242e-04
-1.216240400000000079e-03	-5.100021800000000143e-11	5.333415313385095422e-04
-1.219354699999999989e-03	-5.116578700000000052e-11	5.343699413850966449e-04
-1.222469400000000036e-03	-5.122916699999999777e-11	5.367309205146729694e-04
-1.225584000000000048e-03	-5.144643000000000134e-11	5.409577433983627295e-04
-1.228698600000000061e-03	-5.154033499999999679e-11	5.410600110677751687e-04
-1.231813000000000005e-03	-5.163670199999999821e-11	5.352711223527758383e-04
-1.234927600000000018e-03	-5.166837099999999764e-11	5.359982778022419174e-04
-1.238042300000000064e-03	-5.161146899999999821e-11	5.440137652595716236e-04
-1.241156900000000077e-03	-5.191304299999999719e-11	5.392813078117098934e-04
-1.244271500000000089e-03	-5.191018099999999942e-11	5.345649869282732228e-04
-1.247385900000000034e-03	-5.226390800000000288e-11	5.337385414432053391e-04
-1.250500500000000046e-03	-5.225016299999999767e-11	5.310426614046338768e-04
-1.253615200000000093e-03	-5.225698299999999905e-11	5.351325020928088564e-04
-1.256729799999999888e-03	-5.243739799999999915e-11	5.348983583235930334e-04
-1.259844200000000049e-03	-5.269682599999999944e-11	5.369116174703007435e-04
-1.262958800000000062e-03	-5.292649300000000313e-11	5.424414141093676254e-04
-1.266073400000000074e-03	-5.300537800000000053e-11	5.351974105376999238e-04
-1.269188099999999904e-03	-5.300888500000000228e-11	5.343059179507501357e-04
-1.272302400000000031e-03	-5.329446599999999729e-11	5.317141429044721897e-04
-1.275417100000000078e-03	-5.346551700000000086e-11	5.251303803332585483e-04
-1.278531699999999873e-03	-5.363056899999999877e-11	5.334847232558445141e-04
-1.281646300000000103e-03	-5.375561499999999904e-11	5.386884601776022446e-04
-1.284760700000000047e-03	-5.403633800000000081e-11	5.395737405764571525e-04
-1.287875300000000060e-03	-5.409545700000000049e-11	5.382496052467421318e-04
-1.290989999999999889e-03	-5.410289899999999904e-11	5.342078184861263988e-04
-1.294104600000000119e-03	-5.425162700000000224e-11	5.418740431098374461e-04
-1.297219199999999914e-03	-5.443045300000000271e-11	5.295857543231401437e-04
-1.300333599999999859e-03	-5.465248399999999927e-11	5.373797883282108081e-04
-1.303448200000000088e-03	-5.469247999999999759e-11	5.309247877477920197e-04
-1.306562900000000135e-03	-5.483618400000000221e-11	5.381257475690963367e-04
-1.309677499999999930e-03	-5.491400000000000290e-11	5.393265623718962497e-04
-1.312791899999999875e-03	-5.504214799999999731e-11	5.346334279331524169e-04
-1.315906500000000104e-03	-5.498042600000000074e-11	5.360170775081674879e-04
-1.319021099999999900e-03	-5.481435799999999794e-11	5.406481134372077791e-04
-1.322135799999999946e-03	-5.522420400000000120e-11	5.319195578257797635e-04
-1.325250100000000073e-03	-5.527555099999999924e-11	5.365061486985421568e-04
-1.328364800000000120e-03	-5.540083999999999762e-11	5.381070234227511686e-04
-1.331479399999999915e-03	-5.553487499999999766e-11	5.372279288959618156e-04
-1.334594000000000145e-03	-5.585449799999999839e-11	5.323255798594135743e-04
-1.337708699999999758e-03	-5.604314199999999897e-11	5.340770201345216434e-04
-1.340822999999999885e-03	-5.637414100000000092e-11	5.333636337745020859e-04
-1.343937699999999931e-03	-5.629747000000000205e-11	5.430692132881570749e-04
-1.347052300000000161e-03	-5.626727600000000106e-11	5.329930772528524959e-04
-1.350166899999999956e-03	-5.665278699999999925e-11	5.354673365423090773e-04
-1.353281299999999901e-03	-5.674011599999999846e-11	5.318764502606651524e-04
-1.356395900000000130e-03	-5.667614300000000140e-11	5.287540454416862074e-04
-1.359510600000000177e-03	-5.701166300000000238e-11	5.312750400300753897e-04
-1.362625199999999972e-03	-5.720382799999999987e-11	5.287398280527092669e-04
-1.365739599999999917e-03	-5.734594000000000313e-11	5.299461746601871357e-04
-1.368854200000000146e-03	-5.722601599999999986e-11	5.294708002418267809e-04
-1.371968799999999941e-03	-5.745698399999999847e-11	5.351838226512193371e-04
-1.375083499999999988e-03	-5.748260899999999858e-11	5.362188376053686175e-04
-1.378198099999999784e-03	-5.769931100000000143e-11	5.357306290473158594e-04
-1.381312500000000162e-03	-5.788157100000000029e-11	5.336178367079078303e-04
-1.384427099999999957e-03	-5.804070800000000226e-11	5.299482489014673914e-04
-1.387541700000000187e-03	-5.816320000000000161e-11	5.324090335215098590e-04
-1.390656399999999800e-03	-5.818141099999999995e-11	5.381634377536690652e-04
-1.393770699999999927e-03	-5.828291999999999699e-11	5.360984739573661272e-04
-1.396885399999999973e-03	-5.842324499999999619e-11	5.343644412222728650e-04
-1.400000000000000203e-03	-5.856301599999999870e-11	5.326254476347062157e-04
