# [DATA]
1.400000000000000133e-01	5.845900799999999372e-11	7.924294271428571770e-13
1.396885399999999999e-01	5.826021757142857150e-11	7.967928914285712635e-13
1.393770900000000090e-01	5.817042628571428875e-11	7.894856471428570895e-13
1.390656200000000009e-01	5.804024728571427867e-11	7.890110242857141662e-13
1.387541700000000100e-01	5.796881471428571810e-11	7.871838857142857921e-13
1.384427099999999966e-01	5.784622142857142811e-11	7.930474071428572139e-13
1.381312600000000057e-01	5.770599957142857222e-11	7.897595485714284890e-13
1.378197999999999923e-01	5.764712614285713986e-11	7.926888771428572037e-13
1.375083500000000014e-01	5.747158642857142685e-11	7.956877642857144530e-13
1.371968799999999933e-01	5.739430128571428694e-11	7.890927728571428915e-13
1.368854300000000024e-01	5.720714071428572192e-11	7.829838757142855821e-13
1.365739699999999890e-01	5.705146071428571869e-11	7.982107514285714296e-13
1.362625199999999981e-01	5.694705585714285920e-11	7.818901242857142788e-13
1.359510600000000125e-01	5.682241628571429316e-11	7.915901042857142562e-13
1.356395900000000043e-01	5.673723000000000622e-11	7.898118299999999296e-13
1.353281400000000134e-01	5.663490071428571708e-11	7.953071471428571168e-13
1.350166800000000000e-01	5.649000428571428979e-11	7.925628257142857288e-13
1.347052300000000091e-01	5.634029257142857128e-11	7.956950671428571493e-13
1.343937699999999957e-01	5.620773042857143296e-11	7.851173442857144283e-13
1.340823200000000048e-01	5.605860914285713859e-11	7.865746814285713770e-13
1.337708499999999967e-01	5.593914757142857602e-11	7.995205057142857452e-13
1.334594000000000058e-01	5.581458414285714418e-11	7.877766671428570323e-13
1.331479399999999924e-01	5.572493114285713464e-11	7.781631528571427122e-13
1.328364900000000015e-01	5.556866371428571548e-11	7.860645714285714702e-13
1.325250299999999881e-01	5.536623200000000120e-11	7.882399157142857597e-13
1.322135799999999972e-01	5.524984614285714667e-11	7.840469899999998744e-13
1.319021099999999891e-01	5.495905014285713976e-11	7.828399785714284395e-13
1.315906599999999982e-01	5.499100228571428301e-11	7.851234314285715048e-13
1.312792000000000125e-01	5.492710114285714025e-11	7.805228514285713309e-13
1.309677399999999992e-01	5.475185414285713140e-11	8.018156899999999660e-13
1.306562900000000083e-01	5.465453942857143545e-11	7.893947857142856529e-13
1.303448200000000001e-01	5.452770328571428737e-11	7.973001342857142966e-13
1.300333700000000092e-01	5.445160099999999042e-11	7.909068742857142161e-13
1.297219099999999958e-01	5.433245657142857838e-11	8.062984285714285373e-13
1.294104600000000049e-01	5.424845842857143424e-11	7.890408142857143184e-13
1.290989999999999915e-01	5.410387699999999492e-11	8.084298757142857545e-13
1.287875500000000006e-01	5.397490485714285457e-11	7.798396957142856281e-13
1.284760799999999925e-01	5.385106871428571930e-11	7.909594757142857001e-13
1.281646300000000016e-01	5.374219314285714136e-11	7.851248014285714474e-13
1.278531699999999882e-01	5.354824528571429059e-11	7.949964714285713990e-13
1.275417199999999973e-01	5.350769428571428208e-11	8.144561257142856351e-13
1.272302600000000117e-01	5.334162028571428873e-11	7.923254928571428838e-13
1.269187900000000035e-01	5.316226999999999901e-11	7.878813300000000723e-13
1.266073400000000126e-01	5.302963828571427864e-11	7.986394514285714155e-13
1.262958799999999993e-01	5.294868214285713925e-11	7.997604614285714727e-13
1.259844300000000084e-01	5.274407200000000180e-11	7.939103457142857606e-13
1.256729699999999950e-01	5.266223114285714609e-11	7.980342571428571746e-13
1.253615200000000041e-01	5.244794542857142608e-11	7.940136014285714368e-13
1.250500499999999959e-01	5.240535299999999592e-11	8.063663814285714087e-13
1.247386000000000050e-01	5.227247042857142778e-11	7.938350657142855816e-13
1.244271400000000194e-01	5.215706871428571460e-11	7.834688057142856552e-13
1.241156800000000199e-01	5.209335142857143265e-11	7.885501599999999786e-13
1.238042300000000012e-01	5.190489614285713435e-11	8.003451342857143104e-13
1.234927700000000017e-01	5.171471785714285601e-11	7.866737099999999195e-13
1.231813100000000161e-01	5.169582357142858004e-11	7.897076871428570485e-13
1.228698599999999974e-01	5.156372057142857082e-11	7.905039857142855772e-13
1.225583999999999979e-01	5.136611428571428263e-11	8.127542399999998882e-13
1.222469399999999984e-01	5.129178342857142594e-11	8.047721642857143653e-13
1.219354899999999936e-01	5.117939414285714563e-11	7.876781971428571789e-13
1.216240200000000132e-01	5.105014814285714422e-11	7.988803471428572010e-13
1.213125699999999946e-01	5.093935357142857003e-11	8.117541485714285092e-13
1.210011099999999951e-01	5.082161900000000275e-11	7.972348528571428236e-13
1.206896600000000042e-01	5.068014914285713729e-11	7.956341757142857064e-13
1.203782000000000185e-01	5.054755614285714248e-11	8.067177642857142556e-13
1.200667399999999913e-01	5.036804299999999761e-11	7.912614857142857383e-13
1.197552799999999917e-01	5.020338442857142643e-11	8.029719628571428858e-13
1.194438300000000008e-01	5.014670371428571583e-11	7.965624071428572247e-13
1.191323700000000152e-01	5.005317642857143483e-11	8.166001057142857808e-13
1.188209099999999879e-01	4.998566342857142343e-11	8.088114857142857998e-13
1.185094599999999970e-01	4.982635928571427997e-11	8.056506071428571091e-13
1.181979999999999975e-01	4.971403642857142503e-11	7.908417071428571236e-13
1.178865400000000119e-01	4.955100757142857372e-11	8.056316585714285882e-13
1.175750899999999932e-01	4.933268785714285147e-11	8.116431500000000644e-13
1.172636299999999937e-01	4.928380814285713986e-11	7.916500014285714770e-13
1.169521699999999942e-01	4.902991757142857599e-11	7.981240757142857723e-13
1.166407200000000033e-01	4.893757785714285034e-11	8.125186185714286145e-13
1.163292499999999813e-01	4.885301599999999424e-11	7.901848828571428256e-13
1.160178000000000181e-01	4.867218828571428533e-11	8.186090157142857458e-13
1.157063399999999909e-01	4.858095171428571804e-11	7.986366628571430143e-13
1.153948800000000052e-01	4.851504142857143676e-11	8.067925971428572009e-13
1.150834300000000143e-01	4.838638914285713879e-11	7.954398928571428731e-13
1.147719700000000148e-01	4.826963442857142652e-11	8.021593699999999867e-13
1.144605099999999875e-01	4.812632385714286156e-11	8.205464071428571758e-13
1.141490599999999966e-01	4.799936542857142364e-11	7.922623142857144375e-13
1.138376000000000110e-01	4.783564428571428950e-11	7.878007114285714337e-13
1.135261400000000115e-01	4.774397014285713452e-11	8.053225899999998448e-13
1.132146899999999928e-01	4.764082571428571110e-11	7.996665928571429605e-13
1.129032199999999986e-01	4.752330814285715276e-11	7.928831285714286682e-13
1.125917700000000077e-01	4.734902599999999672e-11	7.998027557142857060e-13
1.122803100000000082e-01	4.723099357142857391e-11	8.038698428571429406e-13
1.119688499999999809e-01	4.713804114285714678e-11	7.936043157142857645e-13
1.116573999999999900e-01	4.701016199999999761e-11	8.075297157142857569e-13
1.113459400000000044e-01	4.688830185714285272e-11	7.988046128571428289e-13
1.110344800000000048e-01	4.675722242857142696e-11	8.015311285714284916e-13
1.107230299999999862e-01	4.661757142857142910e-11	8.042611242857142851e-13
1.104115699999999867e-01	4.650586999999999680e-11	8.005637585714285912e-13
1.101001100000000010e-01	4.638744357142856626e-11	7.993001185714285532e-13
1.097886600000000101e-01	4.622903699999999815e-11	8.048476799999999619e-13
1.094771999999999829e-01	4.610370728571427953e-11	8.017075414285714499e-13
1.091657399999999833e-01	4.599601585714286146e-11	7.962864557142857526e-13
1.088542799999999977e-01	4.584737557142857333e-11	8.109069528571428053e-13
1.085428300000000068e-01	4.569026642857143035e-11	8.172646985714286689e-13
1.082313699999999795e-01	4.554542014285714163e-11	7.976926871428571402e-13
1.079199200000000164e-01	4.545091271428571512e-11	8.086970842857142847e-13
1.076084499999999944e-01	4.537212285714285642e-11	7.982344771428569978e-13
1.072970000000000035e-01	4.522573242857142619e-11	7.963870457142856787e-13
1.069855400000000040e-01	4.508906499999999938e-11	8.134620685714285805e-13
1.066740800000000045e-01	4.496312728571428521e-11	8.105520914285713408e-13
1.063626299999999858e-01	4.473100357142856893e-11	8.111363142857143226e-13
1.060511700000000002e-01	4.449706528571428432e-11	8.133516814285714759e-13
1.057397100000000006e-01	4.448606400000000875e-11	8.151399628571428800e-13
1.054282600000000097e-01	4.438162142857143720e-11	8.119283242857142911e-13
1.051167999999999825e-01	4.414679985714285643e-11	8.114170914285714588e-13
1.048053399999999968e-01	4.412469342857142603e-11	8.152760857142856832e-13
1.044938900000000059e-01	4.403886042857143092e-11	8.086101685714285697e-13
1.041824199999999978e-01	4.389378799999999250e-11	8.164769557142857764e-13
1.038709700000000069e-01	4.373104200000000098e-11	8.068858485714286237e-13
1.035595099999999935e-01	4.365531499999999774e-11	8.005567399999999293e-13
1.032480499999999940e-01	4.349818571428571413e-11	8.131552528571428494e-13
1.029366000000000031e-01	4.340023271428572128e-11	8.062049157142857745e-13
1.026251400000000036e-01	4.318381171428571262e-11	8.115952185714285096e-13
1.023136800000000041e-01	4.312538842857142356e-11	8.151939799999998973e-13
1.020022299999999993e-01	4.301795185714285559e-11	8.243079000000000484e-13
1.016907699999999998e-01	4.292652642857143107e-11	8.038309457142857254e-13
1.013793100000000003e-01	4.274816942857142991e-11	8.049409585714286183e-13
1.010678599999999816e-01	4.262803514285714416e-11	8.105333042857143041e-13
1.007563900000000012e-01	4.244155242857143431e-11	8.103914742857144822e-13
1.004449399999999964e-01	4.232402914285713714e-11	8.139938285714284643e-13
1.001334799999999969e-01	4.228023414285714298e-11	8.039874885714286639e-13
9.982202900000000656e-02	4.215239514285714600e-11	8.150072557142857549e-13
9.951056499999999527e-02	4.193799957142856913e-11	8.107103614285714845e-13
9.919911600000000385e-02	4.182310442857142531e-11	8.175350342857143036e-13
9.888765200000000644e-02	4.161756400000000335e-11	8.105301285714285828e-13
9.857619600000000482e-02	4.153212800000000476e-11	8.086168985714285570e-13
9.826473900000000372e-02	4.140509871428571311e-11	8.102453942857143274e-13
9.795328200000000263e-02	4.132265228571427613e-11	8.153033514285713966e-13
9.764182600000000101e-02	4.116970157142856194e-11	8.130167157142856506e-13
9.733036899999999991e-02	4.102087657142856736e-11	8.166830299999998808e-13
9.701891199999999882e-02	4.091907428571428517e-11	8.039056471428572442e-13
9.670744800000000141e-02	4.087768514285714203e-11	8.054460242857143884e-13
9.639599899999999610e-02	4.072536657142857280e-11	8.023578857142858040e-13
9.608453499999999869e-02	4.062353828571428852e-11	8.106573985714287037e-13
9.577308599999999339e-02	4.049317428571428151e-11	8.047533614285712908e-13
9.546162199999999598e-02	4.033648757142856908e-11	8.049954642857142236e-13
9.515017300000000455e-02	4.016046728571428233e-11	8.033575357142856986e-13
9.483870899999999327e-02	4.004903242857142301e-11	8.244089785714286636e-13
9.452725200000000605e-02	3.992338457142856621e-11	8.154821457142856667e-13
9.421579500000000496e-02	3.984867142857142469e-11	8.156640442857142460e-13
9.390433900000000333e-02	3.968444171428570711e-11	8.168929414285714793e-13
9.359288200000000224e-02	3.955538228571428420e-11	8.143571142857143405e-13
9.328142600000000062e-02	3.941558928571428191e-11	7.970134571428571877e-13
9.296996899999999953e-02	3.931322285714285525e-11	8.047149357142856177e-13
9.265850500000000212e-02	3.909292614285714204e-11	8.033370057142855200e-13
9.234705599999999681e-02	3.908208985714285185e-11	8.140238614285713976e-13
9.203559199999999940e-02	3.893980614285713673e-11	8.121686442857142405e-13
9.172414199999999462e-02	3.880243400000000058e-11	8.193621414285714099e-13
9.141267799999999721e-02	3.864648214285714391e-11	8.069705000000000298e-13
9.110122900000000579e-02	3.853951928571428118e-11	8.190829042857141731e-13
9.078976499999999450e-02	3.841573485714285959e-11	8.151291971428570989e-13
9.047830799999999341e-02	3.826401214285714342e-11	8.112290371428571141e-13
9.016685200000000566e-02	3.814706042857142729e-11	8.163422185714286508e-13
8.985539500000000457e-02	3.797474200000000298e-11	8.157482614285714301e-13
8.954393900000000295e-02	3.784659671428571334e-11	7.995995971428571931e-13
8.923248200000000185e-02	3.773249828571428674e-11	8.165826571428572170e-13
8.892102500000000076e-02	3.761693728571428822e-11	8.072355642857142799e-13
8.860956899999999914e-02	3.747234371428571287e-11	8.155010414285714355e-13
8.829811199999999805e-02	3.734056014285714583e-11	8.266943128571428529e-13
8.798664800000000064e-02	3.719147485714285931e-11	8.138463571428570846e-13
8.767519899999999533e-02	3.708792957142857261e-11	8.158199257142856136e-13
8.736373499999999792e-02	3.697250700000000225e-11	8.132161871428571598e-13
8.705228600000000649e-02	3.687944400000000172e-11	8.124350100000000473e-13
8.674082199999999521e-02	3.675908000000000294e-11	8.098500000000000278e-13
8.642936499999999411e-02	3.658790714285714205e-11	8.176655399999999583e-13
8.611790800000000690e-02	3.645294585714285980e-11	8.125862257142857220e-13
8.580645200000000528e-02	3.634858285714285668e-11	8.137169257142857386e-13
8.549499500000000418e-02	3.622728742857142433e-11	8.202171114285714530e-13
8.518353800000000309e-02	3.604735128571428731e-11	8.067666228571428566e-13
8.487208200000000147e-02	3.596582257142857278e-11	8.234322357142856191e-13
8.456062500000000037e-02	3.582726142857142880e-11	8.066804828571428911e-13
8.424916899999999875e-02	3.568815928571428272e-11	8.110170900000001696e-13
8.393770500000000134e-02	3.553962814285714136e-11	8.023963442857143590e-13
8.362625499999999656e-02	3.542426828571429103e-11	8.220941200000001002e-13
8.331479099999999915e-02	3.533042714285714527e-11	8.099590957142856623e-13
8.300334199999999385e-02	3.515432099999999613e-11	7.956932328571429270e-13
8.269187799999999644e-02	3.507382042857142896e-11	8.266324499999999832e-13
8.238042900000000501e-02	3.491169314285714238e-11	8.117765357142857055e-13
8.206896499999999373e-02	3.477438328571428082e-11	8.010670642857141734e-13
8.175750800000000651e-02	3.466073714285714714e-11	8.073284871428572878e-13
8.144605200000000489e-02	3.454396428571428246e-11	8.133379742857142819e-13
8.113459500000000379e-02	3.439687971428571672e-11	8.159921914285713228e-13
8.082313800000000270e-02	3.426871499999999652e-11	8.080651328571427887e-13
8.051168200000000108e-02	3.417682800000000277e-11	8.111995628571429708e-13
8.020022499999999999e-02	3.405251628571428373e-11	8.136992528571428519e-13
7.988876100000000258e-02	3.396511971428571655e-11	8.090677971428571224e-13
7.957731199999999727e-02	3.382711385714286033e-11	8.056754357142857326e-13
7.926584799999999986e-02	3.367773014285714376e-11	8.064594685714285231e-13
7.895439899999999456e-02	3.355924042857143159e-11	8.042728028571427896e-13
7.864293499999999715e-02	3.342019157142856783e-11	8.124179128571428957e-13
7.833148500000000625e-02	3.327909971428571378e-11	8.180735728571428926e-13
7.802002099999999496e-02	3.311545971428571671e-11	8.114719442857142400e-13
7.770856499999999334e-02	3.298010428571428472e-11	8.216574671428571438e-13
7.739710800000000612e-02	3.284185314285714522e-11	8.062072371428572738e-13
7.708565100000000503e-02	3.269096614285714940e-11	8.086422800000002212e-13
7.677419500000000341e-02	3.257613771428571498e-11	8.161257742857143561e-13
7.646273800000000231e-02	3.247223299999999533e-11	8.108319699999999754e-13
7.615128200000000069e-02	3.234214185714286172e-11	8.129750371428570947e-13
7.583982499999999960e-02	3.225241914285714105e-11	8.046273928571429286e-13
7.552836799999999851e-02	3.211736585714285739e-11	8.150907557142856909e-13
7.521691199999999689e-02	3.198752657142857213e-11	8.120236014285714782e-13
7.490544799999999948e-02	3.187457314285714088e-11	8.111969914285714282e-13
7.459399099999999838e-02	3.175515328571428622e-11	8.173977671428571917e-13
7.428253399999999729e-02	3.163189999999999651e-11	8.038894842857143002e-13
7.397107799999999567e-02	3.147125442857142192e-11	8.244441685714286009e-13
7.365962099999999457e-02	3.135661814285714342e-11	8.168622042857142086e-13
7.334816500000000683e-02	3.121222671428571038e-11	7.997909814285714810e-13
7.303670800000000574e-02	3.106833642857142422e-11	8.147834057142857811e-13
7.272525100000000464e-02	3.096031200000000133e-11	8.134975728571429129e-13
7.241379500000000302e-02	3.081233271428571996e-11	7.996830728571428207e-13
7.210233800000000193e-02	3.071581985714286028e-11	8.166880742857144213e-13
7.179088100000000083e-02	3.058384757142856511e-11	8.110079457142856856e-13
7.147942499999999921e-02	3.047387028571429421e-11	8.195585528571429903e-13
7.116796799999999812e-02	3.034164857142857142e-11	8.193092342857143063e-13
7.085651199999999650e-02	3.022116000000000408e-11	8.143912057142856608e-13
7.054504799999999909e-02	3.007328857142856548e-11	8.196181514285713491e-13
7.023359099999999799e-02	2.992242314285714339e-11	8.055268371428571911e-13
6.992213399999999690e-02	2.981934599999999745e-11	8.111772957142856015e-13
6.961067799999999528e-02	2.964641414285714220e-11	8.190806485714285386e-13
6.929922099999999419e-02	2.952614685714286368e-11	8.100738657142857365e-13
6.898776399999999309e-02	2.939984942857143252e-11	8.164490971428570800e-13
6.867630800000000535e-02	2.931105657142857677e-11	8.168307000000000649e-13
6.836485100000000426e-02	2.917595714285714393e-11	8.182290628571429057e-13
6.805339500000000263e-02	2.902921428571428155e-11	8.056124757142856579e-13
6.774193800000000154e-02	2.889858114285714202e-11	8.053825014285712875e-13
6.743048100000000045e-02	2.877118657142856890e-11	8.155355571428570932e-13
6.711902499999999883e-02	2.868361871428571591e-11	8.147232971428571481e-13
6.680756799999999773e-02	2.855321128571428387e-11	8.242480514285714443e-13
6.649610400000000032e-02	2.839208857142857301e-11	8.044012342857143662e-13
6.618464699999999923e-02	2.826427114285714329e-11	8.099433100000000529e-13
6.587319099999999761e-02	2.809742457142856921e-11	8.252116114285714879e-13
6.556173399999999651e-02	2.798634271428571333e-11	8.112754614285714494e-13
6.525027799999999489e-02	2.786004785714285786e-11	8.131209242857142955e-13
6.493882099999999380e-02	2.776005814285714284e-11	8.273536014285712725e-13
6.462736400000000658e-02	2.763458828571428539e-11	8.182236357142857861e-13
6.431590800000000496e-02	2.748995885714285067e-11	8.069307171428571228e-13
6.400445100000000387e-02	2.732687457142857387e-11	8.266096199999998905e-13
6.369299400000000277e-02	2.718042742857142708e-11	8.118670671428571131e-13
6.338153800000000115e-02	2.706815899999999705e-11	8.185946900000000504e-13
6.307008100000000006e-02	2.694483128571428381e-11	8.097249385714285387e-13
6.275862499999999844e-02	2.679551528571428368e-11	8.035580128571429285e-13
6.244716799999999735e-02	2.672231771428571237e-11	8.165047242857142997e-13
6.213570399999999994e-02	2.658552157142856945e-11	8.145062014285715710e-13
6.182424699999999884e-02	2.645803699999999930e-11	8.186445057142855535e-13
6.151279099999999722e-02	2.630483499999999835e-11	8.196693414285715360e-13
6.120133400000001000e-02	2.621268828571428395e-11	8.244547314285713414e-13
6.088987700000000197e-02	2.607137200000000056e-11	8.118108971428571412e-13
6.057842100000000729e-02	2.591398485714285866e-11	8.205115799999999473e-13
6.026696399999999926e-02	2.582210842857142582e-11	8.097460257142856913e-13
5.995550800000000458e-02	2.567613728571428562e-11	8.107615514285714694e-13
5.964405099999999654e-02	2.555965314285714541e-11	8.111656585714285523e-13
5.933259400000000239e-02	2.544584771428571670e-11	8.220917342857143502e-13
5.902113799999999383e-02	2.531770871428571132e-11	8.087404985714285183e-13
5.870968099999999967e-02	2.517383114285714540e-11	8.186174042857142495e-13
5.839822399999999858e-02	2.505770714285714176e-11	8.255648514285714534e-13
5.808676000000000117e-02	2.493239357142856793e-11	8.049881199999998700e-13
5.777530399999999261e-02	2.480270571428571511e-11	8.166457414285713549e-13
5.746384699999999845e-02	2.467165514285714146e-11	8.220822957142856444e-13
5.715238999999999736e-02	2.452670471428571208e-11	8.206594442857141946e-13
5.684093399999999574e-02	2.439056128571429049e-11	8.196774499999999386e-13
5.652947700000000852e-02	2.424683885714285913e-11	8.201807314285715153e-13
5.621802099999999303e-02	2.413591471428571673e-11	8.208446614285714204e-13
5.590656400000000581e-02	2.402578500000000313e-11	8.156950971428572228e-13
5.559510699999999778e-02	2.388329985714285579e-11	8.117476885714285363e-13
5.528365100000000310e-02	2.375440285714285874e-11	8.100822457142857676e-13
5.497219399999999506e-02	2.360561857142857473e-11	8.225309671428571198e-13
5.466073800000000038e-02	2.349424371428571450e-11	8.121823228571427888e-13
5.434928100000000623e-02	2.333717171428571551e-11	8.194352085714285189e-13
5.403782399999999819e-02	2.322570728571428109e-11	8.175355785714285689e-13
5.372635999999999384e-02	2.307290757142857005e-11	8.109614657142856731e-13
5.341490399999999916e-02	2.296725757142857040e-11	8.244470742857143078e-13
5.310344700000000501e-02	2.282817100000000104e-11	8.212893885714285864e-13
5.279198999999999697e-02	2.271815528571428539e-11	8.205455471428571034e-13
5.248053400000000229e-02	2.258373042857142841e-11	8.045917314285714492e-13
5.216907699999999426e-02	2.244280228571428484e-11	8.352041628571428987e-13
5.185762000000000704e-02	2.231017914285714362e-11	8.215869928571429606e-13
5.154616399999999155e-02	2.219737371428571379e-11	8.158941885714285732e-13
5.123470700000000433e-02	2.206396628571428510e-11	8.119700257142857432e-13
5.092325100000000271e-02	2.193565871428571161e-11	8.271371014285714016e-13
5.061179400000000161e-02	2.179647871428571422e-11	8.186814871428571486e-13
5.030033700000000746e-02	2.166159599999999659e-11	8.208542357142857891e-13
4.998888099999999890e-02	2.154694799999999520e-11	8.169231099999999744e-13
4.967741700000000149e-02	2.144575871428571468e-11	8.238820485714285791e-13
4.936596000000000040e-02	2.126490714285714363e-11	8.134725928571429927e-13
4.905450299999999930e-02	2.113703071428571216e-11	8.137916114285714215e-13
4.874304699999999768e-02	2.101095685714285824e-11	8.130171657142857084e-13
4.843158999999999659e-02	2.088419757142857059e-11	8.201670614285714395e-13
4.812013400000000191e-02	2.077107000000000027e-11	8.236901442857144353e-13
4.780867700000000081e-02	2.064132128571428657e-11	8.259245471428569536e-13
4.749721999999999972e-02	2.050986871428571027e-11	8.121908071428571139e-13
4.718576399999999810e-02	2.039319742857142672e-11	8.157886014285714121e-13
4.687430699999999700e-02	2.024440585714285786e-11	8.297683371428570531e-13
4.656285000000000285e-02	2.011897328571428965e-11	8.260876571428570841e-13
4.625139400000000123e-02	1.999152357142857184e-11	8.289348000000000274e-13
4.593993700000000013e-02	1.987004099999999938e-11	8.207031042857143362e-13
4.562848099999999851e-02	1.972499299999999764e-11	8.188067985714286811e-13
4.531701700000000110e-02	1.958880742857142918e-11	8.243092257142857115e-13
4.500556000000000001e-02	1.947663271428572091e-11	8.189825157142856735e-13
4.469410299999999892e-02	1.937216571428571592e-11	8.252019157142856783e-13
4.438264699999999729e-02	1.924119714285714114e-11	8.298987500000000134e-13
4.407119000000000314e-02	1.910761328571428496e-11	8.331870971428570234e-13
4.375973300000000205e-02	1.896105571428571324e-11	8.202865471428570335e-13
4.344827700000000043e-02	1.882290371428571151e-11	8.250208471428571137e-13
4.313681999999999933e-02	1.868933728571428797e-11	8.271630228571428928e-13
4.282536399999999771e-02	1.855212799999999726e-11	8.287155685714286427e-13
4.251390699999999662e-02	1.842142185714285760e-11	8.180890228571429256e-13
4.220245000000000246e-02	1.828950442857142631e-11	8.297262314285713357e-13
4.189099400000000084e-02	1.816753185714285857e-11	8.164164271428570424e-13
4.157953699999999975e-02	1.803919985714285487e-11	8.329859071428571855e-13
4.126807300000000234e-02	1.790875414285714271e-11	8.276013957142856910e-13
4.095661600000000124e-02	1.777607357142857485e-11	8.287907200000000174e-13
4.064515999999999962e-02	1.763348457142857411e-11	8.415091000000000014e-13
4.033370299999999853e-02	1.751607585714285590e-11	8.416158557142857795e-13
4.002224699999999691e-02	1.740488914285714282e-11	8.330673628571430001e-13
3.971079000000000275e-02	1.726797899999999548e-11	8.357981885714285053e-13
3.939933300000000166e-02	1.712337300000000009e-11	8.380678357142858319e-13
3.908787700000000004e-02	1.697640214285714180e-11	8.261909971428571841e-13
3.877641999999999894e-02	1.686184314285714009e-11	8.340838557142856658e-13
3.846496299999999785e-02	1.673825485714285733e-11	8.276453971428572592e-13
3.815350700000000317e-02	1.658722014285714411e-11	8.281689600000000804e-13
3.784205000000000207e-02	1.645255857142857007e-11	8.444929700000001285e-13
3.753059400000000045e-02	1.632282228571428934e-11	8.177379214285714909e-13
3.721913699999999936e-02	1.618473157142857454e-11	8.236803928571428475e-13
3.690767300000000195e-02	1.604857985714285784e-11	8.279945742857142985e-13
3.659621600000000086e-02	1.593614014285714201e-11	8.276112928571429272e-13
3.628475999999999924e-02	1.580522885714285831e-11	8.390242028571428186e-13
3.597330299999999814e-02	1.566524799999999937e-11	8.349130085714286127e-13
3.566184599999999705e-02	1.552768942857142996e-11	8.392806557142857553e-13
3.535039000000000237e-02	1.538884642857143001e-11	8.332585757142857172e-13
3.503893300000000127e-02	1.527725385714285399e-11	8.347455300000000373e-13
3.472747699999999965e-02	1.514356285714285865e-11	8.351988485714286466e-13
3.441601999999999856e-02	1.501504785714285594e-11	8.395758814285713390e-13
3.410456299999999746e-02	1.488174671428571754e-11	8.361385985714285972e-13
3.379310700000000278e-02	1.473312685714285731e-11	8.341585957142859168e-13
3.348165000000000169e-02	1.461014157142857044e-11	8.285977157142856425e-13
3.317019300000000059e-02	1.446213700000000191e-11	8.308880628571428016e-13
3.285872900000000318e-02	1.430997014285714592e-11	8.388635928571429196e-13
3.254727300000000156e-02	1.417604557142857241e-11	8.209322514285713142e-13
3.223581600000000047e-02	1.404937900000000110e-11	8.305143671428569947e-13
3.192435999999999885e-02	1.392208085714285774e-11	8.463471742857144034e-13
3.161290299999999776e-02	1.380699599999999975e-11	8.350299385714287020e-13
3.130144599999999666e-02	1.367016685714285716e-11	8.307418885714285403e-13
3.098999000000000198e-02	1.353749757142857161e-11	8.422761785714285655e-13
3.067853300000000089e-02	1.342554385714285682e-11	8.389290757142857181e-13
3.036707599999999979e-02	1.328994471428571342e-11	8.446011142857142064e-13
3.005561999999999817e-02	1.314098814285714140e-11	8.564522400000000519e-13
2.974416300000000055e-02	1.299934814285714403e-11	8.450209385714286136e-13
2.943270699999999546e-02	1.286952942857143031e-11	8.323436557142857011e-13
2.912124999999999783e-02	1.273143828571428623e-11	8.423306842857141708e-13
2.880979300000000021e-02	1.260400957142857247e-11	8.280840671428572045e-13
2.849832899999999933e-02	1.247979214285714164e-11	8.404006271428571089e-13
2.818687300000000118e-02	1.232864157142857133e-11	8.352177771428569944e-13
2.787541599999999661e-02	1.220907614285714406e-11	8.327776785714286136e-13
2.756395899999999899e-02	1.208495085714285504e-11	8.435415285714285607e-13
2.725250300000000084e-02	1.196967157142857210e-11	8.572924828571429586e-13
2.694104600000000321e-02	1.183439814285714383e-11	8.511136057142856014e-13
2.662958899999999865e-02	1.170719385714285617e-11	8.492704385714285341e-13
2.631813300000000050e-02	1.156094328571428557e-11	8.457262185714285587e-13
2.600667599999999940e-02	1.140824385714285652e-11	8.504862400000000146e-13
2.569522000000000125e-02	1.126425971428571466e-11	8.458446914285714725e-13
2.538376299999999669e-02	1.113745171428571345e-11	8.559612828571428158e-13
2.507230599999999907e-02	1.101007385714285641e-11	8.396550457142858130e-13
2.476085000000000091e-02	1.088661699999999778e-11	8.512900114285714993e-13
2.444938600000000004e-02	1.073500071428571553e-11	8.480505028571429172e-13
2.413792899999999894e-02	1.060100628571428726e-11	8.528381914285713256e-13
2.382647200000000132e-02	1.045889099999999985e-11	8.512634042857143307e-13
2.351501599999999970e-02	1.033524785714285644e-11	8.444701642857143442e-13
2.320355899999999860e-02	1.021896545714285830e-11	8.434034785714285379e-13
2.289210300000000045e-02	1.008111814285714345e-11	8.548476728571427894e-13
2.258064599999999936e-02	9.932602071428572067e-12	8.460413671428571163e-13
2.226918900000000173e-02	9.805017628571429843e-12	8.539323314285713611e-13
2.195773300000000011e-02	9.666662071428572092e-12	8.553212471428570236e-13
2.164627599999999902e-02	9.527573428571428956e-12	8.697093842857141579e-13
2.133481900000000139e-02	9.389441742857143773e-12	8.605412157142857073e-13
2.102336299999999977e-02	9.267122900000000662e-12	8.555250457142858252e-13
2.071190599999999868e-02	9.133440400000002155e-12	8.485596499999998698e-13
2.040045000000000053e-02	8.993566557142856500e-12	8.440395814285715192e-13
2.008898599999999965e-02	8.860086871428573265e-12	8.592951100000000689e-13
1.977752899999999855e-02	8.717409357142858614e-12	8.586492985714286701e-13
1.946607200000000093e-02	8.593634728571428134e-12	8.572182571428571171e-13
1.915461599999999931e-02	8.446031814285715270e-12	8.565806871428571615e-13
1.884315900000000168e-02	8.321253885714285616e-12	8.587815171428571062e-13
1.853170200000000059e-02	8.190076828571427782e-12	8.587373414285715469e-13
1.822024599999999897e-02	8.051636742857142286e-12	8.537992200000000718e-13
1.790878900000000135e-02	7.917240999999998859e-12	8.573283157142858068e-13
1.759733299999999973e-02	7.782482614285714182e-12	8.524777642857142544e-13
1.728587599999999863e-02	7.646902214285715452e-12	8.616250557142857545e-13
1.697441900000000101e-02	7.510704100000001050e-12	8.581687242857143330e-13
1.666296299999999939e-02	7.380967185714286082e-12	8.621796714285714515e-13
1.635150599999999829e-02	7.234260914285715765e-12	8.639238957142857112e-13
1.604004200000000088e-02	7.106265614285713369e-12	8.536679085714286099e-13
1.572858499999999979e-02	6.965395642857143646e-12	8.567838142857143055e-13
1.541712899999999817e-02	6.821225871428571417e-12	8.599148171428571090e-13
1.510567200000000054e-02	6.694929557142857032e-12	8.590252400000000249e-13
1.479421600000000239e-02	6.557523971428571757e-12	8.673741514285713528e-13
1.448276599999999935e-02	6.409839628571428898e-12	8.562402928571429055e-13
1.417130200000000020e-02	6.284413957142857399e-12	8.687396185714284210e-13
1.385983799999999933e-02	6.137343057142857588e-12	8.618440400000000210e-13
1.354838899999999922e-02	5.996159742857142764e-12	8.684066442857142680e-13
1.323692500000000008e-02	5.871938542857142828e-12	8.592951099999999679e-13
1.292547599999999998e-02	5.728076428571428551e-12	8.727968185714286070e-13
1.261401200000000257e-02	5.585492628571427584e-12	8.655414614285713921e-13
1.230256300000000073e-02	5.459068471428571783e-12	8.578416228571428182e-13
1.199109899999999986e-02	5.311336557142857154e-12	8.699576585714285910e-13
1.167964900000000028e-02	5.170272071428572103e-12	8.732895971428570538e-13
1.136818499999999940e-02	5.041219614285714496e-12	8.678883728571429036e-13
1.105673599999999930e-02	4.898773485714285614e-12	8.716507114285714248e-13
1.074527200000000016e-02	4.767848571428572288e-12	8.635110328571428766e-13
1.043382300000000006e-02	4.615860414285714436e-12	8.699251814285714064e-13
1.012235899999999918e-02	4.492155714285713775e-12	8.682573514285713747e-13
9.810894699999999496e-03	4.357038671428571595e-12	8.701103071428570470e-13
9.499445599999999795e-03	4.225979557142856733e-12	8.679129157142857777e-13
9.187981499999999316e-03	4.080966471428571078e-12	8.726206299999998705e-13
8.876532300000000014e-03	3.955952485714286031e-12	8.600745614285714893e-13
8.565068199999999535e-03	3.807131200000000849e-12	8.723009757142856923e-13
8.253619099999999834e-03	3.662332357142856404e-12	8.780787900000000594e-13
7.942154999999999354e-03	3.522199657142857138e-12	8.719825542857142808e-13
7.630705800000000052e-03	3.390979814285714163e-12	8.652126328571428741e-13
7.319241799999999173e-03	3.255559771428571152e-12	8.769477028571428236e-13
7.007792599999999872e-03	3.120368657142856848e-12	8.837370771428572761e-13
6.696328499999999392e-03	2.979514871428571854e-12	8.761713071428571966e-13
6.384879399999999691e-03	2.837746942857143097e-12	8.768402185714286016e-13
6.073415300000000079e-03	2.698148971428570948e-12	8.714701199999999496e-13
5.761966099999999910e-03	2.576270014285714411e-12	8.763931714285713485e-13
5.450502000000000298e-03	2.431434199999999870e-12	8.742375314285714592e-13
5.139038000000000286e-03	2.294791042857143101e-12	8.682566985714285792e-13
4.827588800000000117e-03	2.150402742857142917e-12	8.733323157142857253e-13
4.516124699999999638e-03	2.016355685714285924e-12	8.663518342857141608e-13
4.204675599999999937e-03	1.880998385714285523e-12	8.603619371428572873e-13
3.893211499999999457e-03	1.742343799999999998e-12	8.623776828571429458e-13
3.581762300000000156e-03	1.610146885714285867e-12	8.749049599999999532e-13
3.270298199999999676e-03	1.470188014285714197e-12	8.779574842857143639e-13
2.958849099999999975e-03	1.328542428571428528e-12	8.710944528571427445e-13
2.647384999999999929e-03	1.188121242857142843e-12	8.762589957142857360e-13
2.335935800000000194e-03	1.050857224285714234e-12	8.659381885714285163e-13
2.024471800000000182e-03	9.111587514285714246e-13	8.701037257142857341e-13
1.713022599999999796e-03	7.683223557142856940e-13	8.787050328571428217e-13
1.401558499999999968e-03	6.316359957142856989e-13	8.686618285714286309e-13
1.090094399999999922e-03	4.997617128571427642e-13	8.807626171428571083e-13
7.786452799999999752e-04	3.528125042857142538e-13	8.745978671428570461e-13
4.671812100000000264e-04	2.156704328571428643e-13	8.629852385714286283e-13
1.557320400000000086e-04	8.451412544285714039e-14	8.733276700000000036e-13
-1.557320400000000086e-04	-5.331457922857142299e-14	8.733042585714285275e-13
-4.671812100000000264e-04	-1.988155285714285773e-13	8.761739257142856410e-13
-7.786452799999999752e-04	-3.413692214285714651e-13	8.790454428571428126e-13
-1.090094399999999922e-03	-4.792062828571428727e-13	8.688272700000001453e-13
-1.401558499999999968e-03	-6.113356814285712793e-13	8.779364885714285945e-13
-1.713007700000000137e-03	-7.452292357142857958e-13	8.691331614285713514e-13
-2.024471800000000182e-03	-8.913665700000000672e-13	8.868679528571428893e-13
-2.335920899999999883e-03	-1.022568655714285630e-12	8.799746971428570976e-13
-2.647384999999999929e-03	-1.163982585714285617e-12	8.730434985714285725e-13
-2.958849099999999975e-03	-1.305528314285714343e-12	8.686982657142857588e-13
-3.270298199999999676e-03	-1.448162999999999875e-12	8.791866328571428507e-13
-3.581762300000000156e-03	-1.580590999999999803e-12	8.767415042857143532e-13
-3.893211499999999457e-03	-1.723552428571428478e-12	8.757705400000000424e-13
-4.204675599999999937e-03	-1.860918457142856884e-12	8.680431828571428877e-13
-4.516124699999999638e-03	-1.999080828571428704e-12	8.699491728571429548e-13
-4.827588800000000117e-03	-2.146475071428571311e-12	8.656896442857141697e-13
-5.139038000000000286e-03	-2.286108557142857071e-12	8.667558714285714456e-13
-5.450502000000000298e-03	-2.417128828571428580e-12	8.789697871428571150e-13
-5.761951199999999600e-03	-2.555749299999999889e-12	8.651215685714285988e-13
-6.073415300000000079e-03	-2.698617585714284964e-12	8.656545428571427914e-13
-6.384864399999999780e-03	-2.821599442857142837e-12	8.717764842857143118e-13
-6.696328499999999392e-03	-2.959697028571428530e-12	8.707641571428572523e-13
-7.007792599999999872e-03	-3.105280028571428920e-12	8.711609700000000104e-13
-7.319241799999999173e-03	-3.231559699999999842e-12	8.708346714285713777e-13
-7.630705800000000052e-03	-3.374946642857142695e-12	8.697539842857142565e-13
-7.942154999999999354e-03	-3.513112399999999933e-12	8.712931485714285042e-13
-8.253619099999999834e-03	-3.651287399999999998e-12	8.818340799999999619e-13
-8.565068199999999535e-03	-3.783711428571428888e-12	8.740324028571428592e-13
-8.876532300000000014e-03	-3.926414814285714900e-12	8.643339114285715423e-13
-9.187981499999999316e-03	-4.064618742857142523e-12	8.706428199999998850e-13
-9.499445599999999795e-03	-4.199974185714285805e-12	8.619589028571428905e-13
-9.810894699999999496e-03	-4.325231957142856509e-12	8.718821642857140662e-13
-1.012235899999999918e-02	-4.454561057142856610e-12	8.725332428571429163e-13
-1.043380799999999928e-02	-4.596550628571428828e-12	8.538027142857144244e-13
-1.074527200000000016e-02	-4.733231242857142265e-12	8.593928057142857869e-13
-1.105672100000000026e-02	-4.886282100000000461e-12	8.687464342857142443e-13
-1.136818499999999940e-02	-5.020695285714285391e-12	8.525582371428571436e-13
-1.167964900000000028e-02	-5.153875514285713792e-12	8.631768471428570371e-13
-1.199109899999999986e-02	-5.289886957142857713e-12	8.709517942857144210e-13
-1.230256300000000073e-02	-5.427825285714285494e-12	8.636785185714286134e-13
-1.261401200000000257e-02	-5.563993228571429285e-12	8.614157571428572111e-13
-1.292547599999999998e-02	-5.692935771428570318e-12	8.578026214285713091e-13
-1.323692500000000008e-02	-5.829844614285714481e-12	8.645045928571427696e-13
-1.354838899999999922e-02	-5.973320199999999547e-12	8.659201128571426755e-13
-1.385983799999999933e-02	-6.104360828571427948e-12	8.624184414285714149e-13
-1.417130200000000020e-02	-6.218532428571428172e-12	8.603100257142857170e-13
-1.448275099999999857e-02	-6.368687685714284549e-12	8.634968442857143570e-13
-1.479421600000000239e-02	-6.521771457142857683e-12	8.600560357142855908e-13
-1.510566500000000076e-02	-6.661254685714286285e-12	8.509987328571428472e-13
-1.541712899999999817e-02	-6.785763571428572177e-12	8.649452999999999778e-13
-1.572859299999999905e-02	-6.919098300000000101e-12	8.609445314285714067e-13
-1.604004200000000088e-02	-7.061673914285713282e-12	8.569145828571428133e-13
-1.635150599999999829e-02	-7.191604385714284958e-12	8.538035685714286465e-13
-1.666295500000000013e-02	-7.324942714285714960e-12	8.607502342857144525e-13
-1.697441900000000101e-02	-7.462667771428572252e-12	8.489080585714285229e-13
-1.728586899999999885e-02	-7.596948971428572248e-12	8.608766985714286652e-13
-1.759733299999999973e-02	-7.734225957142856796e-12	8.596251100000000281e-13
-1.790878200000000156e-02	-7.872593699999998987e-12	8.499305871428572280e-13
-1.822024599999999897e-02	-8.012286771428571104e-12	8.471930214285714469e-13
-1.853169500000000081e-02	-8.135460185714285743e-12	8.569307042857143019e-13
-1.884315900000000168e-02	-8.271621471428570856e-12	8.579796257142856364e-13
-1.915460800000000005e-02	-8.403432585714284421e-12	8.560641028571428579e-13
-1.946607200000000093e-02	-8.539062571428571409e-12	8.542200771428571304e-13
-1.977753599999999834e-02	-8.675028457142856815e-12	8.511344314285715150e-13
-2.008898599999999965e-02	-8.814983442857142778e-12	8.623694200000001194e-13
-2.040045000000000053e-02	-8.940221457142856935e-12	8.499022500000000301e-13
-2.071189899999999889e-02	-9.086831242857142616e-12	8.542241414285714687e-13
-2.102336299999999977e-02	-9.220874671428571712e-12	8.487397771428572673e-13
-2.133481200000000161e-02	-9.355635442857143249e-12	8.489501871428570356e-13
-2.164627599999999902e-02	-9.487008271428570355e-12	8.371137742857144077e-13
-2.195772500000000085e-02	-9.613216571428572731e-12	8.414007628571427675e-13
-2.226918900000000173e-02	-9.757262914285713338e-12	8.586630300000000715e-13
-2.258063899999999957e-02	-9.891113614285715237e-12	8.501494714285715377e-13
-2.289210300000000045e-02	-1.001669807142857260e-11	8.493933257142856854e-13
-2.320355199999999882e-02	-1.015336632857142892e-11	8.480992057142857834e-13
-2.351501599999999970e-02	-1.026501428571428523e-11	8.489890500000001588e-13
-2.382648000000000058e-02	-1.041694999999999834e-11	8.488959314285713726e-13
-2.413792899999999894e-02	-1.056499899999999893e-11	8.374238499999998800e-13
-2.444939299999999982e-02	-1.070451085714285532e-11	8.476513900000000431e-13
-2.476084200000000166e-02	-1.084457899999999844e-11	8.472481614285713896e-13
-2.507230599999999907e-02	-1.096915842857142821e-11	8.424503357142857883e-13
-2.538375600000000037e-02	-1.110525028571428622e-11	8.450102671428571410e-13
-2.569522000000000125e-02	-1.124051557142857109e-11	8.370534014285715095e-13
-2.600666899999999962e-02	-1.138177042857143037e-11	8.539812442857143283e-13
-2.631813300000000050e-02	-1.150744214285714447e-11	8.466145857142857723e-13
-2.662958199999999540e-02	-1.163654242857142964e-11	8.454424471428571566e-13
-2.694104600000000321e-02	-1.175345614285714161e-11	8.409658128571428088e-13
-2.725249499999999811e-02	-1.188348157142857285e-11	8.418190028571428947e-13
-2.756395899999999899e-02	-1.203176500000000048e-11	8.427956542857143540e-13
-2.787542299999999987e-02	-1.216315371428571255e-11	8.375830314285712341e-13
-2.818687300000000118e-02	-1.231095400000000045e-11	8.494752528571429410e-13
-2.849833699999999512e-02	-1.242081414285714257e-11	8.345630028571427690e-13
-2.880978599999999695e-02	-1.255038585714285749e-11	8.381185671428570846e-13
-2.912124999999999783e-02	-1.268046385714285612e-11	8.359978342857143085e-13
-2.943269899999999967e-02	-1.283970657142857063e-11	8.411117171428570556e-13
-2.974416300000000055e-02	-1.297608514285714064e-11	8.392548857142856618e-13
-3.005561199999999891e-02	-1.311206871428571366e-11	8.261393800000000377e-13
-3.036707599999999979e-02	-1.323877271428571300e-11	8.254447157142856861e-13
-3.067852600000000110e-02	-1.335496757142856875e-11	8.334627928571429048e-13
-3.098999000000000198e-02	-1.349234499999999990e-11	8.336472171428570322e-13
-3.130143900000000035e-02	-1.361926671428571341e-11	8.440332171428572668e-13
-3.161290299999999776e-02	-1.376866342857142942e-11	8.331581099999999552e-13
-3.192435200000000306e-02	-1.389751999999999994e-11	8.355931042857141849e-13
-3.223581600000000047e-02	-1.402193442857142817e-11	8.344232657142856852e-13
-3.254727999999999788e-02	-1.416023471428571374e-11	8.347638442857141198e-13
-3.285872900000000318e-02	-1.429170342857142837e-11	8.495241414285714988e-13
-3.317019300000000059e-02	-1.439952614285714469e-11	8.372601499999999945e-13
-3.348164299999999843e-02	-1.454928785714285652e-11	8.318630785714286409e-13
-3.379310700000000278e-02	-1.469771628571428546e-11	8.400616357142856775e-13
-3.410455600000000115e-02	-1.482347742857142690e-11	8.364528371428571545e-13
-3.441601999999999856e-02	-1.495939957142857259e-11	8.251288871428572005e-13
-3.472746899999999692e-02	-1.506661928571428656e-11	8.329503928571427666e-13
-3.503893300000000127e-02	-1.519531899999999894e-11	8.383890814285712496e-13
-3.535038199999999964e-02	-1.534094257142857110e-11	8.203669242857143032e-13
-3.566184599999999705e-02	-1.546364257142857097e-11	8.369910057142856712e-13
-3.597329600000000183e-02	-1.557547114285714105e-11	8.357354828571429122e-13
-3.628475999999999924e-02	-1.573185499999999830e-11	8.227887214285713102e-13
-3.659622399999999665e-02	-1.585585071428571264e-11	8.327302214285714249e-13
-3.690767300000000195e-02	-1.599721071428571478e-11	8.268808799999999492e-13
-3.721913699999999936e-02	-1.610751457142857067e-11	8.427978900000000173e-13
-3.753058599999999773e-02	-1.623801114285714117e-11	8.427485214285713440e-13
-3.784205000000000207e-02	-1.636521914285714549e-11	8.307156042857143402e-13
-3.815349900000000044e-02	-1.648949528571428596e-11	8.261750342857143557e-13
-3.846496299999999785e-02	-1.663389371428571658e-11	8.235355214285713530e-13
-3.877641300000000263e-02	-1.675474785714285589e-11	8.224486699999998929e-13
-3.908787700000000004e-02	-1.688218599999999929e-11	8.216944314285714910e-13
-3.939932599999999840e-02	-1.702550028571428575e-11	8.273587828571428879e-13
-3.971079000000000275e-02	-1.715911199999999992e-11	8.353836685714284656e-13
-4.002223900000000112e-02	-1.728627428571428757e-11	8.382852171428570575e-13
-4.033370299999999853e-02	-1.744359757142857331e-11	8.373989528571428706e-13
-4.064516700000000288e-02	-1.756737700000000171e-11	8.262488599999999662e-13
-4.095661600000000124e-02	-1.769448214285714352e-11	8.255697957142857343e-13
-4.126807999999999865e-02	-1.781609014285714310e-11	8.279039199999999368e-13
-4.157953000000000343e-02	-1.794709814285714383e-11	8.229618142857143109e-13
-4.189099400000000084e-02	-1.808601242857143003e-11	8.280914300000000162e-13
-4.220244299999999921e-02	-1.820158671428571362e-11	8.312059657142856682e-13
-4.251390699999999662e-02	-1.836091057142856843e-11	8.320501885714284894e-13
-4.282535600000000192e-02	-1.847271414285714347e-11	8.291323999999999942e-13
-4.313681999999999933e-02	-1.859220528571428761e-11	8.270201314285713700e-13
-4.344826899999999770e-02	-1.872822400000000185e-11	8.378034128571428787e-13
-4.375973300000000205e-02	-1.885770114285714291e-11	8.258202828571427325e-13
-4.407118299999999989e-02	-1.900089914285714300e-11	8.272770571428571598e-13
-4.438264699999999729e-02	-1.912570285714285848e-11	8.237583099999999289e-13
-4.469411100000000164e-02	-1.922633699999999973e-11	8.202637914285714800e-13
-4.500556000000000001e-02	-1.937227571428571480e-11	8.227361857142856910e-13
-4.531702399999999742e-02	-1.950409871428571424e-11	8.289131399999999638e-13
-4.562847300000000272e-02	-1.964006714285714144e-11	8.400354299999999500e-13
-4.593993700000000013e-02	-1.977167271428571558e-11	8.271766214285714555e-13
-4.625138599999999850e-02	-1.990607042857143112e-11	8.245335457142857143e-13
-4.656285000000000285e-02	-2.002156371428571642e-11	8.145590485714285591e-13
-4.687430000000000069e-02	-2.017779157142856763e-11	8.250276771428572597e-13
-4.718576399999999810e-02	-2.029562628571428296e-11	8.244642399999999463e-13
-4.749721300000000340e-02	-2.041920585714285425e-11	8.312254342857142470e-13
-4.780867700000000081e-02	-2.050730699999999846e-11	8.245334042857142012e-13
-4.812012599999999918e-02	-2.066780728571428287e-11	8.187293299999999424e-13
-4.843158999999999659e-02	-2.082192414285714331e-11	8.359171400000000216e-13
-4.874303900000000189e-02	-2.095629028571428258e-11	8.312806528571428642e-13
-4.905450299999999930e-02	-2.109826714285714021e-11	7.793156399999999826e-13
-4.936596800000000312e-02	-2.119560628571428576e-11	8.214191200000001056e-13
-4.967741700000000149e-02	-2.131144257142856873e-11	8.189987085714285742e-13
-4.998888099999999890e-02	-2.146196614285714544e-11	8.095495942857143416e-13
-5.030032999999999033e-02	-2.158647242857142822e-11	8.329872857142857017e-13
-5.061179400000000161e-02	-2.169846971428571489e-11	8.132839328571428553e-13
-5.092324299999999304e-02	-2.184597799999999902e-11	8.368222642857142713e-13
-5.123470700000000433e-02	-2.197477985714285737e-11	8.104347428571427645e-13
-5.154615599999999576e-02	-2.209247799999999722e-11	8.168764685714285786e-13
-5.185762000000000704e-02	-2.222624100000000180e-11	8.151462071428571035e-13
-5.216906999999999794e-02	-2.235279557142857147e-11	8.100940085714286959e-13
-5.248053400000000229e-02	-2.245251842857142948e-11	8.233434314285715176e-13
-5.279198300000000066e-02	-2.263144171428571828e-11	8.055853614285714432e-13
-5.310344700000000501e-02	-2.275718000000000139e-11	8.230230957142856963e-13
-5.341491099999999548e-02	-2.291447899999999894e-11	8.232600885714285267e-13
-5.372635999999999384e-02	-2.303681271428571675e-11	8.115019685714287008e-13
-5.403782399999999819e-02	-2.317698557142857344e-11	8.164247814285714540e-13
-5.434927299999999656e-02	-2.327848242857142153e-11	8.130541999999999547e-13
-5.466073800000000038e-02	-2.339627600000000349e-11	8.123603471428572606e-13
-5.497218699999999181e-02	-2.352910714285714200e-11	8.061200828571430140e-13
-5.528365100000000310e-02	-2.364329857142857058e-11	8.143235971428570403e-13
-5.559509999999999452e-02	-2.379137085714285718e-11	8.132025099999999226e-13
-5.590656400000000581e-02	-2.388864485714285550e-11	8.110754357142856894e-13
-5.621801299999999724e-02	-2.401671257142856817e-11	8.111413457142856495e-13
-5.652947700000000852e-02	-2.414561871428571242e-11	8.117850528571429124e-13
-5.684092599999999995e-02	-2.427116285714285462e-11	8.183569128571428969e-13
-5.715238999999999736e-02	-2.442995057142857142e-11	8.150568042857142697e-13
-5.746385499999999424e-02	-2.452693814285714338e-11	8.157406414285714136e-13
-5.777530399999999261e-02	-2.467404828571428839e-11	8.175265628571428893e-13
-5.808676799999999696e-02	-2.481111514285714216e-11	8.089077228571428141e-13
-5.839821700000000920e-02	-2.492303442857142904e-11	8.123686171428571475e-13
-5.870968099999999967e-02	-2.507678714285714091e-11	8.081980571428571762e-13
-5.902112999999999804e-02	-2.519741557142857274e-11	8.210121185714286126e-13
-5.933259400000000239e-02	-2.532029214285714210e-11	8.194036442857143606e-13
-5.964404300000000075e-02	-2.544388485714285645e-11	8.047012571428572713e-13
-5.995550800000000458e-02	-2.556244714285714270e-11	8.248917257142857244e-13
-6.026695699999999600e-02	-2.569952757142857527e-11	8.132364900000000904e-13
-6.057842100000000729e-02	-2.581144242857143379e-11	8.260833285714285816e-13
-6.088986999999999872e-02	-2.593817657142857146e-11	8.083198128571429295e-13
-6.120133400000001000e-02	-2.608313142857142920e-11	8.139857299999999464e-13
-6.151279800000000048e-02	-2.624594671428571551e-11	8.161696285714283590e-13
-6.182424699999999884e-02	-2.635660942857142983e-11	8.020933871428570004e-13
-6.213571100000000319e-02	-2.646129142857142968e-11	8.178999542857142867e-13
-6.244716000000000156e-02	-2.662286085714285928e-11	8.259861671428571433e-13
-6.275862499999999844e-02	-2.673575171428571253e-11	8.147435471428571247e-13
-6.307007400000000374e-02	-2.690956242857143235e-11	8.148590771428570116e-13
-6.338153800000000115e-02	-2.703657185714285447e-11	8.206477042857142635e-13
-6.369298700000000646e-02	-2.715786328571428451e-11	8.121503857142857342e-13
-6.400445100000000387e-02	-2.727648085714286069e-11	8.094190714285714390e-13
-6.431589999999999530e-02	-2.740662685714285819e-11	8.135093471428572389e-13
-6.462736400000000658e-02	-2.752021757142857607e-11	8.211944514285713128e-13
-6.493881299999999801e-02	-2.763224542857142874e-11	8.082785757142856560e-13
-6.525027799999999489e-02	-2.777014171428571212e-11	8.114722371428571508e-13
-6.556172700000000020e-02	-2.791088628571428216e-11	8.069851600000000914e-13
-6.587319099999999761e-02	-2.805322785714285643e-11	8.137723657142857535e-13
-6.618465499999999502e-02	-2.816691985714285526e-11	8.161333085714285367e-13
-6.649610400000000032e-02	-2.828547671428571580e-11	8.173911000000000430e-13
-6.680756799999999773e-02	-2.840344842857142944e-11	8.135392942857143362e-13
-6.711901700000000304e-02	-2.855794328571428514e-11	8.072547714285714176e-13
-6.743048100000000045e-02	-2.868125871428571712e-11	8.107286157142857545e-13
-6.774193000000000575e-02	-2.882765457142857306e-11	8.199136271428569762e-13
-6.805339500000000263e-02	-2.895913100000000180e-11	7.984695571428572344e-13
-6.836484399999999406e-02	-2.909368228571428325e-11	8.023908042857142709e-13
-6.867630800000000535e-02	-2.918531000000000502e-11	8.128093528571429003e-13
-6.898775699999999678e-02	-2.930735942857142672e-11	8.141866314285714127e-13
-6.929922099999999419e-02	-2.942817500000000188e-11	8.061646357142857059e-13
-6.961066999999999949e-02	-2.956091914285714186e-11	8.153229685714285489e-13
-6.992213399999999690e-02	-2.968817285714285316e-11	8.103167657142857011e-13
-7.023359799999999431e-02	-2.981321285714285643e-11	8.024136042857143059e-13
-7.054504799999999909e-02	-2.998306014285714048e-11	8.148660957142856736e-13
-7.085651199999999650e-02	-3.010393314285714228e-11	7.977126828571429381e-13
-7.116796100000000180e-02	-3.019818671428570635e-11	8.105227485714286241e-13
-7.147942499999999921e-02	-3.034179614285714033e-11	8.100352628571428442e-13
-7.179087400000000452e-02	-3.043907742857142996e-11	8.131618742857143065e-13
-7.210233800000000193e-02	-3.053214199999999913e-11	8.073759214285714791e-13
-7.241378699999999335e-02	-3.071011199999999660e-11	7.960710157142856656e-13
-7.272525100000000464e-02	-3.085556414285714417e-11	8.235438242857142227e-13
-7.303669999999999607e-02	-3.099156857142856952e-11	8.001332900000000458e-13
-7.334816500000000683e-02	-3.111892442857143002e-11	8.344858842857144343e-13
-7.365961399999999826e-02	-3.126784399999999522e-11	8.075879228571428907e-13
-7.397107799999999567e-02	-3.137997942857143248e-11	8.151362928571429223e-13
-7.428254199999999308e-02	-3.149902614285714307e-11	8.046826228571427415e-13
-7.459399099999999838e-02	-3.159975042857142981e-11	8.040437342857142842e-13
-7.490545499999999579e-02	-3.176458128571428092e-11	8.080560257142857258e-13
-7.521690400000000110e-02	-3.188607314285714260e-11	8.111882942857142789e-13
-7.552836799999999851e-02	-3.203779842857142799e-11	8.156866257142857074e-13
-7.583981800000000328e-02	-3.215148885714285817e-11	8.134760600000000108e-13
-7.615128200000000069e-02	-3.229431500000000203e-11	8.168833285714286814e-13
-7.646273100000000600e-02	-3.237965628571428797e-11	8.188170171428572717e-13
-7.677419500000000341e-02	-3.250765642857142944e-11	8.042542014285714447e-13
-7.708564399999999484e-02	-3.260222657142857597e-11	8.111284471428570869e-13
-7.739710800000000612e-02	-3.275132157142857777e-11	8.077360771428570227e-13
-7.770855699999999755e-02	-3.288421757142857300e-11	8.106904442857141590e-13
-7.802002099999999496e-02	-3.302506142857143252e-11	8.164425100000001188e-13
-7.833148500000000625e-02	-3.316548514285714022e-11	8.075257814285715340e-13
-7.864293499999999715e-02	-3.331092628571428789e-11	8.129785142857141994e-13
-7.895439899999999456e-02	-3.344881614285714177e-11	7.997736828571428018e-13
-7.926584799999999986e-02	-3.358034985714286161e-11	8.195923714285714720e-13
-7.957731199999999727e-02	-3.369135071428570950e-11	8.166808857142858026e-13
-7.988876100000000258e-02	-3.383444314285714230e-11	8.079740685714286144e-13
-8.020022499999999999e-02	-3.397154142857143032e-11	8.083735199999999900e-13
-8.051167400000000529e-02	-3.408417457142856730e-11	8.111338985714286159e-13
-8.082313800000000270e-02	-3.415895242857143646e-11	8.073541428571428998e-13
-8.113458799999999360e-02	-3.430838642857142716e-11	8.013926514285714082e-13
-8.144605200000000489e-02	-3.444224157142856871e-11	8.116409385714285075e-13
-8.175750099999999632e-02	-3.457154057142856840e-11	7.945080914285714548e-13
-8.206896499999999373e-02	-3.473133442857142634e-11	8.041944557142858235e-13
-8.238041399999999903e-02	-3.486874671428571467e-11	8.139975071428571975e-13
-8.269187799999999644e-02	-3.498667928571428640e-11	8.220640600000000344e-13
-8.300334199999999385e-02	-3.511354600000000048e-11	8.038098428571429388e-13
-8.331479099999999915e-02	-3.523915528571428020e-11	8.052797471428572110e-13
-8.362625499999999656e-02	-3.537517699999999940e-11	8.149885699999999861e-13
-8.393770500000000134e-02	-3.549145014285714383e-11	8.079163742857142760e-13
-8.424916899999999875e-02	-3.564230814285714876e-11	8.185384328571429315e-13
-8.456061800000000406e-02	-3.573330671428571437e-11	8.043631014285714019e-13
-8.487208200000000147e-02	-3.585399985714285768e-11	7.971752514285714388e-13
-8.518353100000000677e-02	-3.596275800000000019e-11	8.036216299999999340e-13
-8.549499500000000418e-02	-3.608372271428571291e-11	8.025270585714286016e-13
-8.580644399999999561e-02	-3.620918814285714200e-11	8.103864942857142934e-13
-8.611790800000000690e-02	-3.638622671428571236e-11	8.016094842857141322e-13
-8.642935799999999780e-02	-3.651855114285713949e-11	8.116172742857142648e-13
-8.674082199999999521e-02	-3.665241814285714595e-11	8.085317128571427703e-13
-8.705228600000000649e-02	-3.675834199999999051e-11	7.980052642857142561e-13
-8.736373499999999792e-02	-3.685604485714285212e-11	8.040666814285712787e-13
-8.767519899999999533e-02	-3.702137657142857254e-11	7.969376571428570518e-13
-8.798664800000000064e-02	-3.712565442857142981e-11	8.042100128571428737e-13
-8.829811199999999805e-02	-3.725800171428571528e-11	8.032353542857141959e-13
-8.860956100000000335e-02	-3.741274999999999444e-11	8.035675057142857986e-13
-8.892102500000000076e-02	-3.748310585714285064e-11	7.980520842857141822e-13
-8.923247500000000554e-02	-3.760661028571428508e-11	8.015445557142857865e-13
-8.954393900000000295e-02	-3.775510214285714574e-11	7.966434271428572033e-13
-8.985538799999999438e-02	-3.786302500000000042e-11	8.076304157142857264e-13
-9.016685200000000566e-02	-3.801337385714285385e-11	8.116849599999999459e-13
-9.047830099999999709e-02	-3.820197171428571817e-11	8.116918914285713598e-13
-9.078976499999999450e-02	-3.832729671428571148e-11	8.141335814285713839e-13
-9.110122900000000579e-02	-3.843036457142857466e-11	7.986294785714286319e-13
-9.141267799999999721e-02	-3.854701185714285727e-11	8.048479742857142848e-13
-9.172414199999999462e-02	-3.865154385714285455e-11	8.154869700000000196e-13
-9.203559199999999940e-02	-3.878650671428571837e-11	8.039885571428570213e-13
-9.234705599999999681e-02	-3.892113671428570645e-11	8.105949957142859060e-13
-9.265850500000000212e-02	-3.908589614285713576e-11	8.056877485714285745e-13
-9.296996899999999953e-02	-3.913434899999999493e-11	7.972142000000000949e-13
-9.328141800000000483e-02	-3.923828471428571955e-11	8.077707099999998851e-13
-9.359288200000000224e-02	-3.941344185714285725e-11	8.215216071428571937e-13
-9.390433099999999367e-02	-3.948933585714285349e-11	7.972677114285713772e-13
-9.421579500000000496e-02	-3.965401471428572025e-11	8.117132257142858326e-13
-9.452724499999999586e-02	-3.976359771428571877e-11	8.088351499999998405e-13
-9.483870899999999327e-02	-3.988588414285714158e-11	8.083393757142857157e-13
-9.515017300000000455e-02	-3.998472228571428972e-11	8.062254199999999297e-13
-9.546162199999999598e-02	-4.015441099999999851e-11	8.008324428571429721e-13
-9.577308599999999339e-02	-4.032805328571428254e-11	8.074550528571428693e-13
-9.608453499999999869e-02	-4.045009471428571255e-11	7.977532785714286119e-13
-9.639599899999999610e-02	-4.059419814285714736e-11	8.075380014285714796e-13
-9.670744800000000141e-02	-4.071493671428571684e-11	8.109081585714285406e-13
-9.701891199999999882e-02	-4.086144814285713938e-11	8.020853399999998224e-13
-9.733036200000000360e-02	-4.101389071428571557e-11	8.080605428571428451e-13
-9.764182600000000101e-02	-4.113176357142856901e-11	8.130713028571429566e-13
-9.795327500000000631e-02	-4.124817542857141917e-11	8.100082028571428946e-13
-9.826473900000000372e-02	-4.135482728571428331e-11	7.979531071428570806e-13
-9.857618799999999515e-02	-4.147751828571428768e-11	8.007780942857142108e-13
-9.888765200000000644e-02	-4.157845142857143027e-11	8.056267414285712380e-13
-9.919910099999999786e-02	-4.169702342857142856e-11	7.998851442857142151e-13
-9.951056499999999527e-02	-4.181189728571428915e-11	8.023480585714284668e-13
-9.982202900000000656e-02	-4.198082314285714540e-11	8.049684728571428619e-13
-1.001334799999999969e-01	-4.211775514285714404e-11	8.124992814285714623e-13
-1.004449399999999964e-01	-4.222106242857142905e-11	8.116973028571428455e-13
-1.007563900000000012e-01	-4.237703500000000089e-11	7.989322571428571573e-13
-1.010678599999999816e-01	-4.246494728571429110e-11	8.074870914285713937e-13
-1.013793100000000003e-01	-4.260058328571429123e-11	7.928507328571428813e-13
-1.016907699999999998e-01	-4.274543571428571898e-11	8.038591085714286293e-13
-1.020022200000000046e-01	-4.283888414285714162e-11	8.024429814285714176e-13
-1.023136800000000041e-01	-4.302157228571429046e-11	7.992275757142857383e-13
-1.026251299999999950e-01	-4.311767314285713848e-11	8.161443285714285974e-13
-1.029366000000000031e-01	-4.321185871428572146e-11	7.914791099999999467e-13
-1.032480400000000131e-01	-4.337081699999999461e-11	8.049312371428570881e-13
-1.035595099999999935e-01	-4.351548528571428397e-11	8.015364157142858131e-13
-1.038709700000000069e-01	-4.361579728571428796e-11	7.850436171428571604e-13
-1.041824199999999978e-01	-4.378649885714285789e-11	7.948988442857143700e-13
-1.044938900000000059e-01	-4.395935585714285710e-11	7.890928971428570557e-13
-1.048053399999999968e-01	-4.400650185714285989e-11	8.060255785714285503e-13
-1.051167999999999825e-01	-4.416136300000000411e-11	8.015230728571428411e-13
-1.054282500000000011e-01	-4.423513200000000151e-11	7.971846385714286027e-13
-1.057397100000000006e-01	-4.442480271428570991e-11	8.014203928571427990e-13
-1.060511600000000054e-01	-4.455803400000000162e-11	7.981488257142857213e-13
-1.063626299999999858e-01	-4.464966285714285952e-11	7.978775299999999565e-13
-1.066740800000000045e-01	-4.474008428571428608e-11	8.042351514285713530e-13
-1.069855400000000040e-01	-4.491015357142856257e-11	8.038852099999998609e-13
-1.072969899999999949e-01	-4.496597999999999375e-11	7.940274485714286308e-13
-1.076084499999999944e-01	-4.509552885714285357e-11	8.027072171428571660e-13
-1.079199200000000164e-01	-4.526540942857143424e-11	8.044885142857142022e-13
-1.082313699999999795e-01	-4.538103771428571669e-11	8.046439328571429042e-13
-1.085428300000000068e-01	-4.544980614285714191e-11	7.971002242857141273e-13
-1.088542799999999977e-01	-4.560990385714285884e-11	7.944060757142858078e-13
-1.091657399999999833e-01	-4.577435057142857890e-11	8.056916371428571058e-13
-1.094771900000000020e-01	-4.580132699999999653e-11	7.958539328571428982e-13
-1.097886600000000101e-01	-4.601382371428571133e-11	8.047967057142856253e-13
-1.101001100000000010e-01	-4.616679114285715130e-11	8.144084842857143688e-13
-1.104115699999999867e-01	-4.629178842857142025e-11	8.118462814285715457e-13
-1.107230299999999862e-01	-4.639505600000000498e-11	7.983471357142856739e-13
-1.110344699999999962e-01	-4.653031071428570147e-11	7.993024728571428334e-13
-1.113459299999999957e-01	-4.669490642857143646e-11	8.014958499999998942e-13
-1.116573999999999900e-01	-4.676202528571427874e-11	8.096139542857142148e-13
-1.119688599999999895e-01	-4.690603299999999387e-11	8.114583071428572481e-13
-1.122803200000000168e-01	-4.704322699999999511e-11	7.831789242857142803e-13
-1.125917599999999991e-01	-4.718660128571428713e-11	7.996315442857141323e-13
-1.129032199999999986e-01	-4.731101457142857438e-11	8.056389371428571781e-13
-1.132146899999999928e-01	-4.743202514285715871e-11	7.882468914285715541e-13
-1.135261500000000201e-01	-4.757863428571428270e-11	8.075864600000000517e-13
-1.138375799999999938e-01	-4.769233085714285190e-11	8.090008771428573063e-13
-1.141490500000000019e-01	-4.781988942857143569e-11	8.113974828571427790e-13
-1.144605099999999875e-01	-4.797333742857143001e-11	7.872537799999999029e-13
-1.147719799999999957e-01	-4.809606328571428025e-11	8.056241514285714392e-13
-1.150834099999999971e-01	-4.819273057142856440e-11	8.124383699999999472e-13
-1.153948800000000052e-01	-4.832258057142856551e-11	7.900955528571429169e-13
-1.157063399999999909e-01	-4.848363385714285249e-11	8.117002771428571403e-13
-1.160178000000000181e-01	-4.859889257142858005e-11	8.134332057142857774e-13
-1.163292699999999985e-01	-4.867760157142857279e-11	7.942631471428571669e-13
-1.166406999999999999e-01	-4.879656999999999955e-11	7.929701728571428847e-13
-1.169521699999999942e-01	-4.893637585714286086e-11	8.151228571428571549e-13
-1.172636299999999937e-01	-4.908664742857143105e-11	8.083950099999999958e-13
-1.175750899999999932e-01	-4.920350328571428548e-11	8.037657828571429702e-13
-1.178865300000000033e-01	-4.932377785714285853e-11	8.033196042857143629e-13
-1.181979900000000028e-01	-4.940878314285715084e-11	7.793609814285714357e-13
-1.185094599999999970e-01	-4.949222028571428779e-11	8.101808385714283732e-13
-1.188209199999999965e-01	-4.960977357142856350e-11	7.893409700000000622e-13
-1.191323499999999980e-01	-4.980750742857142844e-11	7.956481385714285920e-13
-1.194438200000000061e-01	-4.995828485714286436e-11	8.025340071428570616e-13
-1.197552799999999917e-01	-5.013587585714285631e-11	8.173295342857143203e-13
-1.200667499999999999e-01	-5.019576214285714980e-11	7.991321514285713898e-13
-1.203782099999999994e-01	-5.032022671428571176e-11	7.856515528571427997e-13
-1.206896500000000094e-01	-5.045199871428571084e-11	8.140970300000001783e-13
-1.210011099999999951e-01	-5.055356100000000958e-11	7.922902557142857418e-13
-1.213125699999999946e-01	-5.075422271428571668e-11	7.962334200000000466e-13
-1.216240400000000027e-01	-5.087426700000000218e-11	8.001812885714286756e-13
-1.219354700000000041e-01	-5.100448828571427530e-11	7.916340428571428848e-13
-1.222469399999999984e-01	-5.111518500000001248e-11	7.973434657142856194e-13
-1.225583999999999979e-01	-5.122448314285713714e-11	7.829146314285714425e-13
-1.228698599999999974e-01	-5.137690742857142537e-11	7.940990685714285347e-13
-1.231812999999999797e-01	-5.152911028571428276e-11	8.004520600000000453e-13
-1.234927600000000070e-01	-5.162729028571428386e-11	8.009618671428571567e-13
-1.238042300000000012e-01	-5.178653414285714096e-11	7.969354728571427284e-13
-1.241156900000000007e-01	-5.190524800000000812e-11	7.931022614285715082e-13
-1.244271500000000003e-01	-5.204323085714285752e-11	8.078115614285714524e-13
-1.247385900000000103e-01	-5.219353271428571613e-11	7.913824371428571974e-13
-1.250500499999999959e-01	-5.231468442857142694e-11	7.960138028571428548e-13
-1.253615200000000041e-01	-5.242265342857143080e-11	7.978377914285714300e-13
-1.256729799999999897e-01	-5.261073471428571353e-11	7.922684485714287187e-13
-1.259844200000000136e-01	-5.270364185714285650e-11	7.900672142857142059e-13
-1.262958799999999993e-01	-5.285237828571428390e-11	7.964783500000000117e-13
-1.266073400000000126e-01	-5.292926557142857518e-11	8.012761171428572127e-13
-1.269188099999999930e-01	-5.301549571428570884e-11	7.964226528571428930e-13
-1.272302399999999944e-01	-5.321483985714285664e-11	7.994853242857142804e-13
-1.275417100000000026e-01	-5.334508185714285785e-11	8.020994014285715557e-13
-1.278531699999999882e-01	-5.342798285714286648e-11	8.058415971428571174e-13
-1.281646300000000016e-01	-5.346355957142856955e-11	7.891173128571428404e-13
-1.284760699999999978e-01	-5.357210357142856929e-11	7.857314128571428357e-13
-1.287875300000000112e-01	-5.375422585714285654e-11	8.068451442857142178e-13
-1.290989999999999915e-01	-5.385125785714286702e-11	7.901257771428571901e-13
-1.294104600000000049e-01	-5.403599385714286055e-11	8.019307257142856166e-13
-1.297219199999999906e-01	-5.409200628571428925e-11	7.913792099999999342e-13
-1.300333599999999867e-01	-5.424097942857142726e-11	7.856952314285715004e-13
-1.303448200000000001e-01	-5.441307400000000645e-11	7.962964128571428012e-13
-1.306562900000000083e-01	-5.450380328571428784e-11	7.950231185714287119e-13
-1.309677499999999939e-01	-5.466946585714285699e-11	7.997868557142857161e-13
-1.312791899999999901e-01	-5.477437299999999950e-11	7.918070957142857412e-13
-1.315906500000000035e-01	-5.484006314285714100e-11	8.029960999999999816e-13
-1.319021099999999891e-01	-5.493833714285713821e-11	8.020680485714286076e-13
-1.322135799999999972e-01	-5.516946628571428777e-11	8.103562857142857550e-13
-1.325250099999999986e-01	-5.528030799999999879e-11	8.107965099999999225e-13
-1.328364800000000068e-01	-5.532520428571428571e-11	7.932663242857143045e-13
-1.331479399999999924e-01	-5.541092028571428437e-11	7.984174685714286468e-13
-1.334594000000000058e-01	-5.555609599999999519e-11	8.067944428571429219e-13
-1.337708699999999862e-01	-5.568850928571427999e-11	8.022184828571428845e-13
-1.340822999999999876e-01	-5.579237999999999294e-11	7.861732414285713553e-13
-1.343937699999999957e-01	-5.595837800000000703e-11	8.103982957142857519e-13
-1.347052300000000091e-01	-5.609904257142857612e-11	7.904712871428571968e-13
-1.350166899999999948e-01	-5.612155028571427647e-11	7.915117671428571746e-13
-1.353281299999999909e-01	-5.630275700000000382e-11	7.947078100000000822e-13
-1.356395900000000043e-01	-5.647525414285714403e-11	8.036288357142858007e-13
-1.359510600000000125e-01	-5.663147428571428434e-11	7.866536742857142802e-13
-1.362625199999999981e-01	-5.673988757142857651e-11	8.060524585714285575e-13
-1.365739599999999943e-01	-5.687536799999999018e-11	8.020497171428571762e-13
-1.368854200000000076e-01	-5.697694114285714033e-11	7.873432514285714257e-13
-1.371968799999999933e-01	-5.712639099999999825e-11	7.867345714285715067e-13
-1.375083500000000014e-01	-5.724891771428571439e-11	7.890681471428571067e-13
-1.378198099999999870e-01	-5.737799228571428150e-11	7.812949728571427205e-13
-1.381312500000000110e-01	-5.749569428571428810e-11	7.922636999999999132e-13
-1.384427099999999966e-01	-5.756826328571429072e-11	7.990227400000000491e-13
-1.387541700000000100e-01	-5.769138385714285877e-11	7.780015771428569337e-13
-1.390656399999999904e-01	-5.785325571428570781e-11	7.972979142857142672e-13
-1.393770699999999918e-01	-5.802618542857143281e-11	7.884108728571427508e-13
-1.396885399999999999e-01	-5.818707499999999963e-11	8.008081428571427780e-13
-1.400000000000000133e-01	-5.823853542857143725e-11	7.910865585714286162e-13
